,KRP462
LINC01409,0.22449602
NOC2L,0.09784754
PERM1,0.0019369584
ENSG00000272512,0.009360743
HES4,0.05497098
ISG15,0.031854823
AGRN,0.35377416
RNF223,0.007057775
C1orf159,0.17605744
TNFRSF18,0.0040104864
TNFRSF4,0.0064412514
SDF4,0.115801856
B3GALT6,0.016233379
UBE2J2,0.14220168
ACAP3,0.15348624
PUSL1,0.010139566
INTS11,0.1760669
CPTP,0.023486773
DVL1,0.06798305
MXRA8,0.038703438
AURKAIP1,0.13361555
CCNL2,0.44455966
MRPL20,0.16234298
VWA1,0.10397561
ATAD3A,0.057506345
SSU72,0.16911349
SSU72-AS1,0.0025008554
FNDC10,0.004061007
ENSG00000272106,0.008572242
MIB2,0.1002619
MMP23B,0.0056589865
CDK11B,0.21980512
SLC35E2B,0.11604361
CDK11A,0.13002856
SLC35E2A,0.12597428
NADK,0.08724764
GNB1,0.78549707
GABRD,0.0006282776
PRKCZ,0.24780811
FAAP20,0.13950424
SKI,0.3703628
RER1,0.17273797
PEX10,0.03902194
PANK4,0.025494652
HES5,0.0
ENSG00000272449,0.0073876185
TNFRSF14-AS1,0.025774369
TNFRSF14,0.2546623
PRXL2B,0.03288703
MMEL1,0.0036826762
PRDM16,0.4687084
ENSG00000272235,0.0009381946
ARHGEF16,0.11410119
MEGF6,0.05142852
TPRG1L,0.048565432
WRAP73,0.039961617
SMIM1,0.009576189
LRRC47,0.0592602
CEP104,0.14811708
DFFB,0.05823344
C1orf174,0.046512794
NPHP4,0.13928184
KCNAB2,0.11102586
RPL22,0.14278412
ICMT,0.05144061
ACOT7,0.06839871
TNFRSF25,0.032082334
PLEKHG5,0.04283244
NOL9,0.16683823
ZBTB48,0.11371566
KLHL21,0.072212376
PHF13,0.044414323
THAP3,0.029664716
DNAJC11,0.37492335
CAMTA1,0.8063806
VAMP3,0.06960834
PER3,0.48733792
PARK7,0.14220712
ERRFI1,0.501732
RERE,1.7766703
ENO1,0.5002587
GPR157,0.07617112
MIR34AHG,0.10167695
H6PD,0.19394286
SPSB1,0.30343017
SLC25A33,0.2793593
PIK3CD,0.09012511
CLSTN1,0.33532104
CTNNBIP1,0.17357177
LZIC,0.086318694
NMNAT1,0.17761575
RBP7,0.019895375
UBE4B,0.5219967
KIF1B,0.6908302
PGD,0.07326945
CENPS,0.0
DFFA,0.12545212
PEX14,0.40624574
CASZ1,0.43317136
TARDBP,0.009601264
SRM,0.032315917
EXOSC10,0.13189518
MTOR,0.2745172
UBIAD1,0.04047132
FBXO2,0.02822023
FBXO44,0.06270515
FBXO6,0.016243896
MAD2L2,0.025208548
AGTRAP,0.075190805
C1orf167,0.008815073
MTHFR,0.24966004
CLCN6,0.103624694
KIAA2013,0.074652515
PLOD1,0.063118555
MFN2,0.12885241
MIIP,0.04925703
TNFRSF1B,0.07351688
VPS13D,0.817232
DHRS3,0.3849798
PDPN,0.010633516
PRDM2,0.47212124
KAZN,1.9242532
TMEM51,0.71015805
FHAD1,0.11349906
EFHD2,0.062144224
CASP9,0.11551897
DNAJC16,0.2129451
DDI2,0.23682278
PLEKHM2,0.2227454
SLC25A34,0.023388246
FBLIM1,0.13003074
SPEN-AS1,0.05277805
SPEN,0.67597735
ZBTB17,0.094422534
SRARP,0.002057035
HSPB7,0.0059339767
EPHA2,0.20234926
CPLANE2,0.0040176203
FBXO42,0.45099655
SZRD1,0.18105362
NECAP2,0.077801496
NBPF1,0.14810048
CROCC,0.28455022
ENSG00000238142,0.016225375
MFAP2,0.0040893485
ATP13A2,0.05776509
SDHB,0.19397971
PADI2,0.032089274
PADI4,0.0034183727
RCC2,0.09869823
ARHGEF10L,0.645342
IGSF21,0.017772775
ALDH4A1,0.0
IFFO2,0.090915315
UBR4,0.48305064
EMC1,0.057845943
MRTO4,0.046510242
AKR7A3,0.017164377
AKR7A2,0.048420858
SLC66A1,0.03604795
CAPZB,0.65005684
MICOS10,0.0
NBL1,0.033006664
TMCO4,0.39378577
OTUD3,0.096730985
PLA2G5,0.0012050087
CAMK2N1,0.17001581
MUL1,0.040208332
CDA,0.023248892
PINK1,0.08477967
PINK1-AS,0.017765235
DDOST,0.087088466
KIF17,0.020457577
HP1BP3,0.5397384
EIF4G3,1.1758678
ECE1,0.38503492
NBPF3,0.074114755
ALPL,0.055767227
USP48,0.43639266
HSPG2,0.4988753
CDC42,0.4841282
WNT4,0.0061494005
ZBTB40,0.13458024
C1QA,0.0073093623
C1QC,0.0036894402
C1QB,0.00730073
EPHB2,0.2011988
KDM1A,0.25076753
LUZP1,0.51516694
HNRNPR,0.35628435
ZNF436,0.014562181
TCEA3,0.19855593
ASAP3,0.14329317
ID3,0.06722001
RPL11,0.38606438
ELOA,0.08087906
PITHD1,0.06534729
LYPLA2,0.08271509
GALE,0.090978585
HMGCL,0.11543986
FUCA1,0.108705215
PNRC2,0.15351969
SRSF10,0.46362138
STPG1,0.07007223
NIPAL3,0.18619569
RCAN3,0.113749824
SRRM1,0.43802544
CLIC4,0.71550244
RUNX3,0.03097364
SYF2,0.08653348
RSRP1,0.6956396
TMEM50A,0.13678247
MACO1,0.2681058
LDLRAP1,0.06424952
MAN1C1,0.249661
ENSG00000233478,0.017316272
SELENON,0.013097134
MTFR1L,0.1040529
PAQR7,0.2117587
STMN1,0.053631827
PAFAH2,0.069702
PDIK1L,0.027210841
FAM110D,0.012679895
ZNF593OS,0.000588901
ZNF593,0.048556447
CEP85,0.042537853
SH3BGRL3,0.10447687
UBXN11,0.08779061
CD52,0.005679408
DHDDS,0.15944162
HMGN2,0.1970008
RPS6KA1,0.14217599
ARID1A,0.586386
PIGV,0.01980919
ZDHHC18,0.04445764
SFN,0.047660224
GPN2,0.09876087
GPATCH3,0.031502686
NUDC,0.20331648
KDF1,0.020832228
TRNP1,0.07183092
SLC9A1,0.14329581
WDTC1,0.19432382
TMEM222,0.06987628
SYTL1,0.030119019
MAP3K6,0.047620624
FCN3,0.013898165
CD164L2,0.0010193314
WASF2,0.5227079
AHDC1,0.19596328
FGR,0.01905325
IFI6,0.03438511
FAM76A,0.11079515
STX12,0.33544037
PPP1R8,0.064969085
THEMIS2,0.03741382
RPA2,0.075951815
XKR8,0.009634881
EYA3,0.5144433
PTAFR,0.041852105
DNAJC8,0.130967
ATP5IF1,0.20308957
ENSG00000270605,0.03260135
MED18,0.013469793
PHACTR4,0.88381267
RCC1,0.10403367
TRNAU1AP,0.16233449
SNHG12,0.049806565
TAF12,0.1294601
RAB42,0.001417121
GMEB1,0.15495288
YTHDF2,0.2818579
EPB41,0.603007
TMEM200B,0.0063431268
SRSF4,0.8028172
MECR,0.103037685
PTPRU,0.077931434
LAPTM5,0.028046792
SDC3,0.07789891
PUM1,0.9398652
NKAIN1,0.010052131
SNRNP40,0.11820543
ZCCHC17,0.1794458
FABP3,0.02682648
SERINC2,0.29181793
TINAGL1,0.23007493
PEF1,0.0668069
COL16A1,0.027912179
PTP4A2,0.23497307
KHDRBS1,0.50567114
TMEM39B,0.07967398
KPNA6,0.4072097
TXLNA,0.12306877
CCDC28B,0.01587523
IQCC,0.0074704294
TMEM234,0.051395718
EIF3I,0.109445855
FAM167B,0.021546086
LCK,0.020165753
HDAC1,0.17344493
MARCKSL1,0.053000342
FAM229A,0.024108775
BSDC1,0.21893516
ZBTB8A,0.028741915
ZBTB8OS,0.30153137
RBBP4,0.2738073
SYNC,0.04725681
NHSL3,0.2592331
YARS1,0.15941156
S100PBP,0.27406907
TMEM54,0.04681523
RNF19B,0.1633016
AK2,0.26925594
ZNF362,0.12780452
PHC2,0.3882941
SMIM12,0.08876015
GJA4,0.016280422
ENSG00000284773,0.026036607
ZMYM6,0.0038850727
ZMYM1,0.14883316
SFPQ,0.76076835
ZMYM4,0.8148615
KIAA0319L,0.63550854
TFAP2E-AS1,0.0016910745
PSMB2,0.11940983
C1orf216,0.0049738516
CLSPN,0.0053999433
AGO4,0.2902609
AGO1,0.097106315
AGO3,0.6971821
ADPRS,0.06848099
COL8A2,0.007812618
TRAPPC3,0.07597801
MAP7D1,0.09627953
THRAP3,0.6110156
SH3D21,0.031072164
EVA1B,0.068143226
STK40,0.2400152
LSM10,0.02180588
OSCP1,0.07216097
MRPS15,0.03759099
CSF3R,0.014648716
LITATS1,0.050063025
ZC3H12A,0.092332944
MEAF6,0.11716597
SNIP1,0.081250735
DNALI1,0.07034479
GNL2,0.075207494
AIRIM,0.02011864
CDCA8,0.004643969
YRDC,0.014291813
C1orf122,0.06795121
MTF1,0.12079251
INPP5B,0.33020443
SF3A3,0.11108288
FHL3,0.014423495
UTP11,0.04032891
RRAGC,0.07850386
MYCBP,0.012991489
RHBDL2,0.060929663
AKIRIN1,0.2701106
NDUFS5,0.17057149
MACF1,1.7769597
PABPC4,0.18256739
HEYL,0.0123688765
PPIE,0.08605881
TRIT1,0.15424603
MFSD2A,0.07852125
CAP1,0.26561815
PPT1,0.068815365
RLF,0.50739837
ZMPSTE24-DT,0.010935796
ZMPSTE24,0.1581671
COL9A2,0.028475102
SMAP2,0.1430192
ZNF684,0.08467097
RIMS3,0.010853855
NFYC,0.38973424
CITED4,0.026023956
CTPS1,0.084586695
SCMH1,0.9429451
HIVEP3,0.5296793
FOXJ3,0.5836271
PPCS,0.08778719
CCDC30,0.60464704
PPIH,0.0757732
YBX1,0.21441676
P3H1,0.040132314
C1orf50,0.0001883369
SVBP,0.020793011
ERMAP,0.091814555
ZNF691,0.023608368
SLC2A1,0.13042326
CFAP144,0.013115463
EBNA1BP2,0.2671155
TMEM125,0.03510579
C1orf210,0.012708702
TIE1,0.050820917
ELOVL1,0.052309796
MED8,0.038563818
SZT2,0.20470501
HYI,0.067826435
PTPRF,0.3200813
KDM4A,0.0
ST3GAL3,0.015574124
ARTN,0.0014336472
IPO13,0.042510457
DPH2,0.0155384755
ATP6V0B,0.17416908
B4GALT2,0.039180417
CCDC24,0.12036701
SLC6A9,0.019549336
DMAP1,0.09893514
ERI3,0.42209384
RNF220,0.0765939
TMEM53,0.084951214
KIF2C,0.009361748
RPS8,0.3918384
PLK3,0.12981975
BTBD19,0.0923614
EIF2B3,0.25275832
HECTD3,0.03890887
UROD,0.0356785
MUTYH,0.061503485
TOE1,0.026502233
PRDX1,0.25260732
AKR1A1,0.1946291
NASP,0.2953365
CCDC17,0.0071833734
GPBP1L1,0.5147416
TMEM69,0.030958844
IPP,0.17570604
MAST2,0.29779625
PIK3R3,0.025845326
TSPAN1,0.24846205
POMGNT1,0.11139089
LURAP1,0.124577165
LRRC41,0.19265822
UQCRH,0.22114733
NSUN4,0.14511442
FAAH,0.13916446
MKNK1,0.17748567
MOB3C,0.0
ATPAF1,0.14093973
EFCAB14,0.22910133
CYP4B1,0.03645115
TAL1,0.022784702
CMPK1,0.21985145
TRABD2B,0.9604857
SPATA6,0.4993873
ELAVL4,0.0036284318
FAF1,1.3009259
CDKN2C,0.004601367
RNF11,0.2790956
EPS15,0.6831556
OSBPL9,0.6299535
NRDC,0.5327078
TXNDC12,0.13524994
KTI12,0.0
BTF3L4,0.20470014
ZFYVE9,0.43588325
CC2D1B,0.08703945
PRPF38A,0.085269734
TUT4,0.7230072
GPX7,0.014271507
SHISAL2A,0.010843023
COA7,0.020453982
ZYG11B,0.2823597
ECHDC2,0.7017807
SCP2,0.36188173
PODN,0.0060146376
CPT2,0.054002784
CZIB,0.048479807
MAGOH,0.08184756
LRP8,0.018481912
NDC1,0.100666784
YIPF1,0.078006335
IFT25,0.13252182
LRRC42,0.060534462
TMEM59,0.28220758
TCEANC2,0.066425435
CYB5RL,0.0
MRPL37,0.053267296
SSBP3,0.6134783
ACOT11,0.5250696
TTC4,0.0019745724
DHCR24,0.12665044
TMEM61,0.018529648
USP24,0.63201016
PLPP3,0.5672422
OMA1,0.00050455675
TACSTD2,0.30291402
MYSM1,0.3058035
JUN,0.7164049
FGGY,0.84891945
NFIA,1.1261566
NFIA-AS2,0.00010583164
TM2D1,0.29045373
PATJ,1.7843275
USP1,0.054212317
DOCK7,0.46548355
ANGPTL3,0.0053979727
ATG4C,0.13880171
ALG6,0.07937877
ITGB3BP,0.22200143
EFCAB7,0.1283427
PGM1,0.15145355
CACHD1,0.27499092
JAK1,0.70571756
AK4,0.26344463
DNAJC6,0.19533616
LEPROT,0.00052910775
LEPR,0.25802642
PDE4B,0.14169657
SGIP1,0.62963206
MIER1,0.40216598
SERBP1,0.26541525
GADD45A,0.16413538
GNG12,0.47569916
WLS,0.42872417
LRRC40,0.14537308
SRSF11,0.74018013
ANKRD13C,0.36395103
ZRANB2,0.6796173
FPGT,0.0
FPGT-TNNI3K,0.0005125829
CRYZ,0.22763148
TYW3,0.10108444
ACADM,0.26470217
RABGGTB,0.069645725
ST6GALNAC3,0.524592
PIGK,0.15330824
ZZZ3,0.6197923
USP33,0.50423425
MIGA1,0.35564616
NEXN,0.064368315
FUBP1,0.41684437
DNAJB4,0.0030608412
GIPC2,0.21148415
ENSG00000273338,0.030070312
IFI44L,0.057827447
IFI44,0.080113985
ADGRL4,0.15463075
ADGRL2,0.5162873
TTLL7,0.12477671
PRKACB,0.29892832
RPF1,0.067086995
GNG5,0.1360604
SPATA1,0.060388118
CTBS,0.11208018
SSX2IP,0.09802019
C1orf52,0.112282425
BCL10,0.102625646
DDAH1,0.5890975
CCN1,0.19283879
ZNHIT6,0.25274247
ODF2L,0.4422976
SH3GLB1,0.2978225
SELENOF,0.257639
HS2ST1,0.2945199
LMO4,0.14316651
PKN2,0.83761287
GTF2B,0.18747596
KYAT3,0.19519775
RBMXL1,0.0
GBP3,0.05725445
GBP1,0.052408624
GBP2,0.07663105
GBP4,0.048756886
GBP5,0.006135294
LRRC8B,0.19827352
LRRC8C-DT,0.029283067
LRRC8C,0.0
LRRC8D,0.03740357
ZNF326,0.2585171
ZNF644,0.73173374
TGFBR3,0.5049488
BTBD8,0.111152366
GLMN,0.17131014
RPAP2,0.45509818
EVI5,0.75842625
RPL5,0.28725344
DIPK1A,0.1491869
MTF2,0.4057992
TMED5,0.1708699
CCDC18,0.11247907
DR1,0.09160636
FNBP1L,0.8595865
BCAR3,0.40255916
DNTTIP2,0.07113454
GCLM,0.07815102
ARHGAP29,1.2334855
ABCD3,0.5588672
F3,0.1870919
CNN3,0.47103646
ALG14,0.16101679
TLCD4,0.00029629457
PTBP2,0.688848
DPYD,0.9203178
SNX7,0.16176397
PALMD,0.12612216
AGL,0.18212818
SLC35A3,0.00020929553
MFSD14A,0.0061757276
TRMT13,0.1580356
DBT,0.16049077
RTCA-AS1,0.005565947
RTCA,0.12740149
CDC14A,0.40318438
VCAM1,0.27378112
EXTL2,0.117944814
SLC30A7,0.27578813
DPH5,0.07685412
DPH5-DT,0.100965895
S1PR1,0.015923692
RNPC3,0.5830286
PRMT6,0.013719588
VAV3,0.84344745
SLC25A24,0.19780837
EEIG2,0.083679795
HENMT1,0.007055572
PRPF38B,0.32795706
STXBP3,0.24784902
GPSM2,0.059766814
CLCC1,0.0
WDR47,0.09726361
TAF13,0.08623093
TMEM167B,0.04677755
SARS1,0.16092364
CELSR2,0.062306236
PSRC1,0.0022776418
SORT1,0.28466514
PSMA5,0.15634245
CYB561D1,0.03361656
AMIGO1,0.0063747163
GNAI3,0.35489315
AMPD2,0.05181845
GSTM4,0.049701683
GSTM1,0.0
GSTM5,0.002747687
GSTM3,0.10655423
CSF1,0.04035886
AHCYL1,0.32887337
STRIP1,0.082811415
KCNC4,0.18383396
RBM15,0.09669723
SLC16A4,0.1849019
LAMTOR5,0.14439403
CD53,0.02699023
LRIF1,0.074819684
DRAM2,0.1334068
CEPT1,0.20369533
ENSG00000273221,0.016307268
DENND2D,0.090535834
WDR77,0.04096378
ATP5PB,0.1359161
C1orf162,0.010638049
TMIGD3,0.0073628635
ADORA3,0.0
RAP1A,0.56262046
DDX20,0.031988684
CTTNBP2NL,0.35971594
WNT2B,0.16427681
ST7L,0.24779755
CAPZA1,0.40501645
MOV10,0.1419022
RHOC,0.1703914
PPM1J,0.0
SLC16A1,0.024682289
SLC16A1-AS1,0.10677044
LRIG2,0.2484711
MAGI3,0.96559364
PHTF1,0.18291609
RSBN1,0.17557164
PTPN22,0.049923997
AP4B1,0.031391144
DCLRE1B,0.0036116836
HIPK1-AS1,0.0037610035
HIPK1,0.19456668
OLFML3,0.0039819065
TRIM33,0.52068144
BCAS2,0.089032054
DENND2C,0.080372356
NRAS,0.06181928
CSDE1,0.42580745
SIKE1,0.061463997
TSPAN2,0.06201557
NGF,0.02560616
VANGL1,0.042891156
CASQ2,0.0012013407
SLC22A15,0.24522436
ATP1A1,1.1202012
CD58,0.41965848
CD2,0.014008898
PTGFRN,0.08110734
TTF2,0.08939505
TRIM45,0.016401865
VTCN1,0.0886734
MAN1A2,0.56992996
TENT5C,0.04263549
GDAP2,0.19149579
WDR3,0.047167856
WARS2,0.20384543
PHGDH,0.040623218
HMGCS2,0.054734275
NOTCH2,0.24229722
SEC22B,0.19123474
LINC00623,0.52153856
FCGR1BP,0.00047933141
SRGAP2C,0.23878166
LINC02591,0.072598904
LINC02802,0.00821724
NBPF15,0.16706426
SRGAP2B,0.2616934
ENSG00000276216,0.010560906
GPR89A,0.096744694
PDZK1,0.4225127
CD160,0.005175871
RNF115,0.6114473
POLR3C,0.0782321
NUDT17,0.005937911
PIAS3,0.053309876
ITGA10,0.027400145
PEX11B,0.04468498
RBM8A,0.12309739
LIX1L,0.042106878
POLR3GL,0.018045641
TXNIP,0.68260044
NOTCH2NLA,0.00017506335
NBPF12,0.24743572
PRKAB2,0.059143826
ENSG00000237188,0.16907437
FMO5,0.15230097
CHD1L,0.13777561
BCL9,0.18553619
ACP6,0.19278987
GJA5,0.03717573
NBPF11,0.16062325
NBPF14,0.12356586
PDE4DIP,0.5875363
NBPF9,0.099820785
ENSG00000274265,0.6861002
NBPF19,0.10448207
FCGR1A,0.0005314471
H2BC18,0.008919611
H2AC19,0.00010680465
H2AC20,0.0056058797
BOLA1,0.0124483565
SF3B4,0.05156968
MTMR11,0.030196916
OTUD7B,0.3676034
VPS45,0.29530284
PLEKHO1,0.048208755
ANP32E,0.113184825
APH1A,0.10108106
C1orf54,0.053063598
MRPS21,0.17648876
PRPF3,0.24935822
RPRD2,0.71612686
TARS2,0.0750854
ECM1,0.024889251
ADAMTSL4-AS2,0.06279734
MCL1,0.45242372
ENSA,0.47909352
GOLPH3L,0.17854446
CTSS,0.05132075
CTSK,0.021985034
ARNT,0.26420504
SETDB1,0.20103455
CERS2,0.09716061
ANXA9,0.021049822
MINDY1,0.07921129
C1orf56,0.081872426
CDC42SE1,0.16855894
MLLT11,0.011095307
GABPB2,0.33679232
TNFAIP8L2,0.0
SCNM1,0.048850063
LYSMD1,0.023792371
VPS72,0.06269224
PIP5K1A,0.73380303
PSMD4,0.13553175
ZNF687,0.023834174
PI4KB,0.21294717
RFX5,0.019659013
SELENBP1,0.10594637
PSMB4,0.06424498
POGZ,0.95620275
CGN,0.10930201
TUFT1,0.2600569
SNX27,0.21927108
MRPL9,0.03074082
OAZ3,0.0046465867
TDRKH,0.028178874
TDRKH-AS1,0.0047788536
THEM4,0.22115736
S100A10,0.376803
S100A11,0.46438769
TCHH,0.0033252
S100A9,0.04778087
S100A12,0.00017200357
S100A8,0.0026345348
S100A7,0.0
S100A6,1.0350559
S100A5,0.0013287466
S100A4,0.12723646
S100A16,0.08843514
S100A14,0.021226412
S100A13,0.27436
CHTOP,0.1807831
SNAPIN,0.031512834
ILF2,0.12305936
NPR1,0.07780776
INTS3,0.24962123
SLC27A3,0.047948662
GATAD2B,0.84403056
DENND4B,0.10809701
CRTC2,0.057561107
SLC39A1,0.06794837
CREB3L4,0.029042097
JTB,0.103884004
JTB-DT,0.0031028334
RAB13,0.10352598
RPS27,0.25085396
TPM3,0.35455942
C1orf43,0.1858213
UBAP2L,0.23644719
HAX1,0.059746213
ATP8B2,0.04425248
IL6R,0.25275475
SHE,0.05900745
UBE2Q1,0.05166428
ADAR,0.28253746
KCNN3,0.11962637
PMVK,0.06784392
PBXIP1,0.11057212
PYGO2,0.029781464
SHC1,0.023648443
CKS1B,0.014981226
FLAD1,0.04865182
ZBTB7B,0.05928643
ADAM15,0.08137199
EFNA4,0.0
EFNA3,0.0008323555
EFNA1,0.14412646
SLC50A1,0.039336875
DPM3,0.08045271
KRTCAP2,0.014321966
MUC1,0.03640411
THBS3,0.08691731
MTX1,0.032812383
GBA1,0.07518343
ENTREP3,0.028247762
SCAMP3,0.10286213
CLK2,0.109996125
FDPS,0.19710636
RUSC1,0.06765436
ASH1L,1.3760823
MSTO1,0.032765694
YY1AP1,0.2925591
DAP3,0.26591215
GON4L,0.50041413
SYT11,0.020834796
RIT1,0.09874362
KHDC4,0.29118195
ARHGEF2,0.15507832
SSR2,0.11313156
UBQLN4,0.07210003
LAMTOR2,0.055281848
RAB25,0.047450546
LMNA,0.9563434
SEMA4A,0.20912199
SLC25A44,0.12477983
PMF1,0.0
SMG5,0.19319536
TMEM79,0.014791996
GLMP,0.060762215
CCT3,0.13482434
MEF2D,0.20889574
NAXE,0.037542183
GPATCH4,0.045026083
NES,0.07308622
CRABP2,0.0064471434
ISG20L2,0.05979675
METTL25B,0.07892807
MRPL24,0.040288076
HDGF,0.16144747
PRCC,0.17551586
SH2D2A,0.011875237
PEAR1,0.020516463
ARHGEF11,0.3522829
ETV3,0.08519841
CD5L,0.0009374514
KIRREL1,0.37566933
CD1D,0.000824164
CD1C,0.0003576653
MNDA,0.0032362514
PYHIN1,0.02759178
IFI16,0.25227842
ACKR1,0.0055104056
FCER1A,0.001415448
ENSG00000228560,0.0040446394
APCS,0.054417837
DUSP23,0.0895707
FCRL6,0.0050055166
TAGLN2,0.27244067
PIGM,0.0
IGSF8,0.049184147
ATP1A2,0.007621133
PEA15,0.07063237
DCAF8,0.12062275
PEX19,0.0014362666
COPA,0.42258438
NCSTN,0.0929764
SLAMF6,0.0062125223
CD84,0.01017486
SLAMF1,0.011441271
CD48,0.005774742
SLAMF7,0.0069431076
LY9,0.0048611653
CD244,0.0019403993
ITLN1,0.00020378288
F11R,0.13715707
TSTD1,0.0006609734
USF1,0.04748478
ARHGAP30,0.038518637
NECTIN4,0.06387336
KLHDC9,0.015316936
PFDN2,0.15940078
NIT1,0.12241194
DEDD,0.09556413
UFC1,0.08603794
USP21,0.017851781
PPOX,0.048533987
B4GALT3,0.0529312
ADAMTS4,0.010940189
NDUFS2,0.12990248
FCER1G,0.0048087086
APOA2,0.0
TOMM40L,0.011104046
SDHC,0.27103478
FCGR2A,0.021549277
HSPA6,0.0076238527
FCGR3A,0.0065653212
FCGR3B,0.0012383291
FCGR2B,0.003259635
FCRLB,0.003006677
DUSP12,0.043143865
ATF6-DT,0.0007201075
ATF6,0.5699338
OLFML2B,0.0152328955
SH2D1B,0.0064806524
UHMK1,0.15680045
UAP1,0.123685226
DDR2,0.0865587
HSD17B7,0.059763294
RGS4,0.0032031278
RGS5,0.0
ENSG00000232995,0.0
PBX1,1.2467146
MGST3,0.34192514
ALDH9A1,0.07512699
TMCO1,0.20633447
UCK2,0.09543541
POGK,0.09072486
TADA1,0.04857034
POU2F1,0.6051609
CD247,0.056008022
CREG1,0.07255499
RCSD1,0.060412474
MPZL1,0.24132258
MPC2,0.09709277
DCAF6,0.5717818
GPR161,0.020671548
TIPRL,0.1188223
SFT2D2,0.169085
XCL2,0.0
DPT,0.011365209
ATP1B1,1.1078503
NME7,0.47873423
BLZF1,0.16446967
SLC19A2,0.21411899
F5,0.02756077
SELP,0.031594247
SELL,0.0048451507
METTL18,0.0065680495
SCYL3,0.115998745
KIFAP3,0.27945307
GORAB,0.055474494
FMO3,0.005391179
FMO2,0.018458467
FMO4,0.20335516
PRRC2C,1.0419669
VAMP4,0.058796033
METTL13,0.02806126
DNM3,0.60518414
DNM3OS,0.0142078325
PIGC,0.12826961
SUCO,0.31923652
PRDX6-AS1,0.19334576
PRDX6,0.18690461
KLHL20,0.32371962
CENPL,0.011633732
DARS2,0.04292763
ZBTB37,0.16507919
RC3H1,0.55301404
RABGAP1L,1.5673356
CACYBP,0.040365998
MRPS14,0.045156185
KIAA0040,0.11970674
COP1,0.8634211
SEC16B,0.089704104
RASAL2,1.005672
RALGPS2,0.6512216
ANGPTL1,0.051477
FAM20B,0.17681341
TOR3A,0.038865633
ABL2,0.5091821
SOAT1,0.1566133
TOR1AIP2,0.23837847
TOR1AIP1,0.16200028
ENSG00000260360,0.0015328279
CEP350,0.6290304
QSOX1,0.17074163
ACBD6,0.6003764
XPR1,0.70890194
STX6,0.13196269
MR1,0.06741463
IER5,0.031666428
GLUL,0.14932775
RNASEL,0.033513945
RGS16,0.0331305
NPL,0.14048564
DHX9,0.39705428
LAMC1,0.55944204
SMG7,0.43731079
NCF2,0.010281646
ARPC5,0.13460314
RGL1,0.3336921
TSEN15,0.12469436
C1orf21,0.21943249
EDEM3,0.23123823
NIBAN1,0.14812462
RNF2,0.16933629
TRMT1L,0.10108843
SWT1,0.1782155
IVNS1ABP,0.5957633
ENSG00000273004,0.0011014623
HMCN1,0.19555257
TPR,0.47662312
ODR4,0.23484156
PTGS2,0.032479413
RGS18,0.0043012053
RGS1,0.018647777
RGS13,0.0065045943
RGS2,0.09531148
UCHL5,0.10375062
RO60,0.19022386
GLRX2,0.028089091
CDC73,0.44102633
KCNT2,0.1076497
CFH,0.062618844
CFHR1,0.0
ZBTB41,0.08840633
DENND1B,0.55943865
NEK7,0.6718195
PTPRC,0.10580746
MIR181A1HG,0.110223606
NR5A2,0.046956122
ZNF281,0.07646827
DDX59,0.11640815
CAMSAP2,0.51854646
KIF21B,0.010936592
TMEM9,0.08550513
PKP1,0.005187913
PHLDA3,0.024348585
CSRP1,0.154674
NAV1,0.27851316
IPO9-AS1,0.05201186
IPO9,0.24184775
SHISA4,0.009746018
ENSG00000223774,0.0043572537
LMOD1,0.024512855
TIMM17A,0.107935004
RNPEP,0.1141077
ELF3,0.6961914
ARL8A,0.10292976
PTPN7,0.025639849
LGR6,0.01128717
UBE2T,0.006665381
PPP1R12B,0.6427377
KDM5B,0.44533917
PCAT6,0.002510817
RABIF,0.032399345
KLHL12,0.08750516
ADIPOR1,0.07555189
CYB5R1,0.054563586
TMEM183A,0.051638745
LINC01353,0.0011655062
BTG2-DT,0.0018356782
BTG2,0.37515485
PRELP,0.008427223
ATP2B4,0.39077073
LAX1,0.0076487637
ZC3H11A,0.00022454248
ZBED6,0.0
SNRPE,0.052460764
SOX13,0.19034901
ETNK2,0.045123972
PLEKHA6,0.5557041
PPP1R15B,0.1163509
PIK3C2B,0.144097
MDM4,0.6841638
NFASC,0.14858465
RBBP5,0.12048494
DSTYK,0.22776875
CDK18,0.13839677
ELK4,0.20895255
SLC45A3,0.01539262
NUCKS1,0.5824984
RAB29,0.08726266
SLC41A1,0.08418237
PM20D1,0.021614887
RHEX,0.48821774
FAM72A,0.007813149
SRGAP2,0.34516522
RASSF5,0.05248917
EIF2D,0.060183045
MAPKAPK2,0.44712898
IL10,0.00064576033
IL20,0.0
FCMR,0.0070727873
PFKFB2,0.14237224
YOD1,0.056806687
CD55,0.3575034
CR1,0.07939119
CD46,0.48439282
MIR29B2CHG,0.77298427
CD34,0.084053256
PLXNA2,0.29975507
G0S2,0.06985224
TRAF3IP3,0.017943436
IRF6,0.07682595
UTP25,0.05045218
SERTAD4-AS1,0.01673392
HHAT,0.24701017
RCOR3,0.49215344
TRAF5,0.12986352
LINC00467,0.17126404
SLC30A1,0.05995195
NEK2,0.0003007318
LPGAT1,0.50247645
INTS7,0.1012338
PPP2R5A,0.43970576
PACC1,0.06629062
NENF,0.11101859
ENSG00000260805,0.0153006185
ATF3,0.7638886
BATF3,0.0071112807
NSL1,0.15827724
TATDN3,0.122826844
FLVCR1,0.10623784
ANGEL2,0.15830314
RPS6KC1,0.47093087
SMYD2,0.1095624
PTPN14,0.9925051
CENPF,0.010277548
KCTD3,0.26275578
GPATCH2,0.5972218
RRP15,0.1104766
TGFB2,0.1453783
LYPLAL1,0.5698348
EPRS1,0.15427497
BPNT1,0.041062374
IARS2,0.1360741
RAB3GAP2,0.4912371
MARK1,0.22535303
C1orf115,0.038126126
MTARC2,0.27447006
MTARC1,0.076570936
HLX,0.018191451
DUSP10,0.046004232
TAF1A,0.026859162
MIA3,0.19951996
ENSG00000272750,0.0022024626
AIDA,0.07008417
BROX,0.124654226
DISP1,0.026388634
TLR5,0.06334741
SUSD4,0.27238655
CAPN8,0.17630263
CAPN2,0.43354684
TP53BP2,0.2494729
FBXO28,0.34013617
DEGS1,0.07534707
NVL,0.3295312
CNIH4,0.12447008
WDR26,0.44347724
DNAH14,0.72675025
LBR,0.21404321
ENAH,0.2684303
SRP9,0.13804154
EPHX1,0.0794853
ENSG00000242861,0.12029281
TMEM63A,0.21671395
PYCR2,0.0
SDE2,0.039576493
H3-3A,0.103065
ACBD3,0.31698346
PARP1,0.08778533
STUM,0.08292448
ITPKB,0.31126603
PSEN2,0.031576987
COQ8A,0.12982789
CDC42BPA,1.1408389
ZNF678,0.16271745
SNAP47,0.08403913
JMJD4,0.0205607
ARF1,0.27891603
C1orf35,0.055370376
MRPL55,0.06454325
GUK1,0.17851356
GJC2,0.006942587
IBA57,0.043623958
OBSCN,0.3186484
TRIM11,0.045053735
H2AC25,0.001864821
RNF187,0.053849455
RHOU,0.11162391
RAB4A,0.11799739
CCSAP,0.013375686
NUP133,0.15971944
ABCB10,0.09093987
TAF5L,0.065744355
URB2,0.025752882
LINC01736,0.0
GALNT2,0.5329311
COG2,0.11027516
AGT,0.008521021
C1orf198,0.042642567
TTC13,0.12709849
ARV1,0.051419046
FAM89A,0.042881094
C1orf131,0.06735589
GNPAT,0.15832633
EXOC8,0.024244357
SPRTN,0.043697737
EGLN1,0.33813828
ENSG00000233461,0.006356975
TSNAX,0.0
DISC1,0.210781
SIPA1L2,0.2518829
NTPCR,0.08953697
MAP3K21,0.32604256
COA6,0.027294977
TARBP1,0.1915709
LINC01354,0.00045896033
IRF2BP2,0.13433337
TOMM20,0.13526711
RBM34,0.001866087
ARID4B,1.0098348
GGPS1,0.0034318082
ENSG00000285053,0.0
TBCE,0.0
B3GALNT2,0.1651247
LYST,0.42898712
NID1,0.122023165
GPR137B,0.171709
ERO1B,0.16857126
EDARADD,0.09353777
LGALS8,0.13610712
ENSG00000273058,0.0027430123
HEATR1,0.15771638
MTR,0.79352725
RYR2,0.09087559
CHRM3,0.39468595
FH,0.036728937
OPN3,0.03531314
CHML,0.0
CEP170,0.3741917
SDCCAG8,0.76874053
AKT3,1.1370647
ZBTB18,0.07678702
ADSS2,0.2032486
DESI2,0.20100637
COX20,0.1528249
HNRNPU,0.90282756
EFCAB2,0.47839418
KIF26B,0.51529264
SMYD3,1.4611202
TFB2M,0.041155662
CNST,0.26954898
SCCPDH,0.24261364
AHCTF1,0.36237797
ZNF670,0.0
ZNF669,0.016932532
ZNF124,0.18900505
ENSG00000259865,0.065116815
ZNF496,0.12323327
NLRP3,0.0067901583
OR2M3,0.0
SH3BP5L,0.049630735
ZNF672,0.055371884
ZNF692,0.0984743
PGBD2,0.028078917
FAM110C,0.15456499
SH3YL1,0.33685407
ACP1,0.08470225
TMEM18,0.042147435
PXDN,0.13663489
ENSG00000232057,0.0
EIPR1,0.2847399
TRAPPC12,0.39561355
ADI1,0.10080274
RNASEH1,0.020860163
RNASEH1-DT,0.011768014
RPS7,0.3064409
COLEC11,0.01771966
CMPK2,0.012344015
RSAD2,0.031723917
ENSG00000271947,0.00042047165
RNF144A,0.17908914
LINC01871,0.0013659198
ID2,0.1400072
KIDINS220,0.5111131
MBOAT2,0.35549802
ASAP2,0.8723571
ITGB1BP1,0.16997038
CPSF3,0.0882653
IAH1,0.11429785
ADAM17,0.4042682
YWHAQ,0.36377272
TAF1B,0.20043604
ENSG00000269973,0.012777256
ENSG00000260077,0.017700829
KLF11,0.09194476
HPCAL1,0.4501307
ODC1,0.17168394
NOL10,0.33836764
RN7SL832P,0.005044735
ATP6V1C2,0.092438824
PDIA6,0.22724138
SLC66A3,0.06784811
ROCK2,0.6690892
E2F6,0.06857292
GREB1,0.031895388
LPIN1,0.18459955
TRIB2,0.106881335
NBAS,0.61843586
DDX1,0.17371465
MYCN,0.012774481
CYRIA,0.04346732
SMC6,0.18196087
GEN1,0.09144397
KCNS3,0.054447286
RDH14,0.032034446
TTC32,0.05145445
WDR35,0.22066677
LAPTM4A,0.2890206
SDC1,0.1257978
PUM2,0.8597828
RHOB,0.4119962
GDF7,0.046925694
LDAH,0.3327944
ATAD2B,0.63594246
UBXN2A,0.26615563
WDCP,0.012104225
FKBP1B,0.006275769
SF3B6,0.097063124
FAM228B,0.10879995
TP53I3,0.10349604
ITSN2,0.75241524
NCOA1,1.0512956
PTRHD1,0.025074959
ADCY3,0.044405606
DNAJC27,0.11896707
DNAJC27-AS1,0.08845071
POMC,0.0023986092
DNMT3A,0.4144204
DTNB,0.48564345
ASXL2,0.46653232
KIF3C,0.033823773
RAB10,0.81813663
HADHA,0.28700072
HADHB,0.27275282
SELENOI,0.19325608
SLC35F6,0.0
MAPRE3,0.089642435
TMEM214,0.065948315
AGBL5,0.086034015
OST4,0.15211155
EMILIN1,0.008188312
KHK,0.18679757
PREB,0.03527762
ATRAID,0.080967404
MPV17,0.0895982
GTF3C2,0.22999252
GTF3C2-AS2,0.109243035
EIF2B4,0.06983856
SNX17,0.058031466
ZNF513,0.045285158
PPM1G,0.16922705
NRBP1,0.16259098
KRTCAP3,0.04064965
IFT172,0.18310407
FNDC4,0.015129858
ZNF512,0.1814139
GPN1,0.050158445
SUPT7L,0.08431476
SLC4A1AP,0.09946438
MRPL33,0.37080812
BABAM2,1.24216
FOSL2,0.7256483
PPP1CB,0.5266618
TRMT61B,0.128182
WDR43,0.27370474
CLIP4,0.22311355
YPEL5,0.22887273
LBH,0.124184705
LCLAT1,0.52952737
CAPN13,0.085085884
EHD3,0.06930526
MEMO1,0.039356705
DPY30,0.09694675
SPAST,0.22143169
SLC30A6,0.18716188
YIPF4,0.30893815
ENSG00000272754,0.021570422
BIRC6,1.2163358
TTC27,0.2479857
LTBP1,0.19862309
RASGRP3,0.19383577
FAM98A,0.057235975
CRIM1-DT,0.009641676
CRIM1,0.95775944
FEZ2,0.3652513
STRN,0.47938743
HEATR5B,0.24420297
GPATCH11,0.02502777
EIF2AK2,0.26031765
CEBPZOS,0.17190707
CEBPZ,0.22837315
NDUFAF7,0.12904549
PRKD3,0.22780062
QPCT,0.02824395
CDC42EP3,0.12015039
RMDN2,0.17111579
CYP1B1,0.045148104
ATL2,0.36818126
HNRNPLL,0.2555491
GALM,0.2697578
SRSF7,0.35104096
GEMIN6,0.017874865
DHX57,0.23149766
MORN2,0.036676858
SOS1,0.80870724
MAP4K3,0.8887588
MAP4K3-DT,0.55705667
TMEM178A,0.09583593
THUMPD2,0.19993728
SLC8A1,0.60657924
PKDCC,0.015900081
EML4,0.77298397
COX7A2L,0.16068637
MTA3,0.43704766
HAAO,0.108768664
ZFP36L2,0.4331135
THADA,0.72016513
PLEKHH2,0.560014
DYNC2LI1,0.37783405
LRPPRC,0.39845726
PPM1B,0.3967943
PREPL,0.39326507
CAMKMT,1.0569648
SRBD1,0.35854337
PRKCE,1.070871
EPAS1,0.6738809
ATP6V1E2,0.03905354
RHOQ,0.21774441
PIGF,0.118771076
CRIPT,0.04862935
SOCS5,0.22753417
MCFD2,0.15417387
TTC7A,0.33497325
CALM2,0.016999288
EPCAM,0.33155078
MSH2,0.25121695
KCNK12,0.009109341
MSH6,0.10029307
FBXO11,0.8466224
FOXN2,0.15136676
PPP1R21-DT,0.0028594825
PPP1R21,0.5300477
STON1,0.0006226524
CHAC2,0.005165218
ERLEC1,0.1013471
PSME4,0.5565381
ACYP2,0.7363559
SPTBN1,1.0631204
RTN4,1.2001916
CLHC1,0.22472394
RPS27A,0.43632627
MTIF2,0.12794863
CCDC88A,0.23591936
CFAP36,0.19128409
PPP4R3B,0.40894976
PPP4R3B-DT,0.008323659
PNPT1,0.1564173
EFEMP1,0.20328657
CCDC85A,0.112893164
VRK2,0.30136612
FANCL,0.20624354
BCL11A,0.026662286
PAPOLG,0.112045154
REL,0.32626426
PUS10,0.10428312
PEX13,0.17945501
SANBR,0.1285528
C2orf74,0.043211322
USP34,1.2796301
USP34-DT,0.049626343
XPO1,0.6508408
FAM161A,0.0980155
CCT4,0.1557316
COMMD1,0.7072792
B3GNT2,0.16967313
EHBP1,0.8634537
WDPCP,0.73714894
MDH1,0.11940046
UGP2,0.30306935
VPS54,0.5327697
PELI1,0.38133752
ENSG00000225889,0.0487163
LGALSL,0.01930401
AFTPH-DT,0.0018158744
AFTPH,0.45006716
SERTAD2,0.20070644
SLC1A4,0.012621804
CEP68,0.1018512
RAB1A,0.724892
ACTR2,0.38765386
SPRED2,0.55960447
MEIS1,0.19525652
ETAA1,0.049150825
C1D,0.12194322
DNAAF10,0.02648164
PNO1,0.055695605
PPP3R1,0.0
CNRIP1,0.028853964
PLEK,0.013420803
FBXO48,0.0051481235
ARHGAP25,0.08363513
ANTXR1,0.18134052
GFPT1,0.26673245
NFU1,0.11662683
AAK1,1.0982155
ANXA4,0.68607193
GMCL1,0.13844195
SNRNP27,0.016609406
MXD1,0.096951604
PCBP1,0.12709999
C2orf42,0.10964646
TIA1,0.0008139328
PCYOX1,0.11114301
SNRPG,0.10692281
FAM136A,0.05816949
TGFA,0.18300892
TEX261,0.0
NAGK,0.09276052
MCEE,0.10775344
MPHOSPH10,0.11336218
PAIP2B,0.04263857
ZNF638,1.0972823
DYSF,0.15884918
CYP26B1,0.020912254
EXOC6B,1.0802565
SPR,0.015394961
SFXN5,0.32471398
RAB11FIP5,0.10192422
SMYD5,0.037720066
PRADC1,0.016055364
CCT7,0.07638228
FBXO41,0.019047817
ALMS1,0.4340549
TPRKB,0.04121239
DUSP11,0.07462128
STAMBP,0.17396635
ACTG2,0.00074670574
DGUOK,0.18531822
DGUOK-AS1,0.024331255
TET3,0.27170464
BOLA3,0.027469378
MOB1A,0.16037534
MTHFD2,0.017168311
DCTN1,0.04123232
WDR54,0.026148448
RTKN,0.15946655
INO80B,0.002990546
MOGS,0.09364834
MRPL53,0.0054173274
CCDC142,0.052157972
TTC31,0.060800016
LBX2,0.0029432513
PCGF1,0.00882763
AUP1,0.09502089
HTRA2,0.020339122
LOXL3,0.011301039
DOK1,0.010726225
HK2,0.028565789
POLE4,0.05331508
MRPL19,0.15235792
GCFC2,0.2559947
ENSG00000270696,0.0
SUCLG1,0.25694865
TMSB10,0.5454565
KCMF1,0.4872313
TCF7L1,0.56568295
TGOLN2,0.31065345
RETSAT,0.051048685
ELMOD3,0.17534193
CAPG,0.088879585
MAT2A,0.22496186
GGCX,0.07715821
VAMP8,0.17151943
VAMP5,0.06451436
RNF181,0.03324572
TMEM150A,0.046051685
USP39,0.18357573
C2orf68,0.08001393
GNLY,0.017447656
ATOH8,0.032697614
ST3GAL5,0.08346716
POLR1A,0.13404548
PTCD3,0.22244398
IMMT,0.29213881
MRPL35,0.039521173
REEP1,0.033735987
KDM3A,0.25837952
CHMP3,0.052676443
RNF103,0.0
RMND5A,0.17179671
CD8A,0.004860155
CD8B,0.0015663438
LINC01943,0.004182538
CYTOR,0.29218802
KRCC1,0.23234802
FABP1,0.0076992856
EIF2AK3,0.28433645
EIF2AK3-DT,0.0052936245
RPIA,0.08101678
IGKC,0.011435893
MAL,0.46226826
MRPS5,0.2607242
ZNF514,0.029546134
ZNF2,0.026173484
PROM2,0.1312027
FAHD2A,0.052516464
LINC00342,0.043513183
ANKRD36C,0.36881566
ADRA2B,0.0051570414
DUSP2,0.015513396
STARD7,0.15892312
TMEM127,0.10574679
CIAO1,0.10454441
SNRNP200,0.18337639
ITPRIPL1,0.0007205952
NCAPH,0.0038487718
ARID5A,0.09795749
KANSL3,0.36009407
LMAN2L,0.1671557
CNNM4,0.110638894
CNNM3,0.026496824
ANKRD39,0.00020721472
SEMA4C,0.051915027
FAM178B,0.013085327
FAHD2B,0.027414694
ANKRD36,0.31676334
APPAT,0.51759905
ANKRD36B,0.25793463
COX5B,0.16999888
ACTR1B,0.06212514
TMEM131,0.6423303
INPP4A,0.29378033
COA5,0.04776202
UNC50,0.05458171
MGAT4A,0.41715485
LINC02611,0.003700491
CRACDL,0.14541528
LIPT1,0.0
MITD1,0.09331995
MRPL30,0.0
TXNDC9,0.054989465
EIF5B,0.39978948
REV1,0.5658634
AFF3,0.21761279
LONRF2,0.08610364
CHST10,0.0148208225
PDCL3,0.017955437
RPL31,0.22117072
TBC1D8,0.64720625
CNOT11,0.14102656
RNF149,0.5679773
MAP4K4,0.7532017
LINC01127,0.002068083
IL1R2,0.016845511
IL1R1,0.20090008
IL1RL1,0.0
IL18R1,0.059723545
IL18RAP,0.004745395
TMEM182,0.07053828
MRPS9,0.17404754
TGFBRAP1,0.09727283
C2orf49-DT,0.0224434
C2orf49,0.072778046
FHL2,0.5993234
NCK2,0.29685158
ECRG4,0.0063202023
UXS1,0.2102506
ST6GAL2,0.022344967
SULT1C4,0.08741144
GCC2,0.6859672
LIMS1,0.781768
RANBP2,0.49332634
CCDC138,0.21747454
SH3RF3,0.34847498
SEPTIN10,0.4627734
SOWAHC,0.07171409
RGPD5,0.0044266656
NPHP1,0.17034836
MTLN,0.06168714
MIR4435-2HG,0.77578694
BCL2L11,0.12358541
ENSG00000271590,0.0
ENSG00000270190,0.0
ANAPC1,0.2821963
MERTK,0.18843663
TMEM87B,0.23271197
FBLN7,0.016814226
ZC3H8,0.17180344
ZC3H6,0.26853716
TTL,0.13470203
POLR1B,0.058616232
CHCHD5,0.045648985
SLC20A1,0.3384357
IL1B,0.0022233378
IL1RN,0.024851374
PSD4,0.13027915
PAX8,1.7254453
ZNG1B,0.121419474
PGM5P4-AS1,0.003267129
RABL2A,0.13719034
SLC35F5,0.62424886
ACTR3,0.6019752
DDX18,0.20806523
ENSG00000236255,0.016828427
CCDC93,0.32686895
INSIG2,0.09129375
MARCO,0.0008053986
STEAP3,0.015382367
C2orf76,0.071277745
DBI,0.1292313
TMEM37,0.10374216
TMEM177,0.020344986
PTPN4,0.601079
EPB41L5,0.78872824
TMEM185B,0.0078006103
RALB,0.13890548
INHBB,0.010030414
TFCP2L1,0.8559412
CLASP1,1.0758339
NIFK-AS1,0.09099057
NIFK,0.060340006
TSN,0.08117933
GYPC,0.056303997
BIN1,0.18363051
ERCC3,0.1657969
MAP3K2,0.58129895
PROC,0.060622413
IWS1,0.45885447
ENSG00000272789,0.016512446
LIMS2,0.17791644
WDR33,0.5774418
SFT2D3,0.011633447
POLR2D,0.047288954
AMMECR1L,0.078703746
ENSG00000272667,0.017080985
SAP130,0.1938986
UGGT1,0.20072919
HS6ST1,0.294197
CCDC74B,0.004200842
SMPD4,0.19832113
MZT2B,0.124352716
CCDC115,0.035293877
IMP4,0.04020385
PTPN18,0.10557747
FAM168B,0.3279333
PLEKHB2,0.25761145
MZT2A,0.0840662
CCDC74A,0.008186173
LYPD1,0.07236697
MGAT5,0.6066057
TMEM163,0.2532287
CCNT2,0.37324336
RAB3GAP1,0.5295506
ZRANB3,0.3457303
R3HDM1,0.51444685
UBXN4,0.529845
MCM6,0.026376195
DARS1,0.34028846
CXCR4,0.021334669
HNMT,0.31780407
SPOPL,0.24316968
KYNU,0.12040227
ARHGAP15,0.15626433
GTDC1,0.4000584
ZEB2,0.32800746
ACVR2A,0.29704478
ORC4,0.3301926
MBD5,1.5061753
EPC2,0.55428094
MMADHC,0.08862617
RND3,0.16808
RBM43,0.027019672
NMI,0.053479943
TNFAIP6,0.0069676484
RIF1,0.38967356
ARL5A,0.119615376
STAM2,0.3127454
FMNL2,0.88863397
PRPF40A,0.36702785
ARL6IP6,0.1762682
NR4A2,0.1653122
GPD2,0.31870943
CYTIP,0.054587077
ACVR1,0.46523666
PKP4,1.6782823
DAPL1,0.010827453
TANC1,0.78623176
WDSUB1,0.21018164
BAZ2B,1.2753131
BAZ2B-AS1,0.0039669177
MARCHF7,0.5906383
CD302,0.008703422
LY75,0.00038548396
PLA2R1,0.35045236
RBMS1,1.1758199
TANK,0.5172973
PSMD14,0.19855492
DPP4,0.102292515
FAP,0.031054497
IFIH1,0.072578765
GCA,0.086423166
FIGN,0.33191472
COBLL1,1.6222857
SLC38A11,0.28339282
SCN3A,0.14469488
CSRNP3,0.3059885
TTC21B,0.3263729
SCN9A,0.11333815
SCN7A,0.0763612
STK39,0.7220925
CERS6,0.47188482
NOSTRIN,0.2900123
BBS5,0.0
FASTKD1,0.18765543
PPIG,0.48854426
KLHL23,0.13085106
SSB,0.13353217
METTL5,0.06504093
UBR3,0.73136425
GORASP2,0.15468697
TLK1,0.67128706
METTL8,0.14597285
DCAF17,0.09827865
CYBRD1,0.046093695
DYNC1I2,0.41852856
SLC25A12,0.41951597
HAT1,0.18311435
ITGA6,0.5836198
PDK1,0.067780256
RAPGEF4,0.3186155
MAP3K20,0.14653161
SP3,0.35308653
OLA1,0.4808666
CIR1,0.24470866
SCRN3,0.06192406
GPR155,0.18834035
WIPF1,0.33756596
CHN1,0.1840596
ATF2,0.30672815
ATP5MC3,0.111786865
LNPK,0.11421643
MTX2,0.40069786
HNRNPA3,0.55525434
NFE2L2,1.259644
ENSG00000222043,0.0035287805
AGPS,0.29669952
IFT70B,0.011778608
IFT70A,0.01730938
RBM45,0.060399298
CHROMR,0.06411268
PRKRA,0.16826181
FKBP7,0.009812611
PLEKHA3,0.08824777
TTN-AS1,0.47224304
CCDC141,0.013956836
SESTD1,0.5713283
CWC22,0.18315001
UBE2E3,0.538548
LINC01934,0.06580939
ITGA4,0.047159832
ITPRID2,0.30923775
PDE1A,0.7944562
DNAJC10,0.2100676
FRZB,0.014653001
NCKAP1,0.62386066
NUP35,0.088062465
ENSG00000283839,0.00047866962
LINC01473,0.11974188
ZC3H15,0.24093251
ITGAV,0.809395
FAM171B,0.04412643
CALCRL,0.21624722
TFPI,0.76249117
GULP1,0.6128524
COL3A1,0.029446358
COL5A2,0.09035184
WDR75,0.11507939
SLC40A1,0.10395241
ASNSD1,0.058595218
ANKAR,0.3300433
OSGEPL1,0.038568646
ORMDL1,0.17257707
PMS1,0.19042559
C2orf88,0.07111552
HIBCH,0.70200694
INPP1,0.13681601
MFSD6,0.24018846
NEMP2,0.025302393
NAB1,0.19871551
GLS,1.3385333
STAT1,0.2901786
STAT4,0.074085616
MYO1B,0.48682097
NABP1,0.20828427
CAVIN2,0.07996591
SLC39A10,0.28021201
STK17B,0.13080366
ENSG00000272211,0.016884543
HECW2,0.13970748
HECW2-AS1,0.00038300967
GTF3C3,0.1205303
PGAP1,0.14766885
ANKRD44,0.57494247
SF3B1,0.5930961
COQ10B,0.14388777
HSPD1,0.29975292
HSPE1,0.0044053607
MOB4,0.03751217
RFTN2,0.03784666
PLCL1,1.3747623
FTCDNL1,0.12960269
C2orf69,0.040013496
TYW5,0.09764761
MAIP1,0.05012971
SPATS2L,0.6992211
KCTD18,0.04533454
SGO2,0.03567244
BZW1,0.12052719
CLK1,0.30275407
PPIL3,0.07846428
NIF3L1,0.03346011
ORC2,0.32540098
HYCC2,0.3533214
NDUFB3,0.064907975
CFLAR,0.9534199
CASP10,0.13807552
CASP8,0.17515919
TRAK2,0.23042908
STRADB,0.102107696
TMEM237,0.042682555
ALS2,0.22951925
FZD7,0.009650754
SUMO1,0.18019742
NOP58,0.36667734
ENSG00000273456,0.0046936856
BMPR2,1.0576981
FAM117B,0.26218045
ICA1L,0.16464436
WDR12,0.12237382
CARF,0.2220086
NBEAL1,1.1050367
CYP20A1,0.36485144
ABI2,0.548099
RAPH1,0.45807725
CD28,0.013328442
ICOS,0.020983208
PARD3B,1.5099052
NRP2,0.089890204
INO80D,0.49658147
NDUFS1,0.3446144
EEF1B2,0.16659422
ZDBF2,0.13827057
ADAM23,0.022307955
FASTKD2,0.128991
KLF7,0.49961063
CREB1,0.3086902
METTL21A,0.07972717
LINC01857,0.0006269369
CCNYL1,0.21819898
IDH1,0.117122956
PIKFYVE,0.3108712
MAP2,0.14642026
RPE,0.12732132
KANSL1L,0.9685636
LANCL1,0.16503048
CPS1,0.031764247
SPAG16,0.7317609
BARD1,0.086524844
ATIC,0.08802336
FN1,0.10291359
PECR,0.18718173
XRCC5,0.6719404
SMARCAL1,0.13697895
RPL37A,0.36753583
IGFBP2,0.13586025
IGFBP5,0.39524534
TNS1,0.9304224
TNS1-AS1,0.008150061
ARPC2,0.53175527
GPBAR1,0.0017140147
AAMP,0.07811685
PNKD,0.18211862
TMBIM1,0.11156717
SLC11A1,0.017949427
CTDSP1,0.17619985
USP37,0.2414395
CNOT9,0.14926907
BCS1L,0.026361682
RNF25,0.043359548
TTLL4,0.072990656
CYP27A1,0.10966619
WNT6,0.004293209
CNPPD1,0.053785782
RETREG2,0.07110741
ZFAND2B,0.070454955
ANKZF1,0.14175467
STK16,0.03865937
TUBA4A,0.061750457
DNAJB2,0.1134827
DNPEP,0.07553788
DES,8.606599e-05
SPEG,0.019983023
GMPPA,0.046014607
CHPF,0.06662597
OBSL1,0.18156649
STK11IP,0.061448816
EPHA4,0.22960153
FARSB,0.13256387
ACSL3,0.35735875
KCNE4,0.019264452
WDFY1,0.25766617
MRPL44,0.03297225
SERPINE2,0.11891941
CUL3,0.6875309
DOCK10,0.1694961
IRS1,0.16693348
RHBDD1,0.40502033
MFF,0.2546394
AGFG1,0.5102758
PID1,0.2049843
TRIP12,0.8493674
FBXO36,0.16561325
SLC16A14,0.02595905
SP110,0.15292948
SP140,0.03508679
SP140L,0.12907012
SP100,0.5417434
CAB39,0.58262914
ITM2C,0.08417962
PSMD1,0.3837516
HTR2B,0.0059289434
ARMC9,0.57379806
NCL,0.2788081
PTMA,0.71615505
PDE6D,0.1038266
COPS7B,0.090342574
DIS3L2,0.6740619
EIF4E2,0.16154799
EFHD1,0.54385227
GIGYF2,0.726758
SNORC,0.031972326
INPP5D,0.15276264
ATG16L1,0.07327033
DGKD,0.1935051
USP40,0.5188975
TRPM8,0.0027815339
ARL4C,0.06692012
SH3BP4,0.30982953
AGAP1,1.5756359
ACKR3,0.02323009
COPS8,0.07477054
COL6A3,0.016968027
MLPH,0.076783404
RAB17,0.19144785
LRRFIP1,1.0570618
RAMP1,0.024476193
UBE2F,0.0
KLHL30,0.0036110983
ILKAP,0.29174232
HES6,0.0049563264
PER2,0.30529618
TRAF3IP1,0.23063031
ASB1,0.05194606
HDAC4,0.5768981
NDUFA10,0.3349593
COPS9,0.09562408
GPC1,0.091921546
DUSP28,0.010243198
RNPEPL1,0.09121429
CAPN10,0.047893412
GPR35,0.015785148
AGXT,0.034911133
SNED1,0.5040572
MTERF4,0.2000987
PASK,0.040176515
PPP1R7,0.101094395
HDLBP,0.46085578
SEPTIN2,0.55594945
FARP2,0.44366542
STK25,0.18356876
BOK,0.07346109
THAP4,0.124180414
ATG4B,0.30727124
DTYMK,0.02576504
ING5,0.19061938
D2HGDH,0.40692228
CNTN4,0.6923563
TRNT1,0.17498495
CRBN,0.19856401
SUMF1,0.97069716
SETMAR,0.06260888
ITPR1,0.6935703
BHLHE40,0.5140258
ARL8B,0.35589716
EDEM1,0.108056635
LMCD1,0.16236642
SSUH2,0.012174866
OXTR,0.006206853
RAD18,0.07426499
THUMPD3-AS1,0.28878117
THUMPD3,0.08169592
SETD5,0.8254053
LHFPL4,0.012237118
MTMR14,0.17624007
BRPF1,0.025529144
OGG1,0.11007226
CAMK1,0.043173846
TADA3,0.08196473
ARPC4,0.0026622585
TTLL3,0.043352395
RPUSD3,0.034023322
JAGN1,0.027828645
IL17RE,0.04841007
IL17RC,0.08037709
CRELD1,0.07944467
PRRT3,0.018459367
EMC3,0.16627863
BRK1,0.10679522
VHL,0.0996459
TATDN2,0.0005075378
SEC13,0.14505668
ATG7,0.8177839
VGLL4,0.7645535
TAMM41,0.23130362
TIMP4,0.0003349609
PPARG,0.5927552
TSEN2,0.25284517
MKRN2OS,0.045938544
MKRN2,0.06094756
RAF1,0.45875597
TMEM40,0.023380332
RPL32,0.40028304
IQSEC1,0.18965866
NUP210,0.17418301
HDAC11,0.053131357
FBLN2,0.00951001
CHCHD4,0.009568069
TMEM43,0.04813186
XPC,0.3133896
LSM3,0.07285734
SLC6A6,0.3974134
GRIP2,0.053630274
CCDC174,0.13000974
FGD5,0.19660433
FGD5-AS1,0.1375223
NR2C2,0.3257435
MRPS25,0.20434475
RBSN,0.12497164
CAPN7,0.3728362
SH3BP5,0.3122771
METTL6,0.17873718
EAF1,0.053061698
HACL1,0.17921074
BTD,0.07613153
ANKRD28,0.72715396
GALNT15,0.053207714
DPH3,0.038303312
OXNAD1,0.26433784
RFTN1,0.19410804
PLCL2,0.55401504
TBC1D5,1.4344414
SATB1,0.0
RAB5A,0.37422854
KAT2B,0.28481182
ZNF385D,0.28992668
UBE2E2,1.1159573
UBE2E1,0.53099024
NKIRAS1,0.05497607
RPL15,0.3277213
NR1D2,0.20970604
RARB,0.3988827
TOP2B,0.370875
NGLY1,0.2258709
OXSM,0.025389375
SLC4A7,0.5402693
LINC02084,0.00040400276
EOMES,0.003052979
CMC1,0.29631454
AZI2,0.14654817
RBMS3,0.40802747
TGFBR2,0.65444076
STT3B,0.37130702
GPD1L,0.10800329
CMTM8,0.31265786
CMTM7,0.16616584
CMTM6,0.19036217
DYNC1LI1,0.1651037
CNOT10,0.30073407
GLB1,0.26819065
CRTAP,0.12127661
SUSD5,0.005448498
UBP1,0.21876533
CLASP2,0.7213269
PDCD6IP,0.41388774
TRANK1,0.08479822
EPM2AIP1,0.16016874
MLH1,0.09291427
LRRFIP2,0.7252397
GOLGA4,1.331371
ITGA9,0.20014529
CTDSPL,0.78340393
PLCD1,0.0695063
ACAA1,0.21408029
MYD88,0.020013742
OXSR1,0.38896984
XYLB,0.28022072
ACVR2B,0.115422316
EXOG,0.11680401
WDR48,0.23008259
GORASP1,0.062406387
CSRNP1,0.19576961
CX3CR1,0.0067013847
SLC25A38,0.038209982
RPSA,0.27762815
MYRIP,0.18229799
EIF1B,0.06901938
RPL14,0.2891107
ZNF620,0.025058594
ZNF621,0.19239277
CTNNB1,0.66816276
TRAK1,0.64072764
VIPR1,0.01785542
SEC22C,0.10608348
SS18L2,0.0459168
NKTR,0.97406054
HIGD1A,0.0
ZNF662,0.0
POMGNT2,0.017166004
SNRK,0.4585074
ANO10,0.63689744
ABHD5,0.1588032
TCAIM,0.4255742
ZNF445,0.14603613
ZNF852,0.03472481
ZNF660,0.0
ZNF197,0.13309777
ZNF35,0.041305535
KIAA1143,0.050529566
KIF15,0.009264133
TMEM42,0.0
ZDHHC3,0.23645474
EXOSC7,0.11461293
CLEC3B,0.0049054865
CDCP1,0.21422409
LARS2,0.26040307
LIMD1,0.19285741
SACM1L,0.2147275
LZTFL1,0.07218398
FYCO1,0.12832873
CCR1,0.0042091734
CCR2,0.00063619076
CCR5,0.0013436151
CCRL2,0.0033063323
LRRC2,0.09305463
ALS2CL,0.24520627
PTH1R,1.0423876
CCDC12,0.31249937
NBEAL2,0.16093464
SETD2,1.0061997
KIF9,0.108137935
KLHL18,0.20114645
PTPN23-DT,0.014543801
PTPN23,0.09585277
SCAP,0.2562961
ELP6,0.09048099
SMARCC1,0.82512224
DHX30,0.21745376
MAP4,1.0743682
CAMP,0.0
ZNF589,0.09731491
NME6,0.041333757
CCDC51,0.006670286
TMA7,0.20333573
ATRIP,0.027450066
SHISA5,0.23215103
PFKFB4,0.052464575
UQCRC1,0.15516554
SLC26A6,0.102203876
CELSR3,0.003744098
NCKIPSD,0.068099745
IP6K2,0.3558143
PRKAR2A,0.39507687
SLC25A20,0.092047974
ARIH2OS,0.0072886236
ARIH2,0.38518742
P4HTM,0.1171013
WDR6,0.2835397
DALRD3,0.060921695
NDUFAF3,0.045160513
IMPDH2,0.04034458
QRICH1,0.34190926
QARS1,0.08231011
USP19,0.045553602
LAMB2,0.2049927
KLHDC8B,0.026129335
C3orf62,0.051029105
USP4,0.3093266
RHOA,0.4798492
TCTA,0.04575507
DAG1,0.23584394
APEH,0.089396216
MST1,0.22591144
RNF123,0.07446346
GMPPB,0.021032615
IP6K1,0.39256892
INKA1,0.0039934977
UBA7,0.069550715
MON1A,0.03488282
RBM6,1.3697941
RBM5,0.51936793
SEMA3F,0.11968807
GNAI2,0.22671741
SEMA3B,0.35552254
IFRD2,0.055593032
NAA80,0.0
HYAL1,0.092482194
HYAL2,0.06998665
TUSC2,0.04227469
RASSF1,0.08829671
NPRL2,0.020542178
CYB561D2,0.0
TMEM115,0.033619553
ENSG00000271858,0.0
CISH,0.06241783
MAPKAPK3,0.09604723
MANF,0.05905
RBM15B,0.028695019
DCAF1,0.26672852
RAD54L2,0.31802285
TEX264,0.10653479
RRP9,0.021148931
PARP3,0.03427236
PCBP4,0.047059022
ABHD14B,0.01139166
ABHD14A,0.012551179
RPL29,0.3863336
DUSP7,0.013712401
POC1A,0.020850858
ALAS1,0.17553993
TWF2,0.0017399533
PPM1M,0.011162406
WDR82,0.17420374
GLYCTK,0.061698124
DNAH1,0.10603456
BAP1,0.0701969
PHF7,0.0562932
SEMA3G,0.021828765
NISCH,0.28172842
STAB1,0.057645548
NT5DC2,0.021356745
UQCC5,0.12420554
PBRM1,0.609291
GNL3,0.10277816
GLT8D1,0.061790038
SPCS1,0.124657854
STIMATE,0.0
RFT1,0.03684876
PRKCD,0.08444426
TKT,0.12152092
DCP1A,0.3777894
CHDH,0.19724825
ACTR8,0.041965872
SELENOK,0.058639
CACNA2D3,0.9142563
WNT5A,0.042813964
CCDC66,0.30801
TASOR,0.36402372
ARHGEF3,0.9973308
HESX1,0.017719515
APPL1,0.1856942
PDE12,0.05660213
ARF4,0.3087968
DENND6A,0.30098203
SLMAP,0.78335893
FLNB,0.69417673
DNASE1L3,0.058639955
ABHD6,0.17083195
RPP14,0.03636237
PXK,0.2176304
PDHB,0.054238103
KCTD6,0.044611353
ACOX2,0.065431766
FAM107A,0.07661035
CFAP20DC,0.0664724
FHIT,2.1708906
PTPRG,2.0941439
CEP15,0.015043349
THOC7,0.095658585
PSMD6,0.060223363
PRICKLE2,0.83789444
ADAMTS9,0.7959569
ADAMTS9-AS2,1.6626122
MAGI1,2.0122125
SLC25A26,0.27360237
LRIG1,0.13294685
SUCLG2,0.7212452
SUCLG2-DT,0.45866033
EOGT,0.09678987
EOGT-DT,0.023019256
TMF1,0.25917172
UBA3,0.15040109
ARL6IP5,0.15151668
LMOD3,0.0012477646
FRMD4B,0.76495725
MITF,0.7286287
FOXP1,1.5249634
ENSG00000277855,0.017136788
EIF4E3,0.14842245
GPR27,0.009729161
PROK2,0.00039942606
RYBP,0.48052505
SHQ1,0.14636958
GXYLT2,0.048535015
PPP4R2,0.33090612
PDZRN3,0.47244832
LINC00960,0.0039975983
ZNF717,0.20238215
ROBO1,0.2773707
GBE1,0.6377793
CADM2,0.051165454
VGLL3,0.07038291
CHMP2B,0.11819425
CGGBP1,0.20011976
ZNF654,0.30810016
C3orf38,0.08339227
EPHA3,0.0177452
PROS1,0.17920868
ARL13B,0.2547453
DHFR2,0.02089881
NSUN3,0.18259177
CRYBG3,0.3213831
RIOX2,0.07111297
CLDND1,0.089135475
CPOX,0.036111474
ST3GAL6,0.3628378
DCBLD2,0.29014072
COL8A1,0.15341403
CMSS1,0.45779747
FILIP1L,0.15891352
TBC1D23,0.2582902
NIT2,0.11139692
TOMM70,0.13989286
TMEM45A,0.026220435
TFG,0.34180662
ABI3BP,0.20467973
SENP7,0.4461122
TRMT10C,0.040787183
PCNP,0.2846535
ZBTB11,0.15174171
RPL24,0.17291674
CEP97,0.07571939
NXPE3,0.061086066
NFKBIZ,0.87811786
ALCAM,0.45162258
CBLB,0.76611835
LINC00882,0.14774752
DUBR,0.046964385
BBX,0.8769881
CD47,0.2190283
IFT57,0.16856776
DZIP3,0.25958756
TRAT1,0.0051250234
NECTIN3,0.20471722
CD96,0.071634464
PHLDB2,0.8014651
ABHD10,0.05531981
C3orf52,0.19004244
GCSAM,0.0020183942
TBILA,0.02531541
CD200,0.08031874
ATG3,0.08326936
SLC35A5,0.07319691
CCDC80,0.02935051
GTPBP8,0.057278626
NEPRO,0.13686748
SPICE1,0.18855031
SIDT1,0.060535885
USF3,0.19763403
NAA50,0.2998528
ATP6V1A,0.4840427
CCDC191,0.28635156
QTRT2,0.10716768
ZBTB20,2.9279017
B4GALT4,0.10942283
ARHGAP31,0.2628487
TMEM39A,0.1122616
POGLUT1,0.07377194
TIMMDC1,0.11396749
ADPRH,0.010001134
POPDC2,0.018053552
COX17,0.07991568
GSK3B,0.8372609
LRRC58,0.09112976
FSTL1,0.13340472
NDUFB4,0.09750303
HGD,0.26550812
RABL3,0.1311254
GTF2E1,0.033265628
HCLS1,0.039302163
GOLGB1,1.0036745
IQCB1,0.27501103
EAF2,0.10571634
SLC15A2,0.15884209
CD86,0.02269992
CSTA,0.0036105274
MIX23,0.07344423
FAM162A,0.15154323
WDR5B,0.012069163
WDR5B-DT,0.124044396
KPNA1,0.36343807
PARP9,0.15307516
DTX3L,0.07412091
PARP15,0.013381823
PARP14,0.45703757
HSPBAP1,0.15335572
SLC49A4,0.2619548
LINC02035,0.023705153
PDIA5,0.21804945
SEC22A,0.33005708
ADCY5,0.38493207
HACD2,0.16793372
MYLK,0.4137807
CCDC14,0.41850707
KALRN,0.66587996
UMPS,0.06734605
ITGB5,0.451789
HEG1,0.21491387
SLC12A8,0.11590239
ZNF148,0.86309224
SNX4,0.40825707
OSBPL11,0.15084694
ALG1L1P,0.0014472082
SLC41A3,0.068641044
ALDH1L1,0.39536557
KLF15,0.028941778
ZXDC,0.40329808
CHST13,0.0057175523
CHCHD6,0.18009135
PLXNA1,0.052803118
TPRA1,0.06437845
MCM2,0.005583944
PODXL2,0.020885903
ABTB1,0.06702215
MGLL,0.4829393
SEC61A1,0.19435447
RUVBL1,0.12878461
EEFSEC,0.26132244
GATA2,0.04877499
GATA2-AS1,0.064260386
RPN1,0.18576625
RAB7A,0.7214373
ACAD9,0.13215187
EFCC1,0.021179212
ISY1,0.00155502
ENSG00000273437,0.007491478
CNBP,0.26979804
COPG1,0.1111628
HMCES,0.09328772
H1-10,0.0901927
H1-10-AS1,0.013774873
MBD4,0.17421831
IFT122,0.26504678
PLXND1,0.13989182
TMCC1,1.0028037
TMCC1-DT,0.013410735
PIK3R4,0.15120922
ATP2C1,0.4162735
ASTE1,0.030015271
NUDT16,0.06162668
MRPL3,0.1540574
ACP3,0.23546927
DNAJC13,0.30422738
UBA5,0.164257
NPHP3,0.0
CDV3,0.13198051
TOPBP1,0.12039497
TF,0.029852811
SRPRB,0.04501581
RAB6B,0.02520165
SLCO2A1,0.36356583
RYK,0.42486364
AMOTL2,0.12089154
ANAPC13,0.04214926
CEP63,0.22452271
PPP2R3A,1.2637576
MSL2,0.2623178
PCCB,0.11070866
STAG1,1.3369554
SLC35G2,0.0893694
NCK1-DT,0.03803433
NCK1,0.22169374
DBR1,0.037886783
ARMC8,0.38285586
MRAS,0.1273247
CEP70,0.31429356
FAIM,0.062008064
PIK3CB,0.6091612
MRPS22,0.0372743
COPB2,0.19347052
COPB2-DT,0.3297843
RBP1,0.011261997
NMNAT3,0.19848728
CLSTN2,0.25865126
SLC25A36,0.45048347
ZBTB38,0.7252629
RASA2,0.635834
RNF7,0.07365219
ATP1B3,0.35382414
TFDP2,0.7083773
GK5,0.22437443
XRN1,0.59641606
ATR,0.536507
PLS1,0.17826082
TRPC1,0.27017683
PCOLCE2,0.07432447
U2SURP,0.45221996
SLC9A9,0.20543125
DIPK2A,0.09977934
PLOD2,0.35439065
PLSCR4,0.15299572
PLSCR1,0.5764465
AGTR1,0.019838223
CPB1,0.0025485093
CPA3,0.009134003
GYG1,0.0561248
HLTF,0.1534834
HPS3,0.17107116
CP,0.23696163
TM4SF18-AS1,0.0027179725
TM4SF18,0.047523137
TM4SF1,0.22675502
WWTR1,0.8468123
COMMD2,0.08486278
RNF13,0.42945775
PFN2,0.01790111
TSC22D2,0.8315695
SERP1,0.24140354
EIF2A,0.15938741
SELENOT,0.14438668
SIAH2,0.06428616
P2RY13,0.00022697583
P2RY12,0.0029531163
MBNL1,1.1806444
P2RY1,0.0029035138
RAP2B,0.057593282
ARHGEF26,0.08830104
DHX36,0.4350546
MME,0.43588862
SLC33A1,0.0
GMPS,0.16221447
KCNAB1,0.056521673
SSR3,0.12572208
TIPARP-AS1,0.0016837643
TIPARP,0.17128468
LEKR1,0.2454586
CCNL1,0.93301266
PTX3,0.00026015445
RSRC1,0.5826613
MLF1-DT,0.009359978
MLF1,0.23103619
GFM1,0.14009899
LXN,0.08352478
RARRES1,0.26231572
MFSD1,0.1368247
SCHIP1,0.0
IFT80,0.0
SMC4,0.13501216
KPNA4,0.5234647
PPM1L,0.45856416
B3GALNT1,0.04701765
NMD3,0.31624258
BCHE,0.0038191623
PDCD10,0.20297761
SERPINI1,0.050309446
GOLIM4,0.24705814
MECOM,2.4546416
MYNN,0.07025365
LRRC34,0.03375087
SEC62,0.43761015
GPR160,0.20175304
PHC3,0.58062315
PRKCI,0.496803
SKIL,0.59469056
CLDN11,0.0
RPL22L1,0.030793672
EIF5A2,0.015853908
TNIK,0.7488152
PLD1,0.26835424
FNDC3B,1.6942428
TNFSF10,0.6036769
NCEH1,0.64241254
ECT2,0.07795672
TBL1XR1,1.0338305
KCNMB2-AS1,0.1102893
ZMAT3,0.09558899
PIK3CA,0.30477175
KCNMB3,0.088120356
ZNF639,0.04915949
MFN1,0.23321788
GNB4,0.10110623
ENSG00000242539,0.0037221848
ACTL6A,0.057700273
MRPL47,0.06058279
NDUFB5,0.0866141
USP13,0.15286559
TTC14,0.45214963
ENSG00000285336,0.0
FXR1,0.39167783
DNAJC19,0.06142836
ATP11B,0.5133334
DCUN1D1,0.30040202
MCCC1,0.38313147
B3GNT5,0.14263302
KLHL6,0.01755386
KLHL24,0.35949177
YEATS2,0.25909168
PARL,0.00046428962
ABCC5,0.391831
EIF2B5,0.077806994
DVL3,0.12324807
AP2M1,0.1364818
ABCF3,0.04095835
ALG3,0.029299283
PSMD2,0.0847621
EIF4G1,0.25683793
FAM131A,0.05467056
POLR2H,0.1392744
CHRD,0.030673804
MAGEF1,0.03616922
VPS8,0.39322603
C3orf70,0.012661416
EHHADH,0.32711935
MAP3K13,0.6964257
TMEM41A,0.093504846
LIPH,0.19502881
SENP2,0.24610904
IGF2BP2,0.7117973
TRA2B,0.5678411
ETV5,0.07665138
DGKG,0.10575955
TBCCD1,0.043788165
DNAJB11,0.04606911
AHSG,0.004545236
EIF4A2,0.30869886
RFC4,0.014109498
ST6GAL1,0.8014939
RPL39L,0.014636406
MASP1,0.0360406
ENSG00000283175,0.003529902
BCL6,0.37112066
LPP,1.8951063
TPRG1,0.09580395
P3H2,0.8294469
CLDN1,0.1935868
IL1RAP,0.091961384
CCDC50,0.41113418
FGF12,0.08920294
OPA1,0.3879292
HES1,0.37941697
ATP13A3,0.5562408
TMEM44-AS1,0.05364612
TMEM44,0.091394275
LSG1,0.1316878
FAM43A,0.020744571
XXYLT1,0.14428599
ACAP2,0.6045413
PPP1R2,0.19427355
APOD,0.009427874
MUC20-OT1,1.5117283
TNK2,0.112004265
TFRC,0.20071109
PCYT1A,0.10428991
DYNLT2B,0.0
UBXN7,0.22920667
RNF168,0.21976031
WDR53,0.034834266
FBXO45,0.01979424
NRROS,0.0
PIGX,0.076414585
PAK2,0.39184207
SENP5,0.58528656
NCBP2,0.06555833
NCBP2AS2,0.024633847
PIGZ,0.02205302
MELTF,0.019579643
MELTF-AS1,0.0077935555
DLG1,0.9648591
BDH1,0.17611937
RUBCN,0.16394742
FYTTD1,0.16295348
LRCH3,0.55946696
IQCG,0.13661295
RPL35A,0.2920296
LMLN,0.13826807
ZNF595,0.105577596
ZNF718,0.229258
ZNF141,0.22417215
ZNF721,0.64084214
PIGG,0.16286938
PDE6B,0.023593875
ATP5ME,0.13370825
SLC49A3,0.020611785
PCGF3,0.221131
PCGF3-AS1,0.40987238
CPLX1,0.014902328
GAK,0.42625555
TMEM175,0.07396815
DGKQ,0.031600334
IDUA,0.051874667
FGFRL1,0.050543815
RNF212,0.05267975
SPON2,0.086429596
CTBP1-AS,0.054878313
CTBP1,0.1878417
CTBP1-DT,0.065142125
MAEA,0.22762397
UVSSA,0.21950571
ENSG00000244459,0.0042679124
SLBP,0.10035057
TMEM129,0.04972284
TACC3,0.023781065
LETM1,0.105926685
NSD2,0.3900114
NELFA,0.16098872
NICOL1,0.08364013
HAUS3,0.00025863593
MXD4,0.17682745
ZFYVE28,0.2691607
RNF4,0.25826937
FAM193A,0.52276164
TNIP2,0.075629964
SH3BP2,0.21361478
ADD1,0.58159363
MFSD10,0.14438869
NOP14,0.07491983
HTT,0.380725
RGS12,0.35480383
LRPAP1,0.16448897
ADRA2C,0.008066742
TMEM128,0.054109816
LYAR,0.02441928
ZBTB49,0.04219678
STX18,0.45769063
STX18-AS1,0.26693034
MSX1,0.0063949917
CYTL1,0.0016016652
STK32B,0.5007701
EVC,0.39309078
CRMP1,0.1001099
WFS1,0.04235098
PPP2R2C,0.004845125
MAN2B2,0.06309479
MRFAP1,0.088114366
LINC02482,0.014424014
MRFAP1L2,0.015335376
S100P,0.13273261
MRFAP1L1,0.03981217
BLOC1S4,0.024288947
KIAA0232,0.65820944
TBC1D14,0.43330464
TADA2B,0.04424007
GRPEL1,0.034118813
AFAP1,0.21460953
ABLIM2,0.141593
SH3TC1,0.1889984
ACOX3,0.10958004
TRMT44,0.101975195
WDR1,0.26631555
ZNF518B,0.0312534
HS3ST1,0.28049344
RAB28,0.43919757
BOD1L1,0.507614
CPEB2,0.5676224
C1QTNF7,0.051024135
CC2D2A,0.22630182
FBXL5,0.42357257
FAM200B,0.07889996
BST1,0.016648514
FGFBP2,0.004089719
TAPT1,0.2563486
LDB2,0.5598877
QDPR,0.06812737
LAP3,0.08532063
MED28,0.11271768
FAM184B,0.041949686
DCAF16,0.13581325
LCORL,0.49464494
SLIT2,0.51049596
PACRGL,0.24250856
ADGRA3,0.3340783
DHX15,0.45259652
SOD3,0.08617494
CCDC149,0.13860951
LGI2,0.013815742
SEPSECS,0.11126211
SEPSECS-AS1,0.00030586415
PI4K2B,0.011235331
ZCCHC4,0.08216317
ANAPC4,0.18525267
SEL1L3,0.23652096
SMIM20,0.05814513
RBPJ,0.4753186
STIM2,0.3639722
ARAP2,0.4540533
DTHD1,0.003824927
RELL1,0.23313226
PGM2,0.062439438
TBC1D1,0.86904705
KLF3,0.2966185
TLR10,0.0016244734
TLR1,0.019155052
TLR6,0.0
FAM114A1,0.11686273
TMEM156,0.019002058
KLHL5,0.44709784
WDR19,0.236554
RFC1,0.28643566
RPL9,0.038271725
LIAS,0.09032316
UGDH,0.17482193
UGDH-AS1,0.16468868
SMIM14,0.32492203
SMIM14-DT,0.01580589
UBE2K,0.8074343
PDS5A,0.69701374
N4BP2,0.21062958
RHOH,0.04221742
RBM47,1.4595097
APBB2,1.2364491
LIMCH1,1.1146631
TMEM33,0.12337475
SLC30A9,0.41976058
ATP8A1,0.31159863
GUF1,0.081549846
GNPDA2,0.059066013
COMMD8,0.028680958
ATP10D,0.30606073
NFXL1,0.14891681
NIPAL1,0.14387134
CNGA1,0.10011698
TXK,0.129064
TEC,0.17214626
SLAIN2,0.30711776
FRYL,0.8238156
OCIAD1,0.36158425
OCIAD2,0.15146393
DCUN1D4,0.33168924
SGCB,0.057827666
SPATA18,0.062172156
USP46,0.13711642
USP46-DT,0.010259286
RASL11B,0.014023633
SCFD2,0.5103385
FIP1L1,0.0031728053
LNX1,0.45041198
CHIC2,0.37462726
PDGFRA,0.0074077398
KIT,0.06903706
KDR,0.10509987
SRD5A3,0.04155598
TMEM165,0.5286172
CLOCK,0.32070816
EXOC1,0.40271074
CEP135,0.24069294
AASDH,0.18879044
PPAT,0.056361683
PAICS,0.079327695
SRP72,0.1813052
HOPX,0.034475353
REST,0.2842905
NOA1,0.02944204
POLR2B,0.26958218
IGFBP7,1.3716667
ADGRL3,0.071577534
CENPC,0.36046562
UBA6,0.35024977
UBA6-DT,0.5232468
YTHDC1,0.5372187
UGT2B4,0.0013337398
SULT1B1,0.0041466695
JCHAIN,0.006525745
UTP3,0.06802608
RUFY3,0.8171974
GRSF1,0.13059638
MOB1B,0.529446
DCK,0.01713265
GC,0.009416277
COX18,0.035726774
ANKRD17,1.2436826
ALB,0.018632568
AFP,0.015662482
CXCL8,0.012213873
CXCL1,0.024470227
MTHFD2L,0.18131165
EREG,0.0065296525
AREG,0.120251276
BTC,0.041102473
PARM1,0.13708486
LINC02562,0.0015505359
RCHY1,0.14266984
THAP6,0.109576166
G3BP2,0.26505765
USO1,0.38007095
NAAA,0.12528934
SDAD1,0.17310496
NUP54,0.20657516
SCARB2,0.34243137
FAM47E,0.0075512743
STBD1,0.001158712
SHROOM3,1.0205973
SEPTIN11,0.6216933
CCNI,0.5196479
CCNG2,0.11406966
CXCL13,0.008519384
CNOT6L,0.40574616
MRPL1,0.23820503
FRAS1,1.0269574
ANXA3,0.124404564
LINC01094,0.0059039374
BMP2K,0.33987227
PAQR3,0.061928857
LINC01088,0.0623665
ANTXR2,0.10330771
PRDM8,0.0037882428
RASGEF1B,1.6173073
ENSG00000273156,0.0035116714
HNRNPD,0.542456
HNRNPDL,0.5021334
ENOPH1,0.07079623
TMEM150C,0.13114682
SCD5,0.28410143
SEC31A,0.62100756
THAP9-AS1,0.0
THAP9,0.03808608
LIN54,0.12987442
COPS4,0.1281065
PLAC8,0.014494096
COQ2,0.03432288
HPSE,0.01313878
HELQ,0.15218934
MRPS18C,0.05009217
ABRAXAS1,0.06590126
GPAT3,0.52398384
WDFY3,1.2101206
ARHGAP24,1.1016608
MAPK10,1.5198283
AFF1,1.5232775
KLHL8,0.20474675
HSD17B13,0.0027635682
HSD17B11,0.095058315
NUDT9,0.123702064
SPARCL1,0.14759955
ENSG00000249001,0.20112005
SPP1,1.28651
PKD2,0.6584441
ABCG2,0.040613268
PPM1K,0.16934559
HERC6,0.08634185
HERC5,0.04733579
PYURF,0.0401205
HERC3,0.17475134
NAP1L5,0.0060654446
FAM13A,0.6074597
GPRIN3,0.25450572
SNCA,0.0742136
MMRN1,0.0041645756
CCSER1,1.89709
SMARCAD1,0.29549873
HPGDS,0.018781174
PDLIM5,0.8095557
UNC5C,0.27016777
UNC5C-AS1,0.001956386
RAP1GDS1,0.4763649
TSPAN5,0.3120459
EIF4E,0.2329338
METAP1,0.15193035
ADH5,0.12758519
ADH4,0.0028414105
ADH6,0.054883752
ADH1A,0.00012009914
ADH1B,0.0096126
ADH1C,0.0
TRMT10A,0.04088507
DAPP1,0.040304184
LAMTOR3,0.053060602
DNAJB14,0.35621014
H2AZ1,0.06266585
DDIT4L,0.027131788
EMCN,0.41124287
PPP3CA,0.8174588
ENSG00000254531,0.008818226
BANK1,0.102458596
NFKB1,0.47310373
MANBA,0.22385754
UBE2D3,0.81390333
UBE2D3-AS1,0.029913172
CISD2,0.068801895
SLC9B2,0.046095602
BDH2,0.051954877
CENPE,0.014623592
TET2,0.5893311
PPA2,0.45735312
ARHGEF38,0.57786304
INTS12,0.24630931
GSTCD,0.20200899
NPNT,0.35757843
TBCK,0.7987631
AIMP1,0.15162368
PAPSS1,0.20107429
SGMS2,0.48768866
CYP2U1,0.012897679
HADH,0.11556869
LEF1,0.097872026
RPL34,0.4320736
OSTC,0.088875435
COL25A1,0.14842533
SEC24B-AS1,0.058629744
SEC24B,0.5340583
MCUB,0.088851914
CASP6,0.07423198
PLA2G12A,0.076763414
CFI,0.019086022
GAR1,0.063476674
ELOVL6,0.19831853
ENPEP,0.42382836
FAM241A,0.17604521
AP1AR,0.124030165
TIFA,0.012163716
ALPK1,0.3557898
LARP7,0.22428876
CAMK2D,0.54206616
NDST4,0.005234929
SNHG8,0.08440173
METTL14,0.13035724
SEC24D,0.19966401
SYNPO2,0.059886727
USP53,0.72889405
C4orf3,0.11349298
PDE5A,0.21388473
MAD2L1,0.0044244984
PRDM5,0.18802173
ANXA5,0.28481022
EXOSC9,0.05796089
BBS7,0.070936896
BLTP1,0.9160895
BBS12,0.017554404
FGF2,0.07114497
NUDT6,0.044096824
AFG2A,0.471726
SPRY1,0.116697736
ANKRD50,0.10430476
FAT4,0.16952921
INTU,0.2828446
HSPA4L,0.16237319
PLK4,0.0068427795
MFSD8,0.15020716
ABHD18,0.433319
LARP1B,0.519038
PGRMC2,0.1435145
JADE1,0.3893046
SCLT1,0.43383622
C4orf33,0.038435135
PABPC4L,0.0040746997
PCDH18,0.003003677
ELF2,0.8875884
NDUFC1,0.13633114
NAA15,0.4032275
RAB33B-AS1,0.35186127
RAB33B,0.034978706
SETD7,0.08358879
MGST2,0.19944198
MAML3,1.1182992
SCOC,0.17861812
ELMOD2,0.106218114
TBC1D9,0.39731854
RNF150,0.42635912
ZNF330,0.057425514
IL15,0.17059542
INPP4B,0.6353283
USP38,0.10195737
GAB1,0.6874547
SMARCA5,0.2950292
HHIP-AS1,0.009984543
ANAPC10,0.28300306
ABCE1,0.10997243
OTUD4,0.22447824
SMAD1,0.2953709
ZNF827,0.5625101
LSM6,0.05653166
SLC10A7,0.26166213
EDNRA,0.03736015
TMEM184C,0.12772946
PRMT9,0.17379394
ARHGAP10,0.4364284
NR3C2,1.3770909
LRBA,1.6137347
RPS3A,0.16842909
SH3D19,0.7804481
GATB,0.08239556
FBXW7,0.7556098
TMEM154,0.054087583
ARFIP1,0.45311153
TRIM2,0.71137583
TMEM131L,0.2276639
TLR2,0.0551947
PLRG1,0.073325686
FGB,0.005594974
FGA,0.006595713
FGG,0.0009772938
MAP9,0.102843076
GUCY1A1,0.18956387
GUCY1B1,0.06585443
TDO2,0.00697914
CTSO,0.076792695
PDGFC,0.45994803
GASK1B,0.03545092
GASK1B-AS1,0.016326096
TMEM144,0.045359094
ETFDH,0.21029258
PPID,0.08865844
FNIP2,0.9442546
RAPGEF2,0.9880847
NAF1,0.12957865
NPY1R,0.1636453
TMA16,0.066504
MARCHF1,0.07135416
TRIM61,0.006556288
TMEM192,0.18561436
KLHL2,0.49784353
MSMO1,0.1392771
CPE,0.17421757
DDX60,0.13463317
DDX60L,0.13228692
PALLD,0.37099868
CBR4,0.5887259
SH3RF1,0.8825649
NEK1,0.48277447
CLCN3,0.35125217
HPF1,0.06633215
GALNT7,0.3746287
HMGB2,0.061281607
SAP30-DT,0.0053862687
SAP30,0.006331267
SCRG1,0.0032712931
HAND2,0.0
HAND2-AS1,0.014962911
FBXO8,0.053055003
CEP44,0.13393274
GPM6A,0.18373093
SPCS3,0.15245235
VEGFC,0.07455299
AGA,0.029772542
DCTD,0.0790372
WWC2,0.87952495
CDKN2AIP,0.08716925
ING2,0.033676267
RWDD4,0.08008867
TRAPPC11,0.202734
STOX2,1.1268988
IRF2,0.214593
CASP3,0.081517994
PRIMPOL,0.11511048
ACSL1,0.29093355
SLC25A4,0.05902288
CFAP97,0.17325608
SNX25,0.39001414
ANKRD37,0.040902197
UFSP2,0.14432693
PDLIM3,0.059573386
SORBS2,1.0024648
TLR3,0.023496218
CYP4V2,0.13228302
FAT1,0.70506614
FRG1,0.07363857
CCDC127,0.036785256
SDHA,0.26053146
PDCD6,0.23171125
AHRR,0.011817679
EXOC3-AS1,0.021488156
EXOC3,0.16170453
SLC9A3,0.18025142
BRD9,0.20408751
TRIP13,0.007762002
SLC12A7,0.274257
CLPTM1L,0.16092502
LPCAT1,0.08548329
MRPL36,0.0195589
NDUFS6,0.14634535
IRX2,0.04755986
IRX2-DT,0.015540456
ICE1,0.3398526
MED10,0.07267353
NSUN2,0.1704119
SRD5A1,0.056478135
TENT4A,0.20886117
CFAP90,0.018388093
MTRR,0.11343017
FASTKD3,0.024293855
MIR4458HG,0.019385528
SEMA5A,0.6369625
SNHG18,0.03608618
ATPSCKMT,0.09590458
CCT5,0.09712422
CMBL,0.12717853
MARCHF6,0.68648213
ROPN1L,0.012521094
DAP,0.26008755
TRIO,1.3141562
OTULINL,0.033877354
OTULIN,0.16431797
ANKH,0.32654822
FBXL7,0.50242984
ZNF622,0.03643715
RETREG1,0.6923077
MYO10,0.9228447
BASP1,0.036357734
LINC02899,0.10669021
CDH6,0.48612797
DROSHA,0.21684629
C5orf22,0.06716675
PDZD2,0.80567944
GOLPH3,0.5123448
GOLPH3-DT,0.0075405175
MTMR12,0.36778876
ZFR,0.654816
SUB1,0.23407066
NPR3,0.25086287
TARS1,0.09510895
RAI14-DT,0.0007447404
RAI14,0.7036746
RAD1,0.046550535
BRIX1,0.0541199
DNAJC21,0.160457
PRLR,0.27173313
SPEF2,0.33639902
IL7R,0.022447139
CAPSL,0.0037627886
LMBRD2,0.111543804
NADK2,0.11060222
RANBP3L,0.22652638
SLC1A3,0.023100773
NIPBL,1.083135
CPLANE1,0.6191939
NUP155,0.1220458
WDR70,0.8635059
LIFR,0.57971096
OSMR,0.48043528
RICTOR,0.60926586
FYB1,0.11537946
DAB2,0.0772251
TTC33,0.15387648
PTGER4,0.05658132
PRKAA1,0.24830909
RPL37,0.34921375
CARD6,0.036521893
C7,0.023111088
PLCXD3,0.06534538
OXCT1,0.19012958
RIMOC1,0.051468104
FBXO4,0.0513743
GHR,0.43372652
CCDC152,0.0069472915
SELENOP,0.16763821
ANXA2R,0.0035301042
ZNF131,0.49152872
HMGCS1,0.22107776
TMEM267,0.16168453
PAIP1,0.12331464
NNT-AS1,0.14917701
NNT,0.36782163
FGF10,0.004015288
MRPS30,0.043550298
EMB,0.028605869
PARP8,0.4332276
ITGA1,0.3527304
PELO,0.0
ITGA2,0.60110426
MOCS2,0.059254922
NDUFS4,0.34741887
ENSG00000272416,0.0004176806
ARL15,1.4693267
SNX18,0.077863015
GZMK,0.0018800107
GZMA,0.0068398416
GPX8,0.017052474
DHX29,0.24201128
MTREX,0.37757784
PLPP1,0.74834293
SLC38A9,0.2572544
IL6ST,0.69654524
ANKRD55,0.04156687
MAP3K1,0.5554186
SETD9,0.017803611
MIER3,0.08497751
GPBP1,0.86581594
RMEL3,0.0050125546
PLK2,0.040753093
GAPT,0.0
RAB3C,0.01265641
PDE4D,2.9348502
ERCC8,0.20594345
NDUFAF2,0.2941338
SMIM15,0.04219537
ZSWIM6,1.5380065
KIF2A,0.2712919
DIMT1,0.052384693
IPO11,0.1809087
RNF180,0.4413816
RGS7BP,0.01077753
SREK1IP1,0.14569291
CWC27,0.34538716
ADAMTS6,0.082293265
PPWD1,0.17129123
TRIM23,0.11167147
TRAPPC13,0.13964762
SHLD3,0.0
SGTB,0.02557107
NLN,0.09918435
ERBIN,1.0521613
SREK1,0.51203316
MAST4,1.1920687
CD180,0.0011769492
PIK3R1,0.3317097
SLC30A5,0.16960678
CCNB1,0.00486165
CENPH,0.008777045
KGD4,0.109643966
CDK7,0.13043442
CCDC125,0.22740865
AK6,0.06604763
TAF9,0.0
RAD17,0.15153095
MARVELD2,0.11844148
OCLN,0.38790575
GTF2H2C,0.08234547
SMN1,0.022594461
NAIP,0.47005814
GTF2H2,0.1659663
BDP1,0.7011484
MCCC2,0.2446699
MAP1B,0.07375802
MRPS27,0.22276455
PTCD2,0.056177802
ZNF366,0.04905183
TNPO1,0.45764536
FCHO2,0.5471151
BTF3,0.13735324
ANKRA2,0.06829753
UTP15,0.019639751
ARHGEF28,0.81899583
ENC1,0.04152571
HEXB,0.12243855
GFM2,0.09879008
NSA2,0.10034838
HMGCR,0.11286171
CERT1,0.49781528
POLK,0.41443664
ANKDD1B,0.16682571
POC5,0.08033268
IQGAP2,0.43825552
F2R,0.03321885
S100Z,0.014656368
CRHBP,0.041399654
AGGF1,0.0053708307
ZBED3,0.05528273
ZBED3-AS1,0.0
PDE8B,0.013116655
WDR41,0.21608415
TBCA,0.40006357
AP3B1,0.7340899
SCAMP1-AS1,0.018328102
SCAMP1,0.2274456
LHFPL2,0.12093316
ARSB,0.29270986
DMGDH,0.40782234
BHMT,0.20709547
JMY,0.24650982
TENT2,0.8023492
CMYA5,0.50785226
MTX3,0.062562495
SERINC5,0.5558477
ZFYVE16,0.44480228
FAM151B-DT,0.02727166
DHFR,1.0273879
MSH3,0.57065105
RASGRF2,0.45409435
CKMT2-AS1,0.2566143
ZCCHC9,0.077070326
SSBP2,0.6677851
ATG10,0.4489592
RPS23,0.42266393
ATP6AP1L,0.19060478
TMEM167A,0.11507166
XRCC4,0.23123714
VCAN,0.42559457
EDIL3,0.38588387
COX7C,0.2333817
RASA1,0.56994873
CCNH,0.7316986
TMEM161B,0.20379472
TMEM161B-DT,0.4697334
MEF2C,0.40770924
CETN3,0.050028626
POLR3G,0.025779542
LYSMD3,0.07341063
ARRDC3,0.41527918
NR2F1-AS1,0.22446783
NR2F1,0.06764957
ARB2A,1.0163656
POU5F2,0.0
KIAA0825,0.5759776
SLF1,0.12260299
MCTP1,0.19563916
SKIC3,0.38696152
ARSK,0.05307056
RHOBTB3,0.5564834
GLRX,0.1371303
ELL2,0.56739175
CAST,0.72049737
ERAP1,0.12703733
ENSG00000248734,0.010764974
ERAP2,0.080754
LNPEP,0.48309022
RIOK2,0.051462863
CHD1,0.6384121
FAM174A,0.078841366
ST8SIA4,0.036580037
PAM,1.00394
GIN1,0.06080351
PPIP5K2,0.40089175
MACIR,0.022560952
NUDT12,0.03665073
FBXL17,1.1786547
LINC01023,0.013638385
FER,0.9559599
ENSG00000249476,0.031566348
PJA2,0.40369138
MAN2A1,0.563044
SLC25A46,0.18487808
TSLP,0.0034274878
WDR36,0.09830389
CAMK4,0.04467583
STARD4,0.036461547
STARD4-AS1,0.027502023
NREP,0.22248946
EPB41L4A,0.8600195
EPB41L4A-AS1,0.023573423
APC,0.26473126
SRP19,0.11467492
REEP5,0.2618843
DCP2,0.24437757
MCC,0.42452183
YTHDC2,0.36123186
PGGT1B,0.13336621
CCDC112,0.062135667
FEM1C,0.086563565
TMED7,0.00027441763
ATG12,0.11868391
AP3S1,0.17285384
COMMD10,0.8931216
SEMA6A,0.42014247
DMXL1,0.7125632
TNFAIP8,0.38279364
HSD17B4,0.26730326
PRR16,0.052542146
ENSG00000248927,0.0
SRFBP1,0.16992535
SNCAIP,0.052135862
SNX2,0.2979069
SNX24,0.44710225
PPIC,0.06390402
CEP120,0.16636553
CSNK1G3,0.2704796
ZNF608,0.48040158
GRAMD2B,0.71210194
ALDH7A1,0.24282542
PHAX,0.082584664
LMNB1,0.022399327
MARCHF3,0.10284281
C5orf63,0.061193686
PRRC1,0.088632315
SLC12A2-DT,0.4366863
SLC12A2,0.18815193
ISOC1,0.033887353
HINT1,0.28602377
LYRM7,0.06786722
CDC42SE2,0.9332511
FNIP1,0.00029053367
ACSL6,0.0015242619
P4HA2,0.1633249
PDLIM4,0.039378818
SLC22A5,0.20628317
ENSG00000283782,0.46163562
IRF1,0.26343963
RAD50,0.0048164483
KIF3A,0.14901143
CCNI2,0.002959031
SEPTIN8,0.088488825
SHROOM1,0.0793913
UQCRQ,0.17318179
LEAP2,0.02461431
AFF4,0.9644749
ZCCHC10,0.21816467
HSPA4,0.23571524
ENSG00000250244,0.0038351724
C5orf15,0.14110829
VDAC1,0.19403839
ENSG00000271737,0.008097805
TCF7,0.055503152
SKP1,0.28510758
PPP2CA,0.00027456155
CDKL3,0.1624295
UBE2B,0.40766105
ENSG00000248559,0.008914338
CDKN2AIPNL,0.026396472
JADE2,0.15892701
SAR1B,0.1797803
SEC24A,0.16131301
CAMLG,0.067694575
DDX46,0.46473607
C5orf24,0.08931659
TXNDC15,0.1049426
PCBD2,0.34772232
PITX1,0.0063053267
MACROH2A1,0.29944083
TGFBI,0.046119444
SMAD5-AS1,0.00026831214
SMAD5,0.27649644
KLHL3,0.26719254
HNRNPA0,0.100451626
FAM13B,0.60299736
NME5,0.17108852
BRD8,0.16881737
CDC23,0.06646796
FAM53C,0.06626778
KDM3B,0.4386669
REEP2,0.0064219856
EGR1,0.8973394
ETF1,0.35445604
HSPA9,0.34476948
CTNNA1,1.1339097
SIL1,0.6557031
MATR3,0.0
PAIP2,0.24018632
PROB1,0.0060741333
DNAJC18,0.06283228
ECSCR,0.0
STING1,0.048412643
UBE2D2,0.80867016
CXXC5,0.27082133
NRG2,0.12938139
MALINC1,0.012008995
PURA,0.2620677
IGIP,0.041864216
CYSTM1,0.7378378
PFDN1,0.21670704
HBEGF,0.11237572
ANKHD1,0.00046348321
SRA1,0.10114296
EIF4EBP3,0.0050776578
APBB3,0.06605827
SLC35A4,0.034723546
CD14,0.021369068
NDUFA2,0.08485566
TMCO6,0.014047167
IK,0.088901825
WDR55,0.04985372
HARS1,0.115967155
HARS2,0.030653233
ZMAT2,0.06719061
TAF7,0.15983804
PCDHGA5,0.0
PCDHGA6,0.0
PCDHGA8,0.0
PCDHGA10,0.0
PCDHGA12,0.0
DIAPH1,0.6916411
HDAC3,0.13132773
RELL2,0.0064678714
FCHSD1,0.027363334
ARAP3,0.10868149
PCDH1,0.085058615
DELE1,0.15813375
PCDH12,0.02745853
RNF14,0.115872
GNPDA1,0.082008764
NDFIP1,0.43167987
SPRY4,0.0881537
ARHGAP26,0.921879
NR3C1,0.52332145
YIPF5,0.05612024
LARS1,0.36553505
RBM27,0.0
TCERG1,0.3689492
DPYSL3,0.041442793
JAKMIP2,0.027068067
FBXO38,0.18677785
ADRB2,0.006286239
AFAP1L1,0.08094921
GRPEL2,0.02407663
PCYOX1L,0.01715982
IL17B,0.0025507947
CARMN,0.04914169
LNPPS,0.005630006
CSNK1A1,1.1086154
ARHGEF37,0.098563954
PPARGC1B,0.07193063
SLC26A2,0.11732121
TIGD6,0.010003549
HMGXB3,0.19938518
CSF1R,0.023975996
PDGFRB,0.07401257
TCOF1,0.09433016
CD74,0.3899638
RPS14,0.3965104
NDST1,0.17956576
SYNPO,0.13147049
RBM22,0.072565705
DCTN4,0.25942495
SMIM3,0.04352108
ZNF300,0.030251907
GPX3,0.8955348
TNIP1,0.22789963
ANXA6,0.091857806
CCDC69,0.0469486
GM2A,0.02083175
SLC36A1,0.08888626
SPARC,0.13136816
ATOX1,0.15328507
G3BP1,0.31042773
FAM114A2,0.081755176
MFAP3,0.13984089
GALNT10,0.35908732
SAP30L,0.041259397
LARP1,0.57857126
FAXDC2,0.18092504
CNOT8,0.11643119
GEMIN5,0.06822527
MRPL22,0.060993973
HAVCR2,0.114765584
MED7,0.004288199
CYFIP2,0.60217774
ADAM19,0.058265544
THG1L,0.021200188
LSM11,0.011146262
CLINT1,0.59352404
EBF1,0.34450656
RNF145,0.27750432
UBLCP1,0.106455185
TTC1,0.19753468
PWWP2A,0.2756233
C1QTNF2,0.0029329753
FAM200C,0.018333783
SLU7,0.07232248
PTTG1,0.0022016033
CCNG1,0.08857078
NUDCD2,0.03777951
MAT2B,0.061590657
WWC1,1.2938784
RARS1,0.16247359
PANK3,0.14824821
SLIT3,0.24648903
SPDL1,0.027707925
DOCK2,0.08821514
LCP2,0.05751065
KCNMB1,0.008278813
RANBP17,0.37551874
NPM1,0.2282059
FBXW11,0.7059238
STK10,0.22299469
UBTD2,0.2773148
SH3PXD2B,0.124988325
NEURL1B,0.051711205
DUSP1,0.7598525
ERGIC1,0.49127117
RPL26L1,0.02262767
ATP6V0E1,0.4060757
CREBRF,0.36574018
BNIP1,0.04977895
STC2,0.0031856103
BOD1,0.04607843
CPEB4,1.0950288
DRD1,0.0006845379
SFXN1,0.2439029
HRH2,0.023336928
THOC3,0.14072545
SIMC1,0.28688118
KIAA1191,0.122256875
ARL10,0.0676688
NOP16,0.017475542
HIGD2A,0.0
CLTB,0.13054563
FAF2,0.29143924
RNF44,0.060327332
EIF4E1B,0.0
TSPAN17,0.066817105
HK3,0.0016985934
UIMC1,0.4182466
ZNF346,0.21409968
NSD1,0.90069973
MXD3,0.030185929
PRELID1,0.051006515
LMAN2,0.13355753
RGS14,0.04530235
F12,0.0026758006
GRK6,0.07609694
PRR7,0.011359283
DBN1,0.065387174
PDLIM7,0.09467183
DOK3,0.015027574
DDX41,0.03617226
FAM193B,0.22757044
TMED9,0.10029299
B4GALT7,0.04139526
N4BP3,0.018116787
RMND5B,0.17722708
NHP2,0.047889877
HNRNPAB,0.10087705
PHYKPL,0.37165943
CLK4,0.1974332
ZNF354A,0.06599425
ZNF354B,0.07458899
ZNF354C,0.046767388
ADAMTS2,0.02942195
RUFY1,0.327167
HNRNPH1,0.92439735
CANX,0.38371307
MAML1,0.16774681
LTC4S,0.020336345
MGAT4B,0.08585152
SQSTM1,0.67150295
MRNIP,0.13939357
MRNIP-DT,0.0048271683
TBC1D9B,0.15921773
RNF130,0.56677556
MAPK9,0.1574422
CNOT6,0.2123626
FLT4,0.08551565
MGAT1,0.13084151
LINC00847,0.009798892
ZFP62,0.05927262
BTNL9,0.15764901
TRIM7-AS2,0.009847594
TRIM7,0.005802
TRIM41,0.08168068
RACK1,0.26008654
TRIM52,0.10196737
DUSP22,0.124645814
IRF4,0.006338296
EXOC2,0.35427344
ENSG00000272463,0.0008293906
FOXC1,0.10208627
GMDS,0.92785156
GMDS-DT,1.3037584
WRNIP1,0.11780756
SERPINB1,0.15938725
SERPINB9,0.06318286
SERPINB6,0.30667937
LINC01011,0.0
NQO2,0.2571784
RIPK1,0.2764508
BPHL,0.09770003
TUBB2A,0.021362098
TUBB2B,0.011832115
PSMG4,0.13984054
SLC22A23,0.33855376
PXDC1,0.084047094
FAM50B,0.009232607
PRP4K,0.5534778
ECI2,0.13571934
CDYL,0.46678853
PPP1R3G,0.00584135
LYRM4,0.27910486
FARS2,0.8619637
NRN1,0.0043474557
F13A1,0.13775785
LY86,0.019180048
RREB1,0.74486417
SSR1,0.15481596
RIOK1,0.06073921
DSP,0.26839414
SNRNP48,0.08644175
BLOC1S5,0.0
EEF1E1,0.0011183352
SLC35B3,0.11053723
TFAP2A,0.068236046
GCNT2,0.56965196
PAK1IP1,0.04339058
TMEM14C,0.07121492
TMEM14B,0.0010548136
SYCP2L,0.061395496
ELOVL2,0.00635685
SMIM13,0.047979377
NEDD9,0.6575326
TMEM170B,0.04203847
HIVEP1,0.5000617
EDN1,0.04635377
PHACTR1,0.50348705
TBC1D7,0.0695103
GFOD1,0.124266855
SIRT5,0.15318355
NOL7,0.08479263
RANBP9,0.3848698
MCUR1,0.08836868
CD83,0.114792034
JARID2,0.6238594
DTNBP1,0.33057773
MYLIP,0.14725815
GMPR,0.11687189
ATXN1,1.2489328
RBM24,0.0040139924
CAP2,0.20497757
FAM8A1,0.039723646
NUP153,0.380574
NUP153-AS1,0.0027367186
KIF13A,0.6457418
TPMT,0.10588724
KDM1B,0.111255825
DEK,0.23846103
RNF144B,0.4465015
ID4,0.03170429
E2F3,0.22137687
CDKAL1,1.1908729
SOX4,0.27822772
MRS2,0.117016844
TDP2,0.103635825
ACOT13,0.10975741
ENSG00000272345,0.0029812315
C6orf62,0.36601177
GMNN,0.056697633
RIPOR2,0.32804006
CARMIL1,0.8067352
TRIM38,0.36369035
H1-2,0.058774896
HFE,0.025625492
H4C3,0.08062909
H2BC4,0.0077635515
H2AC6,0.071588285
H1-4,0.019179009
H2BC5,0.016582584
ENSG00000282988,0.0007668082
H4C5,0.000925485
H1-3,0.007729075
H4C8,0.008493193
BTN3A2,0.060552094
BTN2A2,0.03438138
BTN3A1,0.073379494
BTN3A3,0.0320395
BTN2A1,0.08474539
HCG11,0.021038482
HMGN4,0.05399801
ABT1,0.023322234
ZNF322,0.09781279
ZNF391,0.016339539
H4C11,0.0003364219
H2BC15,0.011144128
ZSCAN16-AS1,0.07516805
ZKSCAN8,0.078828044
ZSCAN9,0.049081743
ZKSCAN4,0.011278656
ZSCAN26,0.0012830596
PGBD1,0.050805375
ZKSCAN3,0.02410781
ZSCAN12,0.035033215
TRIM27,0.1564445
UBD,0.0019950026
GABBR1,0.1949387
HLA-F,0.06646408
HLA-A,0.56689024
POLR1H,0.027520193
PPP1R11,0.06142776
TRIM26,0.26063105
HCG18,0.00649331
TRIM39,0.0053698453
RPP21,0.0020835267
HLA-E,0.46204463
GNL1,0.2089283
PRR3,0.06780634
ABCF1,0.2036265
PPP1R10,0.3847115
MRPS18B,0.059706703
ATAT1,0.0875361
C6orf136,0.052157663
DHX16,0.09459739
PPP1R18,0.03690427
NRM,0.008456585
MDC1,0.0967051
TUBB,0.15866737
FLOT1,0.24678148
IER3,0.4894341
DDR1,0.1771476
VARS2,0.083218075
PSORS1C1,0.02359534
CCHCR1,0.07395603
TCF19,0.011965211
ENSG00000272501,0.024159377
HCG27,0.029914789
HLA-C,0.33246377
HLA-B,0.38400862
MICA,0.17489482
DDX39B,0.0
NFKBIL1,0.04919979
TNF,0.025277613
LTB,0.01683672
LST1,0.0095100645
NCR3,0.0012128403
AIF1,0.017392311
PRRC2A,0.20966701
BAG6,0.13098584
C6orf47,0.028281756
GPANK1,0.056734495
CSNK2B,0.00096148736
LY6G5C,0.0027427042
ABHD16A,0.0055786613
LY6G6C,0.0025256202
DDAH2,0.08085342
CLIC1,0.17950031
VARS1,0.04898963
LSM2,0.056379676
HSPA1A,0.40553105
HSPA1B,0.34547928
SNHG32,0.057941824
NEU1,0.074770704
SLC44A4,0.1443734
EHMT2,0.084628396
C2,0.05134024
NELFE,0.07421057
SKIC2,0.048303317
DXO,0.024926972
STK19,0.07598223
TNXB,0.07698895
ATF6B,0.169723
FKBPL,0.00642603
PRRT1,0.0075760894
PPT2,0.0
AGPAT1,0.05706445
RNF5,0.03698369
AGER,0.022404097
PBX2,0.09946746
GPSM3,0.014900819
NOTCH4,0.08796458
HLA-DRA,0.16069148
HLA-DRB5,0.07942492
HLA-DRB1,0.19561182
HLA-DQA1,0.051820867
HLA-DQB1,0.10020961
HLA-DQA2,0.00034441162
TAP2,0.0
PSMB8,0.04844584
PSMB8-AS1,7.699772e-05
PSMB9,0.043044735
TAP1,0.0688098
HLA-DMB,0.0561283
HLA-DMA,0.01708677
BRD2,0.29812136
HLA-DOA,0.027786601
HLA-DPA1,0.08473808
HLA-DPB1,0.086752966
RXRB,0.07521186
SLC39A7,0.06923861
HSD17B8,0.02671559
RING1,0.11443964
VPS52,0.10655685
RPS18,0.32398602
B3GALT4,0.031891078
WDR46,0.07685911
PFDN6,0.040132914
RGL2,0.16309008
TAPBP,0.34711218
ZBTB22,0.020167693
DAXX,0.031814504
PHF1,0.151191
CUTA,0.108693294
SYNGAP1,0.068390556
BAK1,0.022226525
UQCC2,0.07773358
LEMD2,0.11580579
HMGA1,0.0672184
SMIM29,0.022707652
NUDT3,0.11364256
RPS10,0.0
SPDEF,0.0034468856
ILRUN,0.40535444
ILRUN-AS1,0.0067587104
SNRPC,0.060207702
BLTP3A,0.17410727
TAF11,0.16944669
ANKS1A,0.70436954
SCUBE3,0.031757955
ZNF76,0.18263625
DEF6,0.020632192
PPARD,0.21500961
RPL10A,0.2639618
TEAD3,0.13273208
FKBP5,0.5479858
SRPK1,0.2867962
MAPK14,0.4742291
MAPK13,0.045135397
BRPF3,0.06618058
ETV7,0.008977268
KCTD20,0.2728033
STK38,0.46713054
SRSF3,0.3814797
CDKN1A,0.1955422
PPIL1,0.023264186
C6orf89,0.24539335
MTCH1,0.22082716
FGD2,0.016976984
PIM1,0.10305423
TBC1D22B,0.20651607
RNF8,0.14573903
CMTR1,0.105620444
CCDC167,0.014227879
ZFAND3,1.8016539
BTBD9,1.3095334
GLO1,0.12152864
SAYSD1,0.03746896
KCNK17,0.00025005217
DAAM2,0.052611914
MOCS1,0.04680805
OARD1,0.15747903
NFYA,0.14773673
TREM2,0.00045139992
TREM1,0.0064806705
FOXP4-AS1,0.006397831
FOXP4,0.058838915
TFEB,0.23048477
FRS3,0.017872952
MED20,0.030193286
BYSL,0.008700192
CCND3,0.64461166
TAF8,0.13818094
C6orf132,0.12268097
MRPS10,0.05156106
TRERF1,0.24804346
UBR2,0.66033256
TBCC,0.02247168
BICRAL,0.46886262
RPL7L1,0.16876657
C6orf226,0.01617317
PTCRA,0.0018252336
CNPY3,0.05641444
LINC02976,0.035985228
GNMT,0.002130242
PPP2R5D,0.06432867
MEA1,0.027096901
KLHDC3,0.0628089
RRP36,0.097245194
CUL7,0.07398171
KLC4,0.113812685
MRPL2,0.057882883
PTK7,0.1955135
SRF,0.08017834
CUL9,0.12005222
DNPH1,0.051832456
ZNF318,0.084857225
ABCC10,0.08700645
TJAP1,0.110002674
POLR1C,0.13013597
YIPF3,0.088213384
XPO5,0.21222568
GTPBP2,0.10475531
MAD2L1BP,0.019950816
MRPS18A,0.036623903
VEGFA,0.4322967
MRPL14,0.07153722
TMEM63B,0.10290054
SLC29A1,0.06351989
HSP90AB1,0.49574226
SLC35B2,0.037780423
NFKBIE,0.026275927
CDC5L,0.1560271
SUPT3H,0.6540328
RUNX2,0.14801346
CLIC5,0.21060838
ENPP4,0.058127083
ENPP5,0.04916919
RCAN2,0.32463682
SLC25A27,0.2527041
PLA2G7,0.002644872
ADGRF5,0.38833556
TNFRSF21,0.32899308
CD2AP,0.882738
MMUT,0.087748766
CENPQ,0.030246152
MCM3,0.043840922
PAQR8,0.0
EFHC1,0.22513771
TRAM2,0.13375776
TRAM2-AS1,0.012805208
TMEM14A,0.034468185
GSTA2,0.026667919
GSTA1,0.06576491
GSTA4,0.081267364
CILK1,0.07322799
FBXO9,0.22508265
ELOVL5,0.32335645
GCLC,0.14332123
LRRC1,0.22333609
HMGCLL1,0.019951388
BMP5,0.019282464
COL21A1,0.031004705
DST,1.1946768
KIAA1586,0.03380704
ZNF451,0.36970094
BAG2,0.022304585
RAB23,0.027126955
PTP4A1,0.2829167
PHF3,0.70298743
ADGRB3,0.2297401
LMBRD1,0.44967854
FAM135A,0.61457175
SDHAF4,0.046787772
SMAP1,0.5683843
B3GAT2,0.013613115
OGFRL1,0.05350988
LINC00472,0.17379084
CGAS,0.033954933
MTO1,0.13514736
EEF1A1,0.90663147
SLC17A5,0.14165574
CD109,0.088070884
COL12A1,0.054524586
COX7A2,0.13744172
TMEM30A,0.15318634
FILIP1,0.050155744
SENP6,0.96552503
MYO6,1.2163162
IRAK1BP1,0.23711157
PHIP,0.7696411
HMGN3,0.46109608
LCA5,0.091273464
SH3BGRL2,0.14109215
BCKDHB,0.57965153
TENT5A,0.13712093
IBTK,0.43163687
TPBG,0.09057154
UBE3D,0.34073022
DOP1A,0.48716113
PGM3,0.11321817
RWDD2A,0.016510129
ME1,0.100693874
CYB5R4,0.15378064
CEP162,0.29639795
NT5E,0.08059038
SNX14,0.4261149
SYNCRIP,0.28964466
CGA,0.00050985307
ZNF292,0.8705485
SMIM8,0.21768276
SLC35A1,0.02128952
RARS2,0.34586644
ORC3,0.23924682
AKIRIN2,0.09289572
RNGTT,0.48805317
PNRC1,0.2045652
PM20D2,0.09684468
UBE2J1,0.1794354
RRAGD,0.09928262
ANKRD6,0.36377218
LYRM2,0.086855255
MDN1,0.36777917
CASP8AP2,0.20986038
MAP3K7,0.3152271
MANEA,0.051164363
UFL1,0.18284251
FHL5,0.005457368
NDUFAF4,0.027994238
MMS22L,0.13796826
FBXL4,0.35851848
COQ3,0.026857957
PNISR,1.1382087
USP45,0.18547884
CCNC,0.343732
ASCC3,0.58088404
HACE1,0.19622155
PREP,0.17400067
ATG5,0.35620967
PRDM1,0.0399509
CRYBG1,0.42747948
RTN4IP1,0.080086485
QRSL1,0.11170615
CD24,0.75691265
MTRES1,0.1018272
SOBP,0.23326035
SCML4,0.033770036
SEC63,0.44252115
OSTM1,0.1447084
SNX3,0.21512598
AFG1L,0.29363552
FOXO3,0.7588895
ARMC2,0.23148462
SESN1,0.3407653
CEP57L1,0.13074201
CD164,0.25866777
SMPD2,0.02618434
MICAL1,0.07687236
ZBTB24,0.05545063
AK9,0.31110016
FIG4,0.18188596
WASF1,0.100359276
CDC40,0.15988915
CDK19,0.41237968
AMD1,0.24385926
GTF3C6,0.061842673
RPF2,0.112313785
MFSD4B,0.15365745
REV3L,0.6661573
ENSG00000272356,0.045578748
TRAF3IP2-AS1,0.32009003
TRAF3IP2,0.08516026
FYN,0.4137546
TUBE1,0.10187231
FAM229B,0.045457333
LAMA4,0.12316433
MARCKS,0.09052304
MROCKI,0.015702806
HDAC2,0.123056345
NT5DC1,0.52583665
COL10A1,0.0125521775
TSPYL4,0.04181721
DSE,0.32693428
TSPYL1,0.102514096
CALHM6,0.00013014037
RWDD1,0.09848785
ZUP1,0.07576883
KPNA5,0.21329907
FAM162B,0.006255416
DCBLD1,0.10169794
GOPC,0.16961838
NUS1,0.17003524
CEP85L,0.3112134
PLN,0.004946809
MCM9,0.29980823
ASF1A,0.024116555
MAN1A1,0.6434808
GJA1,0.13353515
HSF2,0.045027696
SERINC1,0.22959407
PKIB,0.09351622
SMPDL3A,0.029080076
RNF217,0.29967493
TPD52L1,0.29920897
HDDC2,0.09403453
HEY2,0.02367401
NCOA7,1.1219362
HINT3,0.06335436
TRMT11,0.24780157
CENPW,0.0034943097
RSPO3,0.0051960647
RNF146,0.15146749
ECHDC1,0.25344577
THEMIS,0.03249132
PTPRK,1.1951721
LAMA2,0.08707092
ARHGAP18,0.50440633
L3MBTL3,0.10606557
SAMD3,0.06278163
EPB41L2,0.36872792
AKAP7,0.17704752
ARG1,0.0002284823
MED23,0.19095734
CCN2,0.15792395
STX7,0.37123305
VNN1,0.03660661
VNN2,0.012682979
SLC18B1,0.10367745
RPS12,0.4896529
TCF21,0.02584215
TBPL1,0.09310516
SGK1,0.35010812
LINC03002,0.09333189
HBS1L,0.18932554
AHI1,0.8659895
PDE7B,1.0964683
BCLAF1,0.6151016
MAP3K5,0.6709643
PEX7,0.13624062
IFNGR1,0.16658635
WAKMAR2,0.017093051
TNFAIP3,0.10514747
PERP,0.14308244
HEBP2,0.12547204
NHSL1,0.4727639
NHSL1-AS1,0.013287088
CCDC28A,0.05825222
REPS1,0.43029708
ABRACL,0.02989091
HECA,0.09956788
CITED2,0.07674348
ENSG00000234147,0.0013912701
VTA1,0.173722
ADGRG6,0.22672024
HIVEP2,0.8364632
AIG1,0.66115105
ADAT2,0.07000924
PEX3,0.18531747
FUCA2,0.072401054
PHACTR2,0.5265054
LTV1,0.015596396
PLAGL1,0.20680657
SF3B5,0.06510121
STX11,0.019607753
UTRN,1.2719657
EPM2A,0.18789539
FBXO30,0.045700703
SHPRH,0.5132001
RAB32,0.037614685
STXBP5,0.51426995
SAMD5,0.40800604
SASH1,1.1846105
TAB2,0.47258365
PPIL4,0.2580839
GINM1,0.2330853
KATNA1,0.13207427
LATS1,0.33966792
ENSG00000278899,0.0023153375
NUP43,0.1246776
PCMT1,0.18704212
LRP11,0.09891713
ULBP2,0.0014902812
PLEKHG1,0.6683069
MTHFD1L,0.49220476
AKAP12,0.43076667
ZBTB2,0.04388142
RMND1,0.15583476
ARMT1,0.051120475
ESR1,0.20475939
SYNE1,1.4998121
MYCT1,0.037798896
FBXO5,0.011937042
MTRF1L,0.07929099
IPCEF1,0.51373816
CNKSR3,0.94723415
SCAF8,0.66997635
TIAM2,0.46807608
TFB1M,0.24148309
ARID1B,1.6715239
TMEM242,0.10619141
ZDHHC14,0.8811253
SNX9,0.6622666
SYNJ2,0.22188883
SERAC1,0.06845048
GTF2H5,0.089752175
TULP4,0.79587644
TMEM181,0.2612403
DYNLT1,0.17307888
SYTL3,0.42698076
EZR,0.93448734
LINC02901,0.015643671
TAGAP,0.012935873
SOD2,0.0
WTAP,0.42849442
ACAT2,0.03851689
TCP1,0.112009786
MRPL18,0.052121334
IGF2R,0.5592367
MAP3K4,0.36205977
AGPAT4,0.29529175
CAHM,0.010514605
QKI,1.0003946
PDE10A,1.212852
SFT2D1,0.1493605
MPC1,0.4073819
RPS6KA2,0.45451927
ENSG00000249141,0.024343109
RNASET2,0.0046139713
CEP43,0.30809072
CCR6,0.012361583
AFDN,0.8817215
SMOC2,0.026429614
THBS2,0.0111975055
WDR27,0.37807983
C6orf120,0.01838252
PHF10,0.13225539
ERMARD,0.10098799
ENSG00000273100,0.0035703972
DLL1,0.046236686
FAM120B,0.6283525
PSMB1,0.15102218
TBP,0.056834567
PDCD2,0.05579593
LINC03014,0.00819542
FAM20C,0.36993748
PDGFA,0.11633969
PRKAR1B,0.23002245
DNAAF5,0.13911095
SUN1,0.3699
ADAP1,0.05643859
COX19,0.12980023
C7orf50,0.25880894
GPR146,0.012715089
ZFAND2A,0.025715064
ZFAND2A-DT,0.011277821
MICALL2,0.09942091
INTS1,0.14520389
MAFK,0.16698071
PSMG3,0.033757865
PSMG3-AS1,0.03993383
MAD1L1,0.35585317
MRM2,0.029710373
NUDT1,0.00932089
SNX8,0.16904692
EIF3B,0.18471864
CHST12,0.120050095
LFNG,0.016018676
BRAT1,0.079822704
IQCE,0.15266116
TTYH3,0.22182098
AMZ1,0.03308235
GNA12,0.25747046
CARD11,0.12985773
FOXK1,0.3848879
AP5Z1,0.1027818
RADIL,0.012061258
RBAK-RBAKDN,0.19823867
RBAK,0.0
WIPI2,0.1773601
TNRC18,0.75981665
ACTB,1.0989513
FSCN1,0.02590373
RNF216,0.5173526
CCZ1,0.096181504
PMS2,0.14617836
AIMP2,0.0695215
EIF2AK1,0.16300106
USP42,0.23044474
CYTH3,0.24046072
FAM220A,0.023578925
RAC1,0.39406285
DAGLB,0.0886884
KDELR2,0.0
ZDHHC4,0.038897008
INTS15,0.06735116
ZNF853,0.0065688067
ZNF316,0.11764672
ZNF12,0.10183881
CCZ1B,0.10525907
C1GALT1,0.3247659
MIOS,0.19941211
RPA3,0.06532008
UMAD1,0.74181247
GLCCI1,0.42772263
ICA1,0.54988426
NDUFA4,0.17657313
PHF14,0.5381189
THSD7A,1.1516823
TMEM106B,0.15886752
ARL4A,0.032410152
ETV1,0.08021283
MEOX2,0.0023115822
ANKMY2,0.12393124
BZW2,0.21308114
TSPAN13,0.030829078
AGR2,0.11523006
AGR3,0.022463493
AHR,0.09028733
ENSG00000237773,0.099178396
SNX13,0.4205733
HDAC9,0.25859693
POLR1F,0.038150087
MACC1,0.69023126
SP4,0.18918656
CDCA7L,0.024979366
RAPGEF5,0.42402697
STEAP1B-AS1,0.008974209
TOMM7,0.19160007
HYCC1,0.12166781
KLHL7,0.14987582
NUP42,0.16179375
GPNMB,0.051707678
MALSU1,0.12121538
TRA2A,0.8965476
CCDC126,0.08692223
GSDME,0.052791115
OSBPL3,0.78239655
CYCS,0.08789416
NFE2L3,0.059957504
HNRNPA2B1,1.0861877
CBX3,0.17172994
SNX10,0.45694938
SKAP2,0.5718366
HOTAIRM1,0.08735065
HOXA-AS2,0.04454002
HOXA4,0.0
HOXA5,0.0
HIBADH,0.57919127
TAX1BP1,0.67566586
JAZF1,0.5760352
CREB5,0.42305362
TRIL,0.0068402365
CPVL,0.31026968
CHN2,0.0
PRR15,0.019713068
SCRN1,0.17370704
FKBP14,0.050686914
PLEKHA8,0.16127603
MTURN,0.25752673
ZNRF2,0.32599223
NOD1,0.11096169
GGCT,0.019327307
GARS1,0.1185036
INMT,0.00555438
MINDY4,0.0
AQP1,0.16112827
PDE1C,0.3432006
LSM5,0.059094407
AVL9,0.5463079
KBTBD2,0.21346723
FKBP9,0.12492837
NT5C3A,0.21279097
RP9,0.041135505
BBS9,0.63923484
BMPER,0.030555975
DPY19L1,0.20548174
HERPUD2,0.22775519
HERPUD2-AS1,0.011493104
SEPTIN7,0.47315097
EEPD1,0.18258683
AOAH,0.12816171
ELMO1,0.40585363
NME8,0.0
STARD3NL,0.12826636
TRGC2,0.012115419
TRG-AS1,0.017062947
AMPH,0.05180134
VPS41,0.46751195
YAE1,0.047049757
RALA,0.25800428
CDK13,0.8592997
MPLKIP,0.08260132
SUGCT,0.52512205
INHBA,0.015832832
GLI3,0.16101824
PSMA2,0.00014983007
MRPL32,0.051427167
STK17A,0.20989953
COA1,0.63346833
BLVRA,0.08091677
URGCP,0.15204601
UBE2D4,0.054623183
DBNL,0.1159658
PGAM2,0.007037261
POLM,0.12393655
AEBP1,0.04970678
POLD2,0.05824603
YKT6,0.057022423
NUDCD3,0.4029218
DDX56,0.13856998
TMED4,0.15565899
OGDH,0.5741022
ZMIZ2,0.2647188
PPIA,0.30301827
H2AZ2,0.18957673
PURB,0.122869134
MYO1G,0.0071118386
SNHG15,0.029528733
CCM2,0.27426925
TBRG4,0.058428306
RAMP3,0.15323545
ADCY1,0.037980855
IGFBP3,0.20789775
TNS3,1.2046983
HUS1,0.12566103
UPP1,0.26267016
IKZF1,0.058890615
FIGNL1,0.019482145
GRB10,0.6190637
VSTM2A,0.0
SEC61G,0.103891835
EGFR,0.6874642
VOPP1,0.4934245
NIPSNAP2,0.32177508
MRPS17,0.0
PSPH,0.10205096
CCT6A,0.1769971
SUMF2,0.24651006
PHKG1,0.08961566
CHCHD2,0.1964543
ZNF736,0.20108376
ZNF680,0.19374458
ZNF107,0.07983042
ZNF138,0.16671027
ZNF273,0.04189828
ZNF117,0.11996927
ERV3-1,0.00090766465
ZNF92,0.038084764
VKORC1L1,0.33789226
GUSB,0.09692153
ASL,0.09159951
CRCP,0.041170545
TPST1,0.87673944
KCTD7,0.0
RABGEF1,0.010539349
ENSG00000272831,0.033746243
TMEM248,0.17342988
SBDS,0.100162946
TYW1,0.5424923
AUTS2,0.9796982
POM121,0.3325198
NSUN5,0.12907116
BAZ1B,0.4853663
BCL7B,0.08885977
TBL2,0.037954237
DNAJC30,0.03797465
BUD23,0.14432603
ABHD11,0.24739975
CLDN3,0.13818663
CLDN4,0.36985612
ELN,0.037532195
LIMK1,0.063430466
EIF4H,0.15683363
LAT2,0.029862344
RFC2,0.05466148
GTF2IRD1,0.770567
GTF2I,0.93926144
NCF1,0.011797161
GTF2IRD2,0.23784773
RCC1L,0.1480111
GTF2IRD2B,0.28169873
TRIM73,0.088164285
POM121C,0.32408482
HIP1,1.1465641
RHBDD2,0.15045245
POR,0.31611833
TMEM120A,0.10615607
STYXL1,0.22879072
MDH2,0.08024266
HSPB1,0.42012426
YWHAG,0.26572326
ZP3,0.0574584
DTX2,0.17180252
CCDC146,0.39083785
FGL2,0.043624345
GSAP,0.3170741
PTPN12,0.64425856
APTR,0.10858108
RSBN1L,0.3271067
TMEM60,0.021608207
PHTF2,0.28476372
MAGI2,1.5211569
GNAI1,0.4376127
CD36,0.043848157
SEMA3C,0.22202174
HGF,0.021575918
CACNA2D1,0.5110254
SEMA3D,0.05213237
ELAPOR2,0.09862962
DMTF1-AS1,0.0014074866
DMTF1,0.4365322
TMEM243,0.14049448
TP53TG1,0.034568403
CROT,0.14159541
ABCB1,0.21958068
RUNDC3B,0.087875135
SLC25A40,0.07690649
DBF4,0.0433204
SRI,0.10362804
STEAP4,0.041984886
STEAP2,0.09247915
CFAP69,0.29781455
GTPBP10,0.14916341
CDK14,0.9172014
FZD1,0.022968486
MTERF1,0.4234692
AKAP9,1.1312243
CYP51A1,0.0035937598
KRIT1,0.41862336
ANKIB1,0.7603686
GATAD1,0.12917258
PEX1,0.1579372
RBM48,0.050199166
FAM133B,0.26510575
CDK6,0.44560102
SAMD9,0.04480068
SAMD9L,0.10384083
VPS50,0.40207505
TFPI2,0.15526281
GNG11,0.0692495
BET1,0.11097104
COL1A2,0.036027744
CASD1,0.23948963
SGCE,0.22053966
PPP1R9A,0.8881913
PON3,0.011860623
PON2,0.36250627
PDK4,0.77117884
DYNC1I1,0.11603293
SLC25A13,0.6225071
SEM1,0.3052942
SDHAF3,0.06505853
ASNS,0.05351834
LMTK2,0.36729413
TECPR1,0.13557298
BRI3,0.26647124
TRRAP,0.4856213
SMURF1,0.64825696
ARPC1A,0.0
ARPC1B,0.11710305
PDAP1,0.08585826
BUD31,0.06637084
PTCD1,0.015433362
CPSF4,0.054019757
ATP5MF,0.0
ZNF394,0.10531216
ZKSCAN5,0.08378936
FAM200A,0.038892433
ZNF655,0.0004048756
TMEM225B,0.003644597
ZSCAN25,0.06139953
CYP3A5,0.33472368
CYP3A4,0.0031426593
ENSG00000273407,0.0014155935
TRIM4,0.1919891
AZGP1,0.07824827
ZKSCAN1,0.42175874
ZSCAN21,0.056087706
ZNF3,0.11934085
COPS6,0.09394014
MCM7,0.06484552
AP4M1,0.071939655
TAF6,0.040966984
CNPY4,0.018238183
LAMTOR4,0.15406694
TRAPPC14,0.028278466
GAL3ST4,0.0030328222
STAG3,0.066361286
PILRB,0.33843467
PILRA,0.13579793
MEPCE,0.06433975
PPP1R35,0.047215935
SPACDR,0.012958483
TSC22D4,0.12508261
AGFG2,0.0826172
SAP25,0.037104778
LRCH4,0.07903383
PCOLCE,0.02148751
MOSPD3,0.01629473
GNB2,0.15755804
GIGYF1,0.22573632
POP7,0.0134342825
EPHB4,0.09288714
SLC12A9,0.16939296
TRIP6,0.104247086
SRRT,0.15942955
UFSP1,0.0033228649
MUC12,0.024475247
MUC12-AS1,0.0046786345
TRIM56,0.2572816
SERPINE1,0.103838764
AP1S1,0.04822296
PLOD3,0.077094465
ZNHIT1,0.1533787
CLDN15,0.045973133
FIS1,0.1592209
IFT22,0.045218546
CUX1,1.5498441
PRKRIP1,0.6648645
ORAI2,0.1344411
ALKBH4,0.029283645
LRWD1,0.013334079
POLR2J,0.051216744
POLR2J3,0.0
POLR2J3,0.0
RASA4,0.0
FAM185A,0.30685946
LRRC17,0.04246727
ARMC10,0.14364266
NAPEPLD,0.2848054
PMPCB,0.16752756
DNAJC2,0.15748145
PSMC2,0.091627516
RELN,0.02208718
ORC5,0.17763953
KMT2E-AS1,0.06397254
KMT2E,0.9373309
SRPK2,1.1355816
PUS7,0.108886175
RINT1,0.10612278
ATXN7L1,0.69398314
SYPL1,0.16685975
NAMPT,1.030487
NAMPT-AS1,0.009264056
CCDC71L,0.04799342
PRKAR2B,0.0660716
HBP1,0.2779669
COG5,0.6878989
DUS4L,0.03413768
BCAP29,0.16717692
CBLL1-AS1,0.0023984986
CBLL1,0.06613074
DLD,0.14104337
LAMB1,0.8368028
PNPLA8,0.30610427
THAP5,0.0049915565
DNAJB9,0.042515893
IMMP2L,2.1982076
DOCK4,0.84554845
ZNF277,0.3366407
IFRD1,0.34490225
LSMEM1,0.03581783
TMEM168,0.24148935
SAMTOR,0.25262854
SMIM30,0.03503076
MDFIC,0.38199455
TFEC,0.087473296
TES,0.25351876
CAV2,0.08172544
CAV1,0.044402603
CAPZA2,0.47540128
ST7,0.7187589
CTTNBP2,0.36004916
LSM8,0.10151656
TSPAN12,0.2901853
ING3,0.092648186
CPED1,0.079279065
FAM3C,0.25297278
AASS,0.2515577
CADPS2,1.0466601
NDUFA5,0.14674817
WASL,0.34217867
WASL-DT,0.00811477
POT1,0.16364318
ZNF800,0.26923206
GCC1,0.021549128
ARF5,0.056914218
SND1,0.6584482
SND1-IT1,0.0
RBM28,0.16059227
IMPDH1,0.029988926
HILPDA,0.020081703
METTL2B,0.16075407
LINC03072,0.037945636
CALU,0.19208643
FLNC,0.0055982536
ATP6V1F,0.08498188
IRF5,0.036030907
TNPO3,0.39951676
TSPAN33,0.088206284
AHCYL2,0.6201212
ENSG00000273329,0.036999255
NRF1,0.5484839
UBE2H,1.2189411
ZC3HC1,0.14776972
KLHDC10,0.49333313
TMEM209,0.08724831
CEP41,0.048409052
MEST,0.03619381
COPG2,0.19046901
LINC00513,0.36702806
ENSG00000271204,0.0
MKLN1,1.2360853
ENSG00000273489,0.018568328
PODXL,0.34466624
CHCHD3,0.8671876
EXOC4,1.5578614
SLC35B4,0.15737088
LINC03060,0.0008837693
AKR1B1,0.14632402
BPGM,0.06326983
CALD1,0.58793247
CYREN,0.1357581
TMEM140,0.0806984
ENSG00000272941,0.0054461104
WDR91,0.2601191
CNOT4,0.5831577
NUP205,0.14069231
STMP1,0.19198394
FAM180A,0.011883952
MTPN,0.17359614
PTN,0.024333281
CREB3L2,0.4621427
AKR1D1,0.0050452943
TRIM24,0.26634905
KIAA1549,0.26566806
ZC3HAV1,0.36849794
IFT56,0.11479193
UBN2,0.3742953
FMC1,0.00021225146
LUC7L2,0.13322029
HIPK2,1.2584536
TBXAS1,0.19172533
PARP12,0.11256044
KDM7A,0.32316896
SLC37A3,0.21124572
MKRN1,0.19600254
DENND2A,0.32246882
ADCK2,0.011423239
NDUFB2,0.1962451
NDUFB2-AS1,0.005536115
BRAF,1.1320857
MRPS33,0.04776255
AGK,0.19259216
ENSG00000244701,0.07490408
DENND11,0.17378142
SSBP1,0.1874984
CLEC5A,0.005635035
PRSS2,0.00015055617
TRBC1,0.0049454235
TRBC2,0.0046429574
EPHB6,0.030349204
GSTK1,0.18425272
CASP2,0.055985615
FAM131B-AS2,0.014487304
ZYX,0.16789283
EPHA1-AS1,0.01671451
TCAF1,0.19014697
OR2A25,0.000108762935
OR2A1-AS1,0.0
TPK1,0.20996073
ENSG00000273314,0.0046967394
CUL1,0.3968509
EZH2,0.07917607
PDIA4,0.11434715
ZNF282,0.09419641
ZNF212,0.08397281
ZNF783,0.10154647
ZNF777,0.041776445
ZNF746,0.050554603
ZNF467,0.03839338
ZNF862,0.17508383
ATP6V0E2,0.03367342
RARRES2,0.055897165
REPIN1,0.0
ENSG00000284691,0.023573212
GIMAP8,0.07185883
GIMAP7,0.031368177
GIMAP4,0.03171703
GIMAP6,0.010450715
GIMAP2,0.008798691
GIMAP1,0.0
GIMAP5,0.0036705635
TMEM176B,0.27219233
TMEM176A,0.086154126
NOS3,0.03711064
ATG9B,0.0073871543
ABCB8,0.08372329
CDK5,0.0058919424
SLC4A2,0.10379844
FASTK,0.124836884
TMUB1,0.072995886
AGAP3,0.13792662
ABCF2,0.0
CHPF2,0.03651374
SMARCD3,0.08995264
NUB1,0.15199418
WDR86,0.016645048
RHEB,0.36567008
PRKAG2,0.79747343
PRKAG2-AS1,0.004522206
GALNT11,0.50284845
ENSG00000229591,0.0031261551
KMT2C,1.2970328
LINC01003,0.006799325
XRCC2,0.01689476
ACTR3B,0.21065058
PAXIP1-AS2,0.07322873
PAXIP1,0.09779962
PAXIP1-DT,0.02405826
INSIG1,0.0870332
RBM33-DT,0.08837183
RBM33,0.656471
RNF32-DT,0.16645631
LMBR1,0.46886346
NOM1,0.09674103
UBE3C,0.6183768
DNAJB6,0.4351974
PTPRN2,0.08685979
NCAPG2,0.040622517
ESYT2,0.66269636
DYNC2I1,0.68882567
PLCXD1,0.028460573
GTPBP6,0.08698613
LINC00685,0.10696938
PPP2R3B,0.05889966
CSF2RA,0.047412824
IL3RA,0.14635628
SLC25A6,0.19350106
ASMTL,0.12009919
P2RY8,0.073809646
AKAP17A,0.13093662
DHRSX,0.65616906
ZBED1,0.0
CD99,0.15482713
ARSD,0.31372064
MXRA5,0.07835257
PRKX,0.38243225
PUDP,0.15851933
STS,0.070689894
PNPLA4,0.039972503
ANOS1,0.03424695
TBL1X,0.9863594
WWC3,0.17169015
HCCS,0.020839047
ARHGAP6,1.4953228
MSL3,0.04446341
PRPS2,0.06801302
TLR7,0.0011074956
TLR8,0.0004955533
TMSB4X,0.5309296
TCEANC,0.02265392
RAB9A,0.14141226
TRAPPC2,0.085320115
OFD1,0.4369975
GPM6B,0.10447218
GEMIN8,0.13015991
MOSPD2,0.074173786
ASB9,0.031517897
PIGA,0.06509546
PIR,0.10199577
CLTRN,0.124490626
CA5B,0.29052427
ZRSR2,0.13346204
AP1S2,0.0920664
CTPS2,0.2581678
SYAP1,0.28753462
TXLNG,0.19567715
RBBP7,0.14804943
REPS2,0.36462754
NHS,1.4598233
SCML1,0.23899187
RAI2,0.123112984
CDKL5,0.32450703
PHKA2,0.17955144
PDHA1,0.13786487
SH3KBP1,0.2597719
BCLAF3,0.26466703
EIF1AX,0.2662058
RPS6KA3,0.4452951
MBTPS2,0.11372391
SMS,0.2909123
PRDX4,0.025772868
ACOT9,0.20027727
SAT1,1.3061525
APOO,0.5471048
KLHL15,0.048223168
EIF2S3,0.20463581
ZFX,0.3802337
PDK3,0.12082131
POLA1,0.27069557
TASL,0.0082457485
GK,0.20136732
TAB3,0.20423286
DMD,0.24632733
TMEM47,0.077669375
PRRG1,0.013145896
CYBB,0.0
DYNLT3,0.0659992
SRPX,0.0054979264
RPGR,0.2150135
TSPAN7,0.010050829
MID1IP1,0.04816108
BCOR,0.3483422
ATP6AP2,0.16552009
CXorf38,0.09528416
MED14,0.25353664
MED14OS,0.0006049912
USP9X,0.77060515
DDX3X,0.58671564
CASK,0.6325253
GPR34,0.014853395
GPR82,0.007458752
MAOA,0.28429648
FUNDC1,0.031180248
KDM6A,0.9207245
DIPK2B,0.051174067
MIR222HG,0.26551458
KRBOX4,0.13948973
ZNF674-AS1,0.005285108
CHST7,0.016705627
RP2,0.054432984
RGN,0.27330425
NDUFB11,0.1032433
RBM10,0.20839272
UBA1,0.25385582
CDK16,0.1152865
USP11,0.13858338
ZNF41,0.0962668
ARAF,0.08441874
TIMP1,0.23148581
CFP,0.0049748905
ELK1,0.032763854
UXT,0.071404025
ZNF182,0.04528267
SLC38A5,0.0013946461
FTSJ1,0.024078285
EBP,0.051286127
TBC1D25,0.05876074
RBM3,0.16309862
WDR13,0.1985198
WAS,0.010918591
HDAC6,0.19247146
PCSK1N,0.09196908
TIMM17B,0.03950028
PQBP1,0.042256802
SLC35A2,0.028398499
PIM2,0.009199533
OTUD5,0.19642285
GRIPAP1,0.18174338
TFE3,0.10135041
CCDC120,0.061744016
PRAF2,0.01560249
WDR45,0.120987795
GPKOW,0.017547704
MAGIX,0.023761647
PLP2,0.066110395
CCDC22,0.02913894
CLCN5,0.66507727
SHROOM4,0.5510087
GSPT2,0.019563429
MAGED1,0.43298656
TSPYL2,0.10164643
KANTR,0.4106992
KDM5C,0.22284117
IQSEC2,0.12928024
SMC1A,0.19002673
HSD17B10,0.045546334
HUWE1,0.63086843
PHF8,0.23191497
FAM120C,0.15130763
WNK3,0.111793764
TSR2,0.033324372
GNL3L,0.06922958
MAGED2,0.08656803
APEX2,0.018912774
VCF2,0.036302563
MAGEH1,0.018003356
USP51,0.02241408
RRAGB,0.23595779
ENSG00000227486,0.37497115
KLF8,0.07793019
UBQLN2,0.0649113
NBDY,0.2588139
SPIN3,0.08152215
SPIN2B,0.013562994
ENSG00000226310,0.0058276816
ZXDB,0.011498657
SPIN4,0.014603966
ARHGEF9,0.20390524
AMER1,0.01374329
LAS1L,0.064052105
MSN,0.6100682
MIR223HG,0.0035621948
VSIG4,0.0048838626
HEPH,0.018225754
AR,0.15591942
OPHN1,0.61914444
YIPF6,0.15540884
STARD8,0.08998891
EFNB1,0.106411874
PJA1,0.016430689
EDA,0.33768138
IGBP1,0.17267404
PDZD11,0.017212497
DLG3,0.1482017
SNX12,0.04813559
IL2RG,0.0
MED12,0.05488562
ZMYM3,0.05192665
NONO,0.14851627
TAF1,0.4467162
OGT,0.51709765
GCNA,0.045997277
LINC00891,0.004738585
NHSL2,0.12664226
PIN4,0.12883778
RPS4X,0.3891542
CITED1,0.004185584
HDAC8,0.79254925
NAP1L2,0.009567054
CHIC1,0.2764811
TSIX,0.030855706
XIST,1.9459963
JPX,0.89872456
FTX,2.2198274
SLC16A2,0.0811903
RLIM,0.17234555
ABCB7,0.2504077
UPRT,0.05673898
PBDC1,0.027287498
MAGEE1,0.0036947187
ATRX,1.1327274
MAGT1,0.2458494
COX7B,0.14625196
ATP7A,0.0094867
PGK1,0.275184
TAF9B,0.016975448
CYSLTR1,0.013308767
P2RY10,0.0017527471
GPR174,0.010717251
ITM2A,0.010362509
BRWD3,0.31164345
HMGN5,0.06834554
SH3BGRL,0.3455762
APOOL,0.161996
ZNF711,0.04697041
CHM,0.30446956
KLHL4,0.06141455
PABPC5,0.0034996737
NAP1L3,0.0035025144
DIAPH2,0.5433595
TSPAN6,0.04701095
SYTL4,0.15404046
CSTF2,0.013490561
TIMM8A,0.012142743
BTK,0.0091924975
RPL36A,6.0105453e-05
GLA,0.06746013
HNRNPH2,0.040972292
ARMCX4,0.4845891
ARMCX1,0.017728439
ARMCX6,0.03525691
ARMCX3,0.12542802
ARMCX2,0.063700214
ZMAT1,0.5434769
TCEAL2,0.008351407
BEX5,0.013286898
TMSB15A,0.0019448104
ARMCX5,0.030031983
GPRASP1,0.050081283
GPRASP3,0.06375852
LINC00630,0.18641406
BEX1,0.0044246046
BEX4,0.07331175
TCEAL8,0.04360441
BEX2,0.06600706
TCEAL9,0.12420768
BEX3,0.1690681
TCEAL4,0.18783593
TCEAL3,0.05677557
TCEAL1,0.022986999
MORF4L2,0.351957
PLP1,0.0
RAB9B,0.0058144955
TMSB15B,0.0
SLC25A53,0.17046548
FAM199X,0.1797628
TBC1D8B,0.09710084
MORC4,0.101277135
RBM41,0.2652225
PRPS1,0.029045906
TSC22D3,0.18848087
PSMD10,0.014711944
ATG4A,0.047462218
COL4A5,0.50776076
NXT2,0.0041236184
ACSL4,1.0455205
TMEM164,0.3215656
AMMECR1,0.24005064
ALG13,0.35215902
AMOT,0.07035058
IL13RA2,0.0021608295
LRCH2,0.04523372
PLS3,0.38067392
WDR44,0.26425683
DOCK11,0.18726899
IL13RA1,0.20496726
PGRMC1,0.10435719
SLC25A43,0.1393972
SLC25A5,0.08617039
STEEP1,0.05198061
UBE2A,0.07970934
NKRF,0.048102275
SEPTIN6,0.25311962
SOWAHD,0.00021246968
RPL39,0.052115243
UPF3B,0.21688873
RNF113A,0.0037893436
NDUFA1,0.12449161
NKAP,0.07529373
ZBTB33,0.016492968
TMEM255A,0.005232261
LAMP2,0.24591686
CUL4B,0.11258702
MCTS1,0.11706244
C1GALT1C1,0.028573865
THOC2,0.6431298
XIAP,0.48683718
STAG2,0.5909054
SH2D1A,0.0
SMARCA1,0.27949563
OCRL,0.10030467
SASH3,0.0069417395
ZDHHC9,0.09185064
UTP14A,0.060674094
ELF4,0.07745692
AIFM1,0.12628938
RAB33A,0.0012738303
RBMX2,0.041016303
ENOX2,0.28662097
STK26,0.017889867
RAP2C,0.10908562
MBNL3,0.18158783
GPC4,0.3667782
GPC3,0.07602773
PHF6,0.11593183
HPRT1,0.21878584
MIR503HG,0.14215088
PABIR2,0.06746388
MOSPD1,0.037112143
SMIM10,0.0027484184
RTL8B,0.006137631
RTL8C,0.08160171
RTL8A,0.028834008
ZNF75D,0.28898284
ZNF449,0.042720016
SMIM10L2A,0.005641696
INTS6L,0.121107996
MMGT1,0.037248593
SLC9A6,0.06225544
FHL1,0.07533152
MAP7D3,0.052239724
HTATSF1,0.05880738
CD40LG,0.001821141
ARHGEF6,0.07851472
ENSG00000232611,0.12044739
RBMX,0.49044326
FGF13,0.5442333
ATP11C,0.35216403
LDOC1,0.012826377
SLITRK4,0.020895895
FMR1,0.23599066
IDS,0.15422393
EOLA1-DT,0.090864584
EOLA1,0.007618516
TMEM185A,0.06097649
EOLA2,0.014288847
MTM1,0.23497567
MTMR1,0.1898779
CD99L2,0.14992672
HMGB3,0.01521019
VMA21,0.04216224
PRRG3,0.001464825
GABRE,0.07691021
CETN2,0.050843447
NSDHL,0.024158644
ZNF185,0.057649553
ZNF275,0.025238961
HAUS7,0.00045155082
BGN,0.07598045
CCNQ,0.014974502
PNCK,0.0054909172
SLC6A8,0.104388356
BCAP31,0.19583663
ABCD1,0.025587529
IDH3G,0.06442768
SSR4,0.13346083
PDZD4,0.0075355577
ARHGAP4,0.035365865
NAA10,0.0007064702
RENBP,0.035984084
HCFC1,0.048527595
TMEM187,0.017567199
IRAK1,0.05008328
MECP2,0.5650093
FLNA,0.23160627
EMD,0.08836439
RPL10,0.45942762
ENSG00000280195,0.013106514
DNASE1L1,0.04801964
TAFAZZIN,0.14652368
ATP6AP1-DT,0.017454844
ATP6AP1,0.15053175
GDI1,0.09516106
FAM50A,0.07249612
PLXNA3,0.053412262
LAGE3,0.009972623
UBL4A,0.019382369
SLC10A3,0.023973236
FAM3A,0.07832776
G6PD,0.022458656
GAB3,0.039433114
DKC1,0.044913653
MPP1,0.049023636
F8,0.10991237
F8A1,0.0
FUNDC2,0.08793353
CMC4,0.0
MTCP1,0.014747481
BRCC3,0.12647353
VBP1,0.049876433
RAB39B,0.000444885
CLIC2,0.06903566
TMLHE-AS1,0.06144764
TMLHE,0.21619095
VAMP7,0.08111801
ZNF596,0.06942558
FBXO25,0.1853646
TDRP,0.27547508
ERICH1,0.53636676
CLN8,0.00073077664
CLN8-AS1,0.022642367
ARHGEF10,0.0022631325
MYOM2,0.030517833
MCPH1,0.5336382
ANGPT2,0.06966384
AGPAT5,0.13559283
DEFB1,0.5820682
PRAG1,0.15049614
CLDN23,0.0067816647
MFHAS1,0.9196836
ERI1,0.15090477
PPP1R3B,0.23975277
TNKS,0.85438573
MSRA,0.60500985
SOX7,0.0125133945
PINX1,0.0
XKR6,0.6853299
MTMR9,0.13575809
BLK,0.0020718854
GATA4,0.0015170247
NEIL2,0.028413145
FDFT1,0.20214374
CTSB,0.43241996
LONRF1,0.22263658
DLC1,0.48935142
TUSC3,0.36349204
MSR1,0.20667796
MICU3,0.2711874
ZDHHC2,0.23906076
CNOT7,0.11033425
VPS37A,0.14658469
SLC7A2,0.2776214
PDGFRL,0.010112035
MTUS1,0.6087995
PCM1,0.9019891
ASAH1,0.2603653
NAT1,0.050351627
PSD3,0.6180089
SH2D4A,0.18564107
CSGALNACT1,1.0254774
INTS10,0.3478721
LPL,0.023839056
ATP6V1B2,0.19420172
LZTS1,0.023439882
GFRA2,0.009989761
DOK2,0.0053407415
XPO7,0.2786019
DMTN,0.16120286
FHIP2B,0.11365418
NUDT18,0.010449012
REEP4,0.016338652
BMP1,0.11459624
POLR3D,0.040790316
SLC39A14,0.2425807
PPP3CC,0.40164402
ENSG00000251034,0.005584686
SORBS3,0.07285683
PDLIM2,0.0052844603
C8orf58,0.015924314
CCAR2,0.10507695
BIN3,0.24919407
EGR3,0.08041002
RHOBTB2,0.08390354
TNFRSF10B,0.5289945
TNFRSF10D,0.31039947
TNFRSF10A,0.10773253
CHMP7,0.0450218
R3HCC1,0.03299304
LOXL2,0.11361276
ENTPD4,0.14541829
SLC25A37,0.48700622
STC1,0.11255985
ADAM28,0.16593246
DOCK5,0.49997464
KCTD9,0.15144518
PPP2R2A,0.5588463
BNIP3L,0.32426557
PNMA2,0.007783641
DPYSL2,0.18713926
TRIM35,0.049217045
PTK2B,0.22205739
EPHX2,0.3024548
CLU,0.53282815
CCDC25,0.09211128
ELP3,0.25368172
ZNF395,0.06545047
FZD3,0.059238974
EXTL3,0.124418646
HMBOX1,0.59583557
KIF13B,0.8156899
DUSP4,0.05493894
SARAF,0.25908354
ENSG00000272256,0.0052118218
LEPROTL1,0.11618978
DCTN6-DT,0.018472355
DCTN6,0.04889772
RBPMS,2.0031955
GTF2E2,0.2842545
GSR,0.18139969
UBXN8,0.036209278
PPP2CB,0.41084903
WRN,0.31239724
FUT10,0.2233761
TTI2,0.06338149
MAK16,0.029956937
RNF122,0.055026844
DUSP26,0.0026771259
ZNF703,0.015110067
ERLIN2,0.1038896
PLPBP,0.056217074
ADGRA2,0.024059992
BRF2,0.009708511
RAB11FIP1,0.38570476
EIF4EBP1,0.024790261
ASH2L,0.15380168
LSM1,0.05151339
BAG4,0.18038759
DDHD2,0.17148997
PLPP5,0.08773658
NSD3,0.59692645
LETM2,0.06122012
FGFR1,0.38781914
ENSG00000253361,0.032049716
TACC1,0.90110534
PLEKHA2,0.41142088
ENSG00000253645,0.010284829
HTRA4,0.0055264025
TM2D2,0.038243525
ADAM9,0.32185712
TCIM,0.57707196
SIRLNT,0.0024533987
SFRP1,0.14156274
GOLGA7,0.070884235
GINS4,0.009053389
GPAT4,0.18097031
ANK1,0.017877636
KAT6A,0.8088267
AP3M2,0.088388324
PLAT,0.15597562
IKBKB,0.32413238
POLB,0.09273389
VDAC3,0.11654562
SLC20A2,0.745279
SMIM19,0.08058897
THAP1,0.016395103
RNF170,0.22031729
HOOK3,0.46063858
FNTA,0.091966204
HGSNAT,0.42274132
SPIDR,1.2133654
CEBPD,0.32243583
PRKDC,0.48422372
MCM4,0.031137096
UBE2V2,0.16613503
SNAI2,0.0074376836
PCMTD1,0.6373307
PCMTD1-DT,0.07008968
RB1CC1,0.58728504
ATP6V1H,0.51583046
TCEA1,0.19901524
LYPLA1,0.294019
MRPL15,0.056124676
SOX17,0.0049693636
TMEM68,0.11789049
TGS1,0.23412158
LYN,0.26507044
RPS20,0.23570566
PLAG1,0.15003115
CHCHD7,0.041022807
SDR16C5,0.0051871063
BPNT2,0.11218964
LINC03018,0.0
FAM110B,0.46022546
UBXN2B,0.15704377
SDCBP,0.26357138
NSMAF,0.19895731
RAB2A,0.61996317
CHD7,0.5935259
ASPH,0.59645784
GGH,0.023953633
YTHDF3,0.33442816
CYP7B1,0.28502834
ARMC1,0.13098398
MTFR1,0.19223918
ENSG00000272155,0.002595826
PDE7A,0.48828372
DNAJC5B,0.002821844
RRS1,0.0020757192
ADHFE1,0.19700195
MYBL1,0.023307323
VCPIP1,0.094028614
SGK3,0.37213957
COPS5,0.028151246
CSPP1,0.60532075
ARFGEF1,1.028283
PREX2,0.15395449
SULF1,0.13383849
NCOA2,1.1852639
TRAM1,0.28147417
LACTB2,0.1398682
MSC-AS1,0.2150377
MSC,0.009687782
TERF1,0.17536965
RPL7,0.29922932
STAU2,0.5467778
UBE2W,0.00023223848
ELOC,0.15144746
TMEM70,0.022133308
LY96,0.024715533
JPH1,0.039699566
GDAP1,0.21199065
PI15,0.0015869564
CRISPLD1,0.02077415
PEX2,0.100810625
ZC2HC1A,0.17904061
IL7,0.13348164
HEY1,0.0039883405
MRPS28,0.011639728
TPD52,0.3786367
ENSG00000251867,0.008230446
ZBTB10,0.18338898
ZNF704,0.7303848
PAG1,0.16296315
FABP5,0.021743149
FABP4,0.0016914911
IMPA1,0.15337339
ZFAND1,0.11454438
CHMP4C,0.04807805
SNX16,0.06900252
LRRCC1,0.04588179
E2F5,0.061893284
RBIS,0.10040719
CA13,0.16206428
CA3,0.16903217
CA2,0.08260203
WWP1,0.6855595
RMDN1,0.25050005
CPNE3,0.19271651
PARAIL,0.6508221
RIPK2,0.09313789
OSGIN2,0.09569133
NBN,0.14536126
DECR1,0.31807947
TMEM64,0.067360215
NECAB1,0.080637924
PIP4P2,0.05843673
OTUD6B-AS1,0.07525885
OTUD6B,0.08665189
LRRC69,0.12863973
RUNX1T1,0.18265493
TRIQK,0.14921819
CIBAR1,0.08715272
RBM12B,0.14780031
TMEM67,0.24646538
PDP1,0.05134876
GEM,0.17297418
VIRMA,0.19038674
ESRP1,0.20191087
DPY19L4,0.18311702
INTS8,0.16443191
NDUFAF6,0.20534168
TP53INP1,0.090225734
PLEKHF2,0.0893856
UQCRB,0.1698878
MTERF3,0.04685881
PTDSS1,0.07393775
SDC2,0.31154466
CPQ,0.7369305
TSPYL5,0.021336282
MTDH,0.64708143
LAPTM4B,0.2822577
MATN2,0.059430763
RPL30,0.31232765
RIDA,0.07766388
NIPAL2,0.13322574
STK3,1.1447965
VPS13B-DT,0.08274292
VPS13B,1.1333207
COX6C,0.17875761
POLR2K,0.043500833
SPAG1,0.2408986
RNF19A,0.98352545
ANKRD46,0.12119262
SNX31,0.023880146
PABPC1,0.5784983
YWHAZ,0.87180984
ZNNT1,0.009626794
ZNF706,0.15093057
GRHL2,0.41633114
NCALD,0.29495963
RRM2B,0.1000596
UBR5,0.8637501
KLF10,0.3885444
AZIN1,0.25670618
ATP6V1C1,0.2707354
BAALC,0.015120241
FZD6,0.25737858
CTHRC1,0.013535241
SLC25A32,0.12576933
DCAF13,0.0779235
LRP12,0.0962889
ZFPM2,0.15633622
OXR1,1.5057558
ANGPT1,0.09323661
EIF3E,0.3347651
EMC2,0.20911376
NUDCD1,0.10347061
ENY2,0.1224238
EBAG9,0.075153835
SYBU,0.07191814
TRPS1,1.1589174
EIF3H,0.3604214
UTP23,0.0633016
RAD21,0.19308166
AARD,0.0029561997
SLC30A8,0.12663524
MED30,0.046145808
EXT1,1.2381665
ENSG00000225885,0.09823154
TNFRSF11B,0.38829997
COLEC10,0.10924609
MAL2,0.30712304
CCN3,0.015199021
ENPP2,0.11479708
TAF2,0.35809565
DEPTOR,0.8407779
ENSG00000254343,0.09860208
COL14A1,0.1642728
MRPL13,0.072560914
SNTB1,0.51548654
ZHX2,0.9849045
DERL1,0.18456239
TBC1D31,0.07387118
C8orf76,0.04575453
ZHX1,0.000775441
ATAD2,0.062860005
NTAQ1,0.08288113
FBXO32,0.09167529
FAM91A1,0.25258714
TMEM65,0.3000468
TRMT12,0.035261713
RNF139,0.075007826
TATDN1,0.22746858
NDUFB9,0.121259496
MTSS1,0.8261097
SQLE,0.094936214
WASHC5,0.18002626
NSMCE2,0.96631825
TRIB1,0.18063527
LINC00861,0.007987603
LRATD2,0.07771136
PCAT1,0.92014796
MYC,0.04604474
PVT1,0.21476904
CYRIB,0.871903
ASAP1,0.8399489
EFR3A,0.48118794
KCNQ3,0.19667858
DNAAF11,0.21652403
TMEM71,0.023843445
PHF20L1,0.37190163
SLA,0.046007648
NDRG1,0.56117874
ST3GAL1,0.40908313
ZFAT,0.2800274
KHDRBS3,0.2701465
LINC02055,0.019026583
TRAPPC9,1.0437453
CHRAC1,0.029982928
AGO2,0.44858098
PTK2,1.5991231
DENND3,0.2099425
SLC45A4,0.58167887
GPR20,0.0051729158
PTP4A3,0.06051096
ENSG00000271959,0.009997293
JRK,0.06213693
THEM6,0.021833066
LYNX1,0.0
LY6E,0.10366315
GPIHBP1,0.006684267
GLI4,0.042683482
MINCR,0.012684356
TOP1MT,0.06292471
RHPN1,0.16521311
ZC3H3,0.21117593
GSDMD,0.13362439
MROH6,0.022745648
NAPRT,0.1178896
EEF1D,0.38818863
TIGD5,0.010991105
GFUS,0.053018436
ZNF623,0.06122882
FAM83H,0.05750187
SCRIB,0.075293906
PUF60,0.08590051
NRBP2,0.08228119
EPPK1,0.046597484
PLEC,0.35518393
PARP10,0.17547458
GRINA,0.14720567
OPLAH,0.06588923
EXOSC4,0.015706047
GPAA1,0.1298453
CYC1,0.07731567
SHARPIN,0.09884332
MAF1,0.06258406
HGH1,0.0103292195
MROH1,0.38399562
BOP1,0.017646233
HSF1,0.26869813
DGAT1,0.06968342
SLC52A2,0.03136688
FBXL6,0.014338979
ADCK5,0.05271266
CPSF1,0.06969846
SLC39A4,0.030815043
VPS28,0.15597965
ZFTRAF1,0.15585485
KIFC2,0.16829334
PPP1R16A,0.18042076
GPT,0.11955737
MFSD3,0.038570184
LRRC14,0.03283902
C8orf82,0.0037053532
ZNF251,0.2567298
ZNF34,0.02286991
RPL8,0.43433073
ZNF517,0.01839942
ZNF7,0.093024015
COMMD5,0.030352933
ZNF250,0.07363109
ZNF16,0.09597645
C8orf33,0.07065467
WASHC1,0.6038577
ZNG1A,0.12780647
DOCK8-AS1,0.029494395
DOCK8,0.41347605
KANK1,1.1518515
SMARCA2,0.60723555
PUM3,0.5316797
RFX3,0.70644057
GLIS3,1.6396861
CDC37L1,0.1702984
AK3,0.61131036
RCL1,0.25777805
JAK2,0.3857248
RLN2,0.0024271996
PLGRKT,0.13848308
PDCD1LG2,0.012848019
RIC1,0.46287102
ERMP1,0.42124486
BRD10,0.72569203
RANBP6,0.061722048
IL33,0.008270538
UHRF2,0.28146917
KDM4C,0.8545643
DMAC1,0.07389572
LURAP1L,0.12327637
MPDZ,0.35030335
ENSG00000226197,0.0014879744
NFIB,1.0338295
ZDHHC21,0.4876496
TTC39B,0.30863595
SNAPC3,0.18759912
PSIP1,0.16746353
BNC2,0.88067275
CNTLN,0.30204803
ADAMTSL1,0.16213562
RRAGA,0.03167157
HAUS6,0.06319264
PLIN2,0.108723104
DENND4C,0.70250016
ENSG00000273226,0.004803283
RPS6,0.43846637
MLLT3,0.71552676
FOCAD,0.48377553
HACD4,0.018056031
KLHL9,0.069830075
MTAP,0.0014427353
CDKN2A,0.015870634
CDKN2B,0.014203973
TUSC1,0.013771211
CAAP1,0.3108069
PLAA,0.119543165
IFT74,0.30823073
TEK,0.2371617
MOB3B,0.42775092
C9orf72,0.10070528
ACO1,0.20692705
RIGI,0.26662296
TOPORS,0.1350522
SMIM27,0.021594187
NDUFB6,0.092806324
APTX,0.18860386
DNAJA1,0.24672699
SMU1,0.17040625
B4GALT1,0.6060531
BAG1,0.18808644
CHMP5,0.10001133
NFX1,0.48537236
AQP7,0.102070026
AQP3,0.21819921
NOL6,0.023136726
UBE2R2,0.6163677
UBAP2,0.43564722
DCAF12,0.1035049
UBAP1,0.59165156
NUDT2,0.04609075
FAM219A,0.16759886
ENHO,0.0009885293
CNTFR,0.002101889
RPP25L,0.012264182
DCTN3,0.03901005
SIGMAR1,0.019760946
GALT,0.009039132
IL11RA,0.0628409
ENSG00000187186,0.016379775
CCL19,0.0
CCL21,0.001009181
VCP,0.23345958
PIGO,0.033436816
STOML2,0.06857137
ATOSB,0.03700129
UNC13B,0.5611267
RUSC2,0.37107658
TESK1,0.032755453
CD72,0.047113907
SIT1,0.0003536277
CCDC107,0.06719977
TPM2,0.044307176
TLN1,0.18377143
CREB3,0.034864273
GBA2,0.18000273
RGP1,0.07134125
ENSG00000227388,0.08282263
HINT2,0.05490881
HRCT1,0.0051595494
RECK,0.1305793
GLIPR2,0.024180952
CLTA,0.34482452
GNE,0.15919797
RNF38,0.64897484
EBLN3P,0.1344654
ZCCHC7,0.9527573
GRHPR,0.09229969
ZBTB5,0.1057089
POLR1E,0.013067053
FBXO10,0.005318442
TOMM5,0.0
TRMT10B,0.1412523
EXOSC3,0.0
DCAF10,0.35811433
SLC25A51,0.0
SHB,0.00040620402
ALDH1B1,0.019382995
ZNG1F,0.067035414
CNTNAP3B,0.516589
ZNG1E,0.21192883
ANKRD20A3P,0.00580438
ZNG1C,0.044604007
PGM5,0.30631533
PABIR1,0.0
FXN,0.0
ENTREP1,0.10122497
APBA1,0.16673951
PTAR1,0.32475075
SMC5,0.6266339
KLF9,0.35561946
CEMIP2,0.46947575
ABHD17B,0.17077495
C9orf85,0.21812302
LINC01504,0.12563385
ZFAND5,0.38709763
ALDH1A1,0.15552215
ANXA1,0.3384288
C9orf40,0.011383141
CARNMT1,0.18185063
NMRK1,0.14470188
OSTF1,0.16911219
PCSK5,0.5128072
RFK,0.05686266
GCNT1,0.10704133
VPS13A,0.7008369
GNAQ,1.3137386
CEP78,0.076641135
TLE4,0.34918445
TLE1,0.33021107
RASEF,0.24950513
FRMD3,0.6327892
IDNK,0.087035656
UBQLN1,0.28504786
UBQLN1-AS1,0.0040864255
GKAP1,0.21885811
KIF27,0.26450914
QNG1,0.025863662
HNRNPK,0.39188406
RMI1,0.04847294
NTRK2,0.19679068
AGTPBP1,0.30494297
NAA35,0.35191685
GOLM1,0.2903236
ISCA1,0.07523268
TUT7,0.32377902
GAS1,0.021157457
DAPK1,1.0386765
CTSL,0.08182801
CDK20,0.013407065
SPIN1,0.692675
S1PR3,0.01447193
CKS2,0.01374203
SECISBP2,0.49205068
SEMA4D,0.4157046
GADD45G,0.025779467
SYK,0.1960835
AUH,0.6267641
NFIL3,0.1482354
SPTLC1,0.31568417
IARS1,0.23072621
NOL8,0.12919496
CENPP,0.1801183
OMD,0.0037708061
ASPN,0.007301315
ECM2,0.041556135
IPPK,0.08604433
BICD2,0.08559394
ZNF484,0.061727494
FGD3,0.084936656
SUSD3,0.0266657
CARD19,0.050894078
NINJ1,0.051908713
WNK2,0.03255877
FAM120AOS,0.058803953
FAM120A,0.4110027
PHF2,0.17015709
MIRLET7A1HG,0.0
ZNF169,0.07910823
MFSD14B,0.21519145
FBP1,0.14102574
AOPEP,1.4723135
PTCH1,0.07308837
ERCC6L2-AS1,0.33704343
ERCC6L2,0.42273018
SLC35D2,0.12581943
HABP4,0.25492886
CDC14B,0.4345992
PRXL2C,0.05453702
ZNF510,0.06257995
ZNF782,0.18494305
MFSD14CP,0.59162307
TDRD7,0.12220547
TMOD1,0.10299661
TSTD2,0.12940203
NCBP1,0.117194064
XPA,0.17134866
TRMO,0.06080937
ANP32B,0.15539154
NANS,0.06387714
TRIM14,0.10992632
CORO2A,0.07288519
TBC1D2,0.11511724
ANKS6,0.13257976
COL15A1,0.04416106
TGFBR1,0.47925335
ALG2,0.049214743
SEC61B,0.13952881
NR4A3,0.1513734
STX17,0.20260508
ERP44,0.314111
INVS,0.6706285
TEX10,0.11119397
MSANTD3,0.024066193
BAAT,0.0034013917
MRPL50,0.028924622
ZNF189,0.117476694
ALDOB,0.30288348
PGAP4,0.03566336
RNF20,0.07786869
SMC2,0.050904393
NIPSNAP3A,0.04269868
ABCA1,0.18604673
SLC44A1,0.49981573
FSD1L,0.27628577
FKTN,0.19158094
TMEM38B,0.14721878
ZNF462,0.45602152
RAD23B,0.39962554
KLF4,0.14907621
ELP1,0.14407468
ABITRAM,0.043436438
CTNNAL1,0.26078814
TMEM245,0.57310325
PTPN3,0.62529176
TXN,0.1875589
SVEP1,0.03784973
ENSG00000232896,0.0
ECPAS,0.5104219
PTGR1,0.46683428
DNAJC25,0.0010549778
DNAJC25-GNG10,0.00077526073
GNG10,0.0022382971
UGCG,0.7322498
SUSD1,0.41951972
PTBP3,0.8748844
HSDL2,0.36256394
KIAA1958,0.6258992
INIP,0.11759656
SNX30,0.25739262
SLC46A2,0.0019531935
SLC31A2,0.014999911
FKBP15,0.1450725
SLC31A1,0.09560123
CDC26,0.038121384
PRPF4,0.08782312
WDR31,0.06848647
BSPRY,0.072254024
HDHD3,0.14558044
ALAD,0.067195766
POLE3,0.028760042
RGS3,0.3320505
ZNF618,0.5793503
AMBP,0.0050771898
COL27A1,0.42182785
ORM1,0.0
ORM2,0.0
AKNA,0.10576174
ATP6V1G1,0.16959873
TNFSF8,0.0090905195
TNC,0.18315017
PAPPA,0.48324648
TRIM32,0.024419751
TLR4,0.0
ENSG00000284977,0.0007954679
CDK5RAP2,0.3118062
MEGF9,0.2832557
FBXW2,0.18789795
PSMD5,0.16215552
PHF19,0.01787331
C5,0.04701222
CNTRL,0.20842187
RAB14,0.20817913
GSN,0.52047396
GSN-AS1,0.0077355513
STOM,0.28069305
DAB2IP,0.39297205
NDUFA8,0.054205634
RBM18,0.047717478
MRRF,0.22889224
PTGS1,0.024155373
PDCL,0.05499018
RC3H2,0.32359102
ZBTB6,0.021158291
ZBTB26,0.04993478
RABGAP1,0.67388123
STRBP,0.49878684
DENND1A,0.84688693
LHX2,0.0025574286
NEK6,0.17588323
PSMB7,0.21111195
NR6A1,0.7554767
OLFML2A,0.024138931
RPL35,0.38305268
ARPC5L,0.0755812
GOLGA1,0.16604608
SCAI,0.22877061
PPP6C,0.24347962
RABEPK,0.09024496
HSPA5,0.24847423
GAPVD1,0.45228234
MAPKAP1,0.67853826
PBX3,0.5835797
MVB12B,0.18482699
LMX1B-DT,0.0071142
ZBTB43,0.17601417
ZBTB34,0.05174064
RALGPS1,0.5339158
ANGPTL2,0.018017026
SLC2A8,0.032704916
RPL12,0.12468449
LRSAM1,0.20503485
NIBAN2,0.26289114
STXBP1,0.18598138
PTRH1,0.052252535
TOR2A,0.012079906
SH2D3C,0.10419425
CDK9,0.09379486
FPGS,0.14000979
ENG,0.2742067
AK1,0.01960009
ST6GALNAC6,0.0
ST6GALNAC4,0.0136791505
PIP5KL1,0.014560382
DPM2,0.07128951
EEIG1,0.2647504
SLC25A25,0.29526573
PTGES2,0.0688064
LCN2,0.21988304
BBLN,0.11302165
CIZ1,0.121272705
GOLGA2,0.21149303
SWI5,0.05176828
TRUB2,0.05201346
COQ4,0.30558193
SLC27A4,0.10554173
URM1,0.07219231
CERCAM,0.031328905
ODF2,0.16928075
GLE1,0.10916694
SPTAN1,0.5055973
DYNC2I2,0.13311413
SET,0.21134345
PKN3,0.043637887
ZDHHC12,0.027131366
ZER1,0.4284067
TBC1D13,0.10487212
ENDOG,0.029768677
SPOUT1,0.032259323
LRRC8A,0.09453501
PHYHD1,0.07453013
DOLK,0.010872831
NUP188,0.08165516
SH3GLB2,0.1477066
MIGA2,0.1097945
CRAT,0.06580888
PTPA,0.15569584
IER5L,0.09175142
LINC02975,0.004298742
LINC01503,0.10945787
NTMT1,0.060541477
ASB6,0.038351092
PTGES,0.04139194
TOR1B,0.0476072
TOR1A,0.03133854
C9orf78,0.0680095
USP20,0.13798036
FNBP1,0.6152901
GPR107,0.3073218
ASS1,0.30101603
FUBP3,0.2795266
EXOSC2,0.032993622
ABL1,0.6956116
FIBCD1,0.0013658294
LAMC3,0.04294862
AIF1L,0.43136308
NUP214,0.5928443
FAM78A,0.012476113
PRRC2B,0.0
POMT1,0.087381706
UCK1,0.030922204
RAPGEF1,0.63425636
MED27,0.43130118
NTNG2,0.012052008
SETX,0.7159841
TTF1,0.15534544
DDX31,0.17339437
GTF3C4,0.04962915
TSC1,0.25023267
GTF3C5,0.08599508
RALGDS,0.09212194
GBGT1,0.0
SURF6,0.07039168
MED22,0.033581123
RPL7A,0.26897126
SURF1,0.054320958
SURF2,0.02479711
SURF4,0.17976415
REXO4,0.081009515
ADAMTS13,0.040746443
SLC2A6,0.014054163
ADAMTSL2,0.115364194
VAV2,0.62988997
BRD3OS,0.023229009
BRD3,0.1066194
WDR5,0.0695244
RXRA,0.16026002
COL5A1,0.04751686
FCN2,0.0009735036
FCN1,0.0024240103
OLFM1,0.005250969
PPP1R26,0.041497342
PIERCE1,0.014382897
MRPS2,0.036818635
CAMSAP1,0.17560749
UBAC1,0.08451009
NACC2,0.13047549
TMEM250,0.02074589
GPSM1,0.06421712
CARD9,0.0046591563
SNAPC4,0.06585044
ENTR1,0.051309023
PMPCA,0.08208469
SEC16A,0.18579073
NOTCH1,0.16249482
LNCEGFL7OS,0.018171381
EGFL7,0.26990837
AGPAT2,0.12485699
DIPK1B,0.0358945
SNHG7,0.07022122
LCN6,0.0
TMEM141,5.1836567e-05
CCDC183,0.0066198586
RABL6,0.25082257
PHPT1,0.14703901
EDF1,0.2058398
TRAF2,0.062249806
FBXW5,0.13431376
PTGDS,0.0
PAXX,0.09196819
CLIC3,0.002256421
ABCA2,0.06790426
NPDC1,0.015543016
UAP1L1,0.063785076
MAN1B1,0.112576686
DPP7,0.18988398
SSNA1,0.04469032
TPRN,0.054960802
TMEM203,0.02782858
RNF208,0.021038508
TUBB4B,0.19031493
NELFB,0.12925196
TOR4A,0.028980182
NRARP,0.0036717872
EXD3,0.30428264
NSMF,0.1740292
PNPLA7,0.150291
MRPL41,0.11470738
DPH7,0.088555805
ARRDC1,0.15475208
ARRDC1-AS1,0.03472869
EHMT1,0.7957852
LINC01001,0.036456723
BET1L,0.06956196
RIC8A,0.051205076
SIRT3,0.08366764
PSMD13,0.11623318
PGGHG,0.34590563
IFITM2,0.23644593
IFITM1,0.0
IFITM3,0.31362894
PKP3,0.024294384
SIGIRR,0.21481004
ANO9,0.113091424
PTDSS2,0.09631341
RNH1,0.15629058
HRAS,0.05950927
LMNTD2,0.038341723
RASSF7,0.22077784
MIR210HG,0.016861282
PHRF1,0.15054837
IRF7,0.035979368
DEAF1,0.25750366
EPS8L2,0.62831765
TMEM80,0.0
TALDO1,0.12690261
GATD1,0.10213792
GATD1-DT,0.09429773
SLC25A22,0.017202996
RPLP2,0.38606536
PNPLA2,0.19447674
CRACR2B,0.04022758
CD151,0.20356199
POLR2L,0.20086898
TSPAN4,0.13365544
CHID1,0.1233118
AP2A2,0.60682946
TOLLIP,0.11253357
MOB2,0.11183482
DUSP8,0.030324774
IFITM10,0.016927302
CTSD,5.927495e-05
TNNI2,0.012324444
LSP1,0.010989166
MRPL23,0.031074317
IGF2,0.0
ASCL2,0.0031150735
TSPAN32,0.006657433
CD81,0.32166377
TSSC4,0.05334864
KCNQ1,0.60454524
KCNQ1OT1,0.87834185
CDKN1C,0.14904916
SLC22A18AS,0.014837976
SLC22A18,0.106949314
PHLDA2,0.07877884
NAP1L4,0.5294712
CARS1,0.19307552
OSBPL5,0.14253281
ZNF195,0.1339848
NUP98,0.5648698
PGAP2,0.11762601
RHOG,0.02975405
STIM1,0.43060392
RRM1,0.059334494
TRIM21,0.01576134
TRIM68,0.011473982
HBB,0.01596146
TRIM5,0.056385696
TRIM22,0.11430219
FHIP1B,0.19637349
CAVIN3,0.019004963
SMPD1,0.059664607
APBB1,0.0809036
TRIM3,0.028181331
ARFIP2,0.059587937
TIMM10B,0.0
DNHD1,0.1482559
RRP8,0.061688296
ILK,0.16451108
TAF10,0.051480446
TPP1,0.078335606
DCHS1,0.021677308
MRPL17,0.0272348
OLFML1,0.0030473596
PPFIBP2,0.23948815
CYB5R2,0.008803658
EIF3F,0.13682306
RIC3,0.22595713
RPL27A,0.2991855
DENND2B,0.48716635
AKIP1,0.030078525
TMEM9B,0.08070322
NRIP3,0.009736415
SCUBE2,0.044624664
DENND5A,0.4099271
TMEM41B,0.3251756
IPO7,0.33064094
ZNF143,0.10040359
WEE1,0.30846667
SWAP70,0.3766905
SBF2,1.4442028
ADM,0.043520156
AMPD3,0.094699904
RNF141,0.06949696
LYVE1,0.022180341
IRAG1,0.03232144
CTR9,0.15555142
EIF4G2,0.3875489
ZBED5,0.16978604
ZBED5-AS1,0.059130684
GALNT18,0.6798489
USP47,0.7129014
DKK3,0.015326112
MICAL2,0.15813096
PARVA,0.41952768
TEAD1,1.0365412
BMAL1,0.058665235
BTBD10,0.2573023
FAR1,0.3696955
SPON1,0.12208432
RRAS2,0.3446391
COPB1,0.24777332
PSMA1,0.11779749
PDE3B,0.28253004
SOX6,1.1876335
C11orf58,0.35883605
RPS13,0.27950776
PIK3C2A,0.73578966
NUCB2,0.14197677
SERGEF,0.3008268
SAAL1,0.04047237
SAA2,0.0
SAA1,0.1088413
HPS5,0.14449002
GTF2H1,0.20241758
LDHA,0.2889001
TSG101,0.29242188
UEVLD,0.18585871
MISFA,0.078487
SPTY2D1,0.09392467
TMEM86A,0.010665574
ZDHHC13,0.2275819
NAV2,0.7352336
NAV2-AS3,0.0047990535
HTATIP2,0.04598622
PRMT3,0.2129367
FANCF,0.016069153
SVIP,0.11847356
FIBIN,0.01189898
BBOX1,0.36543062
CCDC34,0.037871234
LGR4,1.013455
LIN7C,0.0618086
METTL15,0.7173349
ARL14EP,0.09874073
DNAJC24,0.15489383
IMMP1L,0.3322212
ELP4,0.60717624
RCN1,0.07424009
EIF3M,0.14459494
PRRG4,0.1218329
QSER1,0.27763966
TCP11L1,0.15984005
LINC00294,0.0
CSTF3,0.25343305
HIPK3,0.73839873
CD59,0.078792535
FBXO3,0.15039776
LMO2,0.052977093
CAPRIN1,0.28075755
NAT10,0.12251438
CAT,0.2711729
EHF,0.26005816
APIP,0.089157276
PDHX,0.25905207
CD44,0.66954046
PAMR1,0.02732576
FJX1,0.0020853246
TRIM44,0.7370562
LDLRAD3,0.15205488
COMMD9,0.047595266
PRR5L,0.10763523
TRAF6,0.097175434
IFTAP,0.056181848
API5,0.20611702
TTC17,0.9600705
HSD17B12,0.6149991
ALKBH3,0.11500713
C11orf96,0.08543069
ACCS,0.118838765
EXT2,0.2723153
CD82,0.10337104
TSPAN18,0.19302714
TP53I11,0.04754326
PRDM11,0.10671815
CHST1,0.010325269
SLC35C1,0.014688697
CRY2,0.23772363
MAPK8IP1,0.029950915
PEX16,0.053605214
PHF21A,0.6931799
CREB3L1,0.042544097
DGKZ,0.16071336
MDK,0.03482868
AMBRA1,0.89376837
ATG13,0.18091488
ARHGAP1,0.16282219
ZNF408,0.01743564
CKAP5,0.19976561
CSTPP1,0.7769802
ARFGAP2,0.14465514
PACSIN3,0.013994127
DDB2,0.109438404
ACP2,0.04375435
NR1H3,0.09564888
MADD,0.15511307
SPI1,0.014312656
SLC39A13,0.06560582
PSMC3,0.059111476
CELF1,0.88723767
NDUFS3,0.08377174
PTPMT1,0.0
KBTBD4,0.02250226
MTCH2,0.19209829
FNBP4,0.59037536
NUP160,0.3027637
PTPRJ,1.0127199
FOLH1,0.047904566
APLNR,0.012571848
TNKS1BP1,0.19881797
SSRP1,0.06276535
SLC43A3,0.0016081643
SLC43A1,0.047535993
TIMM10,0.020249305
UBE2L6,0.030245092
SERPING1,0.34194955
ZDHHC5,0.19963726
MED19,0.039022326
TMX2,0.0
SELENOH,0.0
CTNND1,0.5272522
LPXN,0.160101
ZFP91,0.00032000232
GLYATL1,0.18265177
FAM111A-DT,0.015837904
FAM111A,0.25276104
DTX4,0.060047384
MPEG1,0.005181955
OR4D9,0.00041535942
OSBP,0.23385228
PATL1,0.14424254
STX3,0.29506263
MRPL16,0.050906964
MS4A2,0.0055179354
MS4A6A,0.021243108
MS4A4A,0.0065553533
MS4A7,0.0
MS4A14,0.0024655503
MS4A1,0.00039121785
CCDC86,0.0069321455
PRPF19,0.055169087
TMEM109,0.040325172
TMEM132A,0.011771353
SLC15A3,0.019283382
CD6,0.019613102
CD5,0.0056058005
VPS37C,0.12042614
DDB1,0.19369681
TKFC,0.07675592
CYB561A3,0.037582416
TMEM138,0.046287943
TMEM216,0.02192939
CPSF7,0.23018181
SDHAF2,0.0
SYT7,0.051396508
TMEM258,0.12383025
FEN1,0.00037198552
FADS2,0.034647033
FADS1,0.026641605
FADS3,0.08246659
RAB3IL1,0.012731435
BEST1,0.0061128717
FTH1,0.6014018
INCENP,0.018388838
SCGB1D2,0.00029840544
ASRGL1,0.22510235
AHNAK,0.6232904
TUT1,0.0012276187
MTA2,0.034211226
EML3,0.06586335
ROM1,0.0022299702
B3GAT3,0.10027737
GANAB,0.19293712
INTS5,0.012347006
CSKMT,0.018165275
UQCC3,0.04420317
UBXN1,0.07215054
HNRNPUL2,0.0
TTC9C,0.076226965
POLR2G,0.034537002
TAF6L,0.07301342
TMEM223,0.0445232
TMEM179B,0.08399061
NXF1,0.14180008
STX5,0.30229965
STX5-DT,0.016437408
WDR74,0.04542295
SLC3A2,0.18823731
PLAAT4,0.054563705
PLAAT3,0.14846227
ATL3,0.16707523
RTN3,0.3738209
ZFTA,0.023701923
SPINDOC,0.037521396
MARK2,0.32474726
COX8A,0.0012828151
OTUB1,0.10420411
MACROD1,0.23102254
STIP1,0.12852255
FERMT3,0.018024689
TRPT1,0.029804746
NUDT22,0.05870117
DNAJC4,0.06665475
VEGFB,0.06614618
FKBP2,0.17986393
PPP1R14B,0.0454654
PLCB3,0.03470191
BAD,0.055267483
GPR137,0.06389435
ESRRA,0.2274335
TRMT112,0.099758826
PRDX5,0.1547456
CCDC88B,0.02223154
RPS6KA4,0.0465047
RASGRP2,0.03461673
SF1,0.6119649
MAP4K2,0.04679932
MEN1,0.03656373
EHD1,0.08929133
ATG2A,0.07741102
PPP2R5B,0.0534988
BATF2,0.011456945
ARL2,0.0
SNX15,0.0011853026
SAC3D1,0.010983857
NAALADL1,0.004390109
ZFPL1,0.030678786
VPS51,0.20916364
TM7SF2,0.062231515
ZNHIT2,0.013750369
FAU,0.2986638
SYVN1,0.044667862
MRPL49,0.028469909
CAPN1,0.16287868
POLA2,0.04301037
CDC42EP2,0.02293725
DPF2,0.10128392
SLC25A45,0.05137769
FRMD8,0.118154146
NEAT1,3.1940107
MALAT1,6.1823826
SCYL1,0.07591243
LTBP3,0.26436397
ZNRD2,0.021709034
FAM89B,0.029320642
EHBP1L1,0.10459431
MAP3K11,0.11657606
PCNX3,0.08501774
SIPA1,0.07044319
RELA,0.088587895
KAT5,0.08660801
RNASEH2C,0.048646115
AP5B1,0.02455164
CFL1,0.26561892
MUS81,0.061422724
EFEMP2,0.054798048
CTSW,0.0017025683
FIBP,0.026938897
CCDC85B,0.07749407
C11orf68,0.02684752
DRAP1,0.07046149
SART1,0.094324306
EIF1AD,0.02405722
BANF1,0.0765497
CATSPER1,0.0020028858
SF3B2,0.16844764
PACS1,0.8876862
KLC2,0.053687695
RAB1B,0.10984142
YIF1A,0.047698334
RIN1,0.016911682
BRMS1,0.053407792
B4GAT1,0.02513896
MRPL11,0.04318206
PELI3,0.008570474
DPP3,0.023216682
ZDHHC24,0.053879634
CTSF,0.05960281
CCS,0.14783715
RBM14,0.0
RBM4,0.13000306
RBM4B,0.068958
RCE1,0.044520162
LRFN4,0.035175983
RHOD,0.04699738
KDM2A,0.94508904
GRK2,0.12950665
ANKRD13D,0.14294796
SSH3,0.072877325
RAD9A,0.38774252
POLD4,0.03952742
PPP1CA,0.12002157
TBC1D10C,0.0115646245
RPS6KB2,0.092907496
CORO1B,0.054777186
CABP4,0.0079767
TMEM134,0.07168381
AIP,0.03543169
PITPNM1,0.09210238
CDK2AP2,0.10811396
GSTP1,0.4437098
NDUFV1,0.2110836
NUDT8,0.022350198
UNC93B1,0.07751014
ALDH3B1,0.045762144
NDUFS8,0.124332994
TCIRG1,0.06586623
ENSG00000255031,0.01336314
CHKA,0.37710685
KMT5B,0.5217532
C11orf24,0.019279027
LRP5,0.25187233
PPP6R3,0.99948585
TESMIN,0.02036034
CPT1A,0.43808013
MRPL21,0.046789855
IGHMBP2,0.054694578
MRGPRF,0.0145393135
TPCN2,0.13110773
MYEOV,0.005275154
LINC02953,0.0
CCND1,0.13314849
LTO1,0.077920854
ANO1,0.033497665
FADD,0.014497922
PPFIA1,0.4415892
CTTN,0.4776081
SHANK2,1.1436151
DHCR7,0.01581598
DHCR7-DT,0.00616621
NADSYN1,0.15835321
FAM86C1P,0.01771589
RNF121,0.29572842
IL18BP,0.03569603
NUMA1,0.37848148
LRRC51,0.0
LAMTOR1,0.114099555
ANAPC15,0.028940843
FOLR1,0.050628856
FOLR2,0.0020153774
INPPL1,0.19251515
CLPB,0.09098211
PDE2A,0.08001231
ARAP1,0.1261774
STARD10,0.0063032242
ATG16L2,0.11057611
FCHSD2,0.7998307
ARHGEF17,0.186648
RELT,0.016054818
FAM168A,0.42166
PLEKHB1,0.016683567
RAB6A,0.5648587
MRPL48,0.14152554
COA4,0.05565251
PAAF1,0.17711565
UCP2,0.073270865
C2CD3,0.22718908
PPME1,0.26207465
PGM2L1,0.14199209
KCNE3,0.02849571
ENSG00000254928,0.0
POLD3,0.20104393
RNF169,0.32907748
XRRA1,0.430495
SPCS2,0.20968796
NEU3,0.08079047
SLCO2B1,0.07067039
ARRB1,0.1656878
RPS3,0.35892665
GDPD5,0.029298188
SERPINH1,0.09231055
MAP6,0.07607799
UVRAG,0.66787374
THAP12,0.06847901
GVQW3,0.055876855
EMSY-DT,0.02042176
EMSY,0.2827165
LRRC32,0.110926986
TSKU,0.03152883
ACER3,0.47943205
CAPN5,0.10539166
MYO7A,0.030945748
PAK1,0.30616915
CLNS1A,0.2091561
RSF1,0.65231013
AAMDC,0.24030411
INTS4,0.19349796
NDUFC2,5.4850476e-05
ALG8,0.11882586
KCTD21,0.021118663
GAB2,0.43011242
FAM181B,0.0016661522
PRCP,0.17394312
RAB30-DT,0.29277152
PCF11,0.3438501
PCF11-AS1,0.022661412
ANKRD42,0.15306601
CCDC90B,0.08784465
TMEM126B,0.04887417
TMEM126A,0.0269894
CREBZF,0.23826315
SYTL2,0.62181735
PICALM,1.3240292
EED,0.11874132
HIKESHI,0.12005139
ME3,0.34716523
PRSS23,0.21601495
PRSS23-AS1,0.22729194
FZD4,0.15470736
CTSC,0.18050665
NOX4,0.4520734
NAALAD2,0.008782075
CHORDC1,0.14672577
SLC36A4,0.2535316
SMCO4,0.0824886
CEP295,0.19659694
TAF1D,0.481131
C11orf54,0.0014066007
MED17,0.0070284037
MRE11,0.15111353
ANKRD49,0.079020515
FUT4,0.0
AMOTL1,0.22035883
CWC15,0.081268296
SRSF8,0.06465353
ENDOD1,0.12709717
SESN3,0.28049737
FAM76B,0.10013105
CEP57,0.25934318
MTMR2,0.31253448
MAML2,2.1082613
CCDC82,0.15938772
JRKL,0.053441208
ARHGAP42,0.41621175
TRPC6,0.09430003
CEP126,0.18520448
YAP1,0.94484633
BIRC3,0.19847746
BIRC2,0.22229233
TMEM123,0.32249385
TMEM123-DT,0.011400293
MMP12,0.00393348
DCUN1D5,0.08801068
DYNC2H1,0.70126104
PDGFD,0.2957469
CASP4,0.16169308
CASP1,0.016406858
CARD16,0.0053636967
MSANTD4,0.06636052
KBTBD3,0.054003727
AASDHPPT,0.07551884
GUCY1A2,0.03475484
ENSG00000261098,0.026472574
CWF19L2,0.5537055
ALKBH8,0.07133153
CUL5,0.5446117
ACAT1,0.2052983
NPAT,0.1420394
ATM,0.507831
C11orf65,0.14849117
POGLUT3,0.048473526
DDX10,0.40107152
RDX,0.54128236
ZC3H12C,0.29238293
FDX1,0.15983117
LAYN,0.01421079
SIK2,0.9876172
PPP2R1B,0.28303298
ALG9,0.014161904
FDXACB1,0.0
CFAP68,0.022987712
CRYAB,0.31831732
HSPB2,0.0
DIXDC1,0.30596438
DLAT,0.08811064
NKAPD1,0.056522656
TIMM8B,0.054978438
SDHD,0.00081662904
IL18,0.10493011
BCO2,0.046737727
PTS,0.24928059
LINC02762,0.16369058
ZW10,0.081858195
USP28,0.12103918
ZBTB16,0.779188
NNMT,0.56934506
C11orf71,0.020440128
RBM7,0.00039964812
REXO2,0.09965741
CADM1,0.64322317
LINC00900,0.0010751056
BUD13,0.05493704
ZPR1,0.031212494
APOC3,0.00010712497
APOA1,0.0009872544
SIK3,1.5924073
PAFAH1B2,0.24655631
SIDT2,0.08113442
TAGLN,0.07433942
PCSK7,0.26467866
RNF214,0.18626124
BACE1,0.11201431
CEP164,0.2598735
FXYD2,0.32370356
FXYD6,0.0
IL10RA,0.02327004
JAML,0.019690111
MPZL2,0.13007577
CD3E,0.005003156
CD3D,0.0024773797
CD3G,0.005736722
UBE4A,0.21698241
ATP5MG,0.24276526
ENSG00000255384,0.0007645414
KMT2A,0.66632175
TTC36,0.013568328
TMEM25,0.043157816
IFT46,0.077994615
ARCN1,0.14033486
PHLDB1,0.39636213
ENSG00000255422,0.037268147
DDX6,0.39992335
ENSG00000278376,0.013016295
BCL9L,0.07542085
CENATAC-DT,0.015508247
CENATAC,0.38382223
RPS25,0.24253376
TRAPPC4,0.08601956
SLC37A4,0.060969807
HYOU1,0.061961424
VPS11,0.052544277
HMBS,0.018280972
H2AX,0.020026578
DPAGT1,0.024992451
C2CD2L,0.032673623
HINFP,0.05167173
DRC12,0.005850205
CBL,0.25213072
MCAM,0.04383241
RNF26,0.014759391
THY1,0.05212588
NECTIN1,0.05057109
OAF,0.1393467
TLCD5,0.042991754
ARHGEF12,1.2775521
TBCEL,0.001587425
SC5D,0.04668127
SORL1,0.34268212
UBASH3B,0.24038187
CRTAM,0.0029090347
HSPA8,0.22374386
GRAMD1B,0.42532218
OR8D4,0.0009736665
VWA5A,0.056751776
TBRG1,0.19088154
SIAE,0.121070564
SPA17,0.0329842
VSIG2,0.024117572
ESAM,0.07336182
MSANTD2,0.25387624
ROBO4,0.08761073
CCDC15,0.010235592
SLC37A2,0.0043362263
TMEM218,0.035137426
FEZ1,0.0061244387
EI24,0.10160562
STT3A,0.09688621
HYLS1,0.012268569
PUS3,0.014455493
VSIG10L2,0.000539909
CDON,0.04042761
RPUSD4,0.052574653
FAM118B,0.09346121
SRPRA,0.08496546
FOXRED1,0.07939237
TIRAP,0.048009504
TIRAP-AS1,0.024610838
DCPS,0.11070513
ST3GAL4,0.12836538
LINC02712,0.0041400734
ETS1,0.5106067
FLI1,0.197575
KCNJ5,0.009876625
KCNJ5-AS1,0.0025161451
ARHGAP32,0.6280205
TMEM45B,0.14537005
NFRKB,0.11609023
APLP2,0.46196365
ST14,0.30164474
ZBTB44,0.4094973
JAM3,0.12520048
NCAPD3,0.0902436
VPS26B,0.08089298
THYN1,0.025388466
ACAD8,0.044642467
ZMYND11,0.5223402
DIP2C,1.2282169
DIP2C-AS1,0.033511624
LARP4B,0.7584608
GTPBP4,0.12457241
IDI1,0.10712409
WDR37,0.38939378
PFKP,0.3384662
PITRM1,0.13349465
KLF6,1.0068327
LINC00702,0.0023221923
AKR1C1,0.048734106
AKR1C2,0.019289983
AKR1C3,0.0434625
AKR1C4,0.0009426901
NET1,0.11262201
ASB13,0.090523496
TASOR2,0.52495533
GDI2,0.32319438
FBH1,0.25803137
ENSG00000232807,0.009782132
IL15RA,0.045741886
RBM17,0.2468987
PFKFB3,0.60864866
PRKCQ,0.2964017
SFMBT2,0.41201687
ITIH5,0.14233467
KIN,0.14340872
ATP5F1C,0.23134592
TAF3,0.4764583
GATA3,0.23705617
GATA3-AS1,0.030688683
ENSG00000232638,0.0
CELF2,0.32199013
USP6NL,0.32234332
ECHDC3,0.044676423
UPF2,0.5337613
DHTKD1,0.27680477
NUDT5,0.14926101
CDC123,0.15537708
CAMK1D,0.45920187
CCDC3,0.054504514
OPTN,0.25527528
PHYH,0.08675298
SEPHS1,0.08082172
BEND7,0.32347816
PRPF18,0.07392293
FRMD4A,0.76241326
FAM107B,0.70303303
HSPA14,0.0
SUV39H2,0.018431164
DCLRE1C,0.10786261
RPP38,0.16868234
NMT2,0.18467708
FAM171A1,0.46393818
ITGA8,0.12702854
MINDY3,0.24407771
PTER,0.32040843
RSU1,0.34835395
TRDMT1,0.080861166
VIM-AS1,0.045634344
VIM,0.33629057
HACD1,0.061783023
STAM-DT,0.0054276716
STAM,0.21009028
MRC1,0.047843765
ENSG00000240291,0.12403965
NSUN6,0.37745696
ARL5B,0.26599577
PLXDC2,1.1867402
NEBL,1.044498
MLLT10,0.8973126
DNAJC1,0.7599092
COMMD3,0.000120863435
BMI1,0.0337015
PIP4K2A,0.5610974
MSRB2,0.08960143
OTUD1,0.024651648
KIAA1217,1.5065207
ARHGAP21,0.492934
PRTFDC1,0.035914503
THNSL1,0.01151829
APBB1IP,0.13324973
PDSS1,0.0932549
ABI1,0.51717675
ANKRD26,0.51100266
YME1L1,0.36637458
MASTL,0.0792563
ACBD5,0.12286879
RAB18,0.25778538
MPP7,0.28771847
WAC-AS1,0.17842515
WAC,0.9032664
BAMBI,0.020990975
SVIL,0.9889086
JCAD,0.07431352
MTPAP,0.08371543
MAP3K8,0.1543197
ZNF438,0.3716025
ZEB1-AS1,0.053105947
ZEB1,0.7594737
MACORIS,0.00043522005
ARHGAP12,0.44311154
KIF5B,0.38285527
EPC1,0.69840705
CCDC7,0.47380608
ITGB1,0.676514
NRP1,1.1330806
PARD3,1.8907672
CUL2,0.21313849
CREM,0.45897433
CCNY,0.9252941
FZD8,0.017902497
ANKRD30A,0.008159111
ZNF248,0.32258585
ZNF25,0.06884102
ZNF33A,0.54203784
ZNF37A,0.0
PLD5P1,0.052416377
LINC00839,0.05838676
ZNF33B,0.35019526
BMS1,0.19814248
CSGALNACT2-DT,0.0025345641
CSGALNACT2,0.14442998
HNRNPF,0.32402366
LINC02916,0.0021212704
ZNF239,0.022275275
ZNF485,0.009494317
ZNF32,0.053954955
CXCL12,0.09396899
RASSF4,0.4112179
DEPP1,0.07152363
ZNF22,0.040441114
ALOX5,0.13507043
MARCHF8,0.25276643
ZFAND4,0.098986454
WASHC2C,0.1694606
TIMM23,0.1719106
NCOA4,0.107589304
SYT15,0.007017125
PTPN20,0.12690786
AGAP9,0.18909256
MAPK8,0.90690047
ARHGAP22,0.11938505
WDFY4,0.045229312
VSTM4,0.06685686
TMEM273,0.0120714065
ERCC6,0.1767007
PARG,0.47784245
TIMM23B,0.8477007
WASHC2A,0.14615145
SGMS1,0.8939839
A1CF,0.06093106
PRKG1,1.1776649
CSTF2T,0.018816568
ZWINT,0.003699806
IPMK,0.12599261
CISD1,0.14578664
UBE2D1,0.07530601
TFAM,0.063762225
BICC1,1.8479761
LINC00844,0.0021001073
FAM13C,0.052556388
SLC16A9,0.48572487
CCDC6,0.32220495
ANK3,1.7332779
CDK1,0.0044178506
RHOBTB1,0.37741452
ARID5B,0.9472278
RTKN2,0.021115756
ADO,0.013221511
EGR2,0.035685007
NRBF2,0.05648821
JMJD1C,1.9051896
REEP3,0.43324646
SIRT1,0.21288854
HERC4,0.9022675
PBLD,0.28608263
HNRNPH3,0.2954961
RUFY2,0.37385315
SLC25A16,0.41160488
TET1,0.1271044
CCAR1,0.5443307
STOX1,0.047679428
DDX50,0.24481942
DDX21,0.29242158
KIFBP,0.089350596
SRGN,0.13614458
VPS26A,0.21888873
SUPV3L1,0.118029125
HK1,0.40559545
TSPAN15,0.16352075
FAM241B,0.012347467
MACROH2A2,0.1304067
AIFM2,0.062226065
TYSND1,0.057351533
SAR1A,0.16577122
PPA1,0.18432692
EIF4EBP2,0.2005144
PALD1,0.09629874
PRF1,0.009132541
SGPL1,0.23878041
PCBD1,0.064308
UNC5B,0.09830341
VSIR,0.057207294
PSAP,0.46728146
CHST3,0.09045425
SPOCK2,0.11970545
ASCC1,0.25230488
ANAPC16,0.44540468
DDIT4,0.07548255
DNAJB12,0.12455782
MICU1,0.72549975
MCU,0.7468591
OIT3,0.0076954723
P4HA1,0.3470062
ECD,0.19086388
FAM149B1,0.19254
DNAJC9,0.1464702
MRPS16,0.06696638
ANXA7,0.28053364
PPP3CB,0.44641006
USP54,0.3609217
SEC24C,0.1286821
FUT11,0.077751145
CHCHD1,0.04338322
ZSWIM8,0.22540984
CAMK2G,0.27991155
PLAU,0.06932414
VCL,0.9556648
AP3M1,0.09949379
ADK,1.1481131
KAT6B,0.6637918
DUSP13B,0.00017405643
SAMD8,0.28541526
VDAC2,0.10235009
COMTD1,0.061708752
ZNF503,0.00038185486
ZNF503-AS2,0.014501138
LRMDA,2.0433831
KCNMA1,0.12999889
DLG5,0.26692525
ENSG00000204049,0.0
POLR3A,0.14564349
RPS24,0.52072495
ZMIZ1,0.7126772
PPIF,0.03426202
ZCCHC24,0.047672443
EIF5AL1,0.009057476
NUTM2B-AS1,0.53334486
ENSG00000272447,0.020173753
TMEM254,0.06460946
PLAC9,0.017826006
ANXA11,0.6963482
MAT1A,0.0015314205
PRXL2A,0.16786376
TSPAN14,0.36793762
NRG3,0.8224522
GHITM,0.09894902
CCSER2,0.5729759
WAPL,0.5027038
LDB3,0.024572417
BMPR1A,0.50134444
MMRN2,0.09747811
SNCG,0.05564024
ADIRF,0.2105701
GLUD1,0.43889755
SHLD2,0.6835119
NUTM2A-AS1,0.69915146
MINPP1,0.07145606
PAPSS2,0.241056
ATAD1,0.26055226
PTEN,0.7442265
STAMBPL1,0.051347546
ACTA2,0.03576124
CH25H,0.0018452485
LIPA,0.22431748
IFIT2,0.043271713
IFIT3,0.06939428
IFIT1,0.036428336
IFIT5,0.021685513
KIF20B,0.057042524
HTR7,0.0076280395
RPP30,0.059801284
PCGF5,0.54354316
HECTD2,0.3062506
TNKS2,0.41371423
BTAF1,0.46667406
CPEB3,0.756973
MARCHF5,0.2285243
IDE,0.22084707
KIF11,0.011915227
HHEX,0.008447752
EXOC6,0.38398284
MYOF,0.61465293
FFAR4,0.0016237319
RBP4,0.029605577
FRA10AC1,0.19606559
SLC35G1,0.031014936
PLCE1,0.2846745
NOC3L,0.093920305
TBC1D12,0.17977571
HELLS,0.11151314
PDLIM1,0.22939609
SORBS1,0.48643586
ALDH18A1,0.1418532
TCTN3,0.16987082
ENTPD1,0.15093265
CC2D2B,0.06795853
CCNJ,0.02771572
ZNF518A,0.6600904
BLNK,0.37715036
TM9SF3,0.58887726
PIK3AP1,0.100463
LCOR,0.8085874
ARHGAP19,0.00016980027
FRAT1,0.006246897
FRAT2,0.007400943
RRP12,0.13716604
PGAM1,0.116157494
EXOSC1,0.08249866
ZDHHC16,0.062089805
MMS19,0.19418468
UBTD1,0.14908428
MORN4,0.067743115
PI4K2A,0.021529134
MARVELD1,0.019869814
ZFYVE27,0.124257445
GOLGA7B,0.0015345264
CRTAC1,0.016950117
R3HCC1L,0.3091793
PYROXD2,0.04331445
HPS1,0.08866964
GOT1,0.3087927
SLC25A28,0.08327204
CUTC,0.11982506
COX15,0.12551865
DNMBP,0.3722496
ERLIN1,0.07838154
CHUK,0.104204215
CWF19L1,0.13067828
BLOC1S2,0.051747337
PKD2L1,0.0035335217
SCD,0.005406351
NDUFB8,0.0005574995
HIF1AN,0.10875991
SLF2,0.27631715
MRPL43,0.04607066
TWNK,0.008177796
LZTS2,0.09778597
SFXN3,0.046837352
BTRC,0.5434245
DPCD,0.05542799
POLL,0.107873924
FBXW4,0.4415384
NPM3,0.012358457
OGA,0.8320778
ARMH3,0.55706924
HPS6,0.010656469
LDB1,0.084773354
PPRC1,0.09679985
NOLC1,0.0861606
GBF1,0.7106589
NFKB2,0.09035041
FBXL15,0.055486664
CUEDC2,0.056542207
MFSD13A,0.011792302
ACTR1A,0.08965781
ENSG00000273262,0.0005086465
SUFU,0.29913548
TRIM8,0.20231651
TRIM8-DT,0.013921826
ARL3,0.16759469
SFXN2,0.12525658
WBP1L,0.32941717
BORCS7,0.00031178904
CNNM2,0.6090764
NT5C2,0.90441895
PCGF6,0.11093066
TAF5,0.024423365
ATP5MK,0.12915021
PDCD11,0.10626612
CALHM2,0.005792247
NEURL1,0.027900437
SH3PXD2A,0.2550046
STN1,0.11732274
SLK,0.38497967
SFR1,0.015344895
GSTO1,0.08583944
GSTO2,0.23317961
ITPRIP,0.13361984
XPNPEP1,0.13957205
ADD3,0.685896
MXI1,0.13738386
SMNDC1,0.10533695
DUSP5,0.3346753
SMC3,0.14212348
PDCD4,0.21161878
BBIP1,0.112314366
SHOC2,0.45309883
ADRA2A,0.0012195063
GPAM,0.042108096
ACSL5,0.06334945
ZDHHC6,0.16493724
VTI1A,1.1273744
TCF7L2,0.9594428
HABP2,0.04311734
CASP7,0.10142546
DCLRE1A,0.012300797
NHLRC2,0.2426098
CCDC186,0.27088094
AFAP1L2,0.16094592
ABLIM1,1.1972532
FHIP2A,0.12920508
TRUB1,0.064667255
ATRNL1,0.16524236
GFRA1,0.052789573
HSPA12A,0.45472494
SHTN1,0.39893985
PDZD8,0.41577917
RAB11FIP2,0.30326256
FAM204A,0.1977931
CACUL1,0.35612974
NANOS1,0.0015183535
EIF3A,0.50320446
DENND10,0.08839303
SFXN4,0.14867792
PRDX3,0.08507286
GRK5,0.2569856
RGS10,0.028273081
TIAL1,0.24930273
BAG3,0.13201548
INPP5F,0.19692975
MCMBP,0.121645376
SEC23IP,0.20746405
WDR11,0.3113512
FGFR2,0.3266078
ATE1,0.49703676
NSMCE4A,0.061029594
TACC2,0.59612536
PLEKHA1,0.85360664
HTRA1,0.1746884
FAM24B,0.024046943
C10orf88,0.0632638
IKZF5,0.09152273
ACADSB,0.12279565
BUB3,0.07887928
CHST15,0.16419192
OAT,0.05103609
LHPP,0.15088062
FAM53B,0.0
EEF1AKMT2,0.0048998846
ABRAXAS2,0.10400285
ZRANB1,0.24376273
CTBP2,0.9896674
ENSG00000273599,0.0005929462
EDRF1-DT,0.010973529
EDRF1,0.16430932
UROS,0.10382261
BCCIP,0.13511914
DHX32,0.3110504
DOCK1,1.2984577
PTPRE,0.22701478
MKI67,0.0027499716
MGMT,0.5632195
C10orf143,0.05741103
GLRX3,0.1988786
PPP2R2D,0.4288362
BNIP3,0.09397356
ENSG00000277959,0.013185688
STK32C,0.056352682
LRRC27,0.07628468
PWWP2B,0.053730946
INPP5A,0.37435943
CFAP46,0.105001196
VENTX,0.004308859
ADAM8,0.027824951
TUBGCP2,0.29862756
ZNF511,0.0006138498
FUOM,0.026419943
ECHS1,0.14715199
PAOX,0.019307882
MTG1,0.0069038924
SPRN,0.0005297268
CYP2E1,0.015978081
IQSEC3-AS2,0.0012361298
KDM5A,0.5422587
CCDC77,0.042848878
NINJ2,0.012667477
NINJ2-AS1,0.010864429
WNK1,0.8927294
RAD52,0.14206302
ERC1,1.2256154
ADIPOR2,0.3458671
CACNA2D4,0.004694644
DCP1B,0.15543811
CACNA1C,0.3158942
FKBP4,0.067114666
ITFG2,0.30693325
NRIP2,0.014955796
RHNO1,0.0002817221
TULP3,0.32184312
TEAD4,0.19908926
TSPAN9,0.8590592
CRACR2A,0.031124232
PARP11,0.16002063
PARP11-AS1,0.0039295787
CCND2,0.18320458
TIGAR,0.13175906
FERRY3,0.1169196
DYRK4,0.0048249746
NDUFA9,0.0
KCNA5,0.0006593052
NTF3,0.0380844
VWF,0.05439998
CD9,0.5554851
TNFRSF1A,0.28722215
SCNN1A,0.56220174
LTBR,0.1273429
CD27,0.0021030186
TAPBPL,0.04579181
VAMP1,0.007983173
MRPL51,0.07271296
NCAPD2,0.07691547
GAPDH,0.4794396
IFFO1,0.054252457
NOP2,0.007163486
CHD4,0.15653417
LPAR5,0.00819247
ACRBP,0.0031203113
ING4,0.08871674
ZNF384,0.11317624
COPS7A,0.06857663
MLF2,0.11633444
PTMS,0.16605258
CD4,0.022484723
GPR162,0.0037184733
P3H3,0.017149277
CDCA3,0.0022516137
USP5,0.04767871
TPI1,0.19794828
SPSB2,0.018281044
LRRC23,0.1553006
ENO2,0.022143178
ATN1,0.17979994
C12orf57,0.0751111
PTPN6,0.11556239
MIR200CHG,0.031369004
PHB2,0.0681774
EMG1,0.0
LPCAT3,0.39248174
C1S,0.120937
C1R,0.034451053
C1RL,0.18889266
RBP5,0.089004286
CLSTN3,0.12969905
PEX5,0.04515731
CD163L1,0.062584035
CD163,0.017003603
SLC2A3,0.30328465
FOXJ2,0.04287926
C3AR1,0.006456534
NECAP1,0.065088786
CLEC4A,0.014132533
FAM66C,0.059707586
CLEC4E,0.0067137866
MFAP5,0.0024813693
RIMKLB,0.45514065
LINC02972,0.0015222633
PHC1,0.11051372
M6PR,0.12850891
KLRG1,0.04170909
A2M,0.17811497
LINC00987,0.005690611
KLRB1,0.0050614313
CLEC2D,0.15863928
CLECL1P,0.0025743523
CD69,0.026071958
KLRF1,0.016756646
CLEC2B,0.03377361
CLEC12A,0.02432498
CLEC1B,0.0011378981
CLEC1A,0.037098117
CLEC7A,0.013967399
OLR1,0.03264925
TMEM52B,0.30004928
GABARAPL1,0.39112088
KLRD1,0.2375554
KLRK1-AS1,0.027299946
KLRC1,0.0065671867
LINC02446,0.0002120979
MAGOHB,0.048640203
YBX3,0.7893729
PRH1,0.04119615
TAS2R14,0.0
SMIM10L1,0.0352423
ETV6,1.0801344
LRP6,0.49168876
MANSC1,0.038800698
LOH12CR2,0.004252499
BORCS5,0.1911604
DUSP16,0.34796566
CREBL2,0.10973364
CDKN1B,0.049174387
APOLD1,0.1002533
GPRC5A,0.35846606
GPRC5D-AS1,0.11180904
HEBP1,0.052459598
FAM234B,0.04054605
EMP1,0.36823446
ATF7IP,0.6073542
PLBD1,0.059011586
H2AJ,0.14894815
WBP11,0.14538573
SMCO3,0.0042928965
ART4,0.0067721023
MGP,0.14660178
ARHGDIB,0.08229741
RERG,0.4075237
PTPRO,0.33076173
EPS8,0.7327211
STRAP,0.18198112
DERA,0.4086368
MGST1,0.2291953
RERGL,0.050545707
PLEKHA5,1.6117041
AEBP2,0.69276965
PDE3A,0.2808424
PYROXD1,0.10616603
RECQL,0.088353135
GOLT1B,0.06123421
LDHB,0.30670142
KCNJ8,0.005074486
ABCC9,0.03974876
CMAS,0.064427696
C2CD5,0.3709039
ETNK1,0.5654328
SOX5,0.51948756
BCAT1,0.01875601
IRAG2,0.08146083
ETFRF1,0.08925662
KRAS,0.22401881
ENSG00000274987,0.007945774
ENSG00000278743,0.017602993
RASSF8-AS1,0.24874991
RASSF8,0.5694784
BHLHE41,0.059332702
SSPN,0.05199197
ITPR2,1.1910641
INTS13,0.060883403
FGFR1OP2,0.21236616
TM7SF3,0.3471095
MED21,0.09876387
ENSG00000275764,0.0
STK38L,0.24335004
PPFIBP1,1.0482618
MRPS35,0.11132369
KLHL42,0.18808724
CCDC91,0.86156195
FAR2,0.1696648
ERGIC2,0.18003762
TMTC1,0.3980361
IPO8,0.1893655
CAPRIN2,0.17073451
SINHCAF,0.32700074
DENND5B,0.72385246
ETFBKMT,0.03872597
AMN1,0.14767757
ENSG00000276900,0.0086733345
RESF1,0.27918968
ENSG00000276136,0.0025607063
BICD1,0.83183604
FGD4,1.3896891
DNM1L,0.4222981
YARS2,0.11884826
ALG10B,0.031665657
CPNE8,0.6210415
KIF21A,0.38712245
SLC2A13,0.47281414
LRRK2,0.706457
ENSG00000257239,0.07481766
GXYLT1,0.14299206
YAF2,0.42936507
PPHLN1,0.43525594
ZCRB1,0.08613694
PRICKLE1,0.32135347
PUS7L,0.12609318
IRAK4,0.1195027
TWF1,0.058304824
ANO6,0.5628458
LINC00938,0.046741366
ARID2,0.73995167
SCAF11,0.824371
SLC38A1,0.43322718
SLC38A2,0.295008
AMIGO2,0.03221964
PCED1B,0.45789638
RPAP3,0.11022138
RAPGEF3,0.5025606
SLC48A1,0.110923916
HDAC7,0.30843464
VDR,0.254326
TMEM106C,0.048225142
SENP1,0.12875025
PFKM,0.048350696
ASB8,0.06853821
ZNF641,0.0856054
KANSL2,0.12358259
CCNT1,0.19253257
ADCY6,0.20661992
CACNB3,0.03072618
DDX23,0.089214735
FKBP11,0.0
ARF3,0.0010612105
PRKAG1,0.13967985
KMT2D,0.13149765
LMBR1L,0.17188227
TUBA1B,0.15154953
TUBA1A,0.1096201
TUBA1C,0.18816309
SPATS2,0.44073915
MCRS1,0.060318038
PRPF40B,0.2572853
FMNL3,0.1703618
TMBIM6,0.5413433
NCKAP5L,0.12068268
BCDIN3D,0.026238585
SMARCD1,0.09773579
COX14,0.0003376501
ENSG00000272368,0.32992938
CERS5,0.30912268
LIMA1,0.64188254
LARP4,0.50677633
DIP2B,0.74117094
ATF1,0.20347363
TMT1A,0.16187823
SLC11A2,0.32622665
LETMD1,0.2279894
CSRNP2,0.09827591
TFCP2,0.633388
DAZAP2,0.22535686
SMAGP,0.08021756
BIN2,0.024724528
GALNT6,0.04777357
ACVRL1,0.038685855
ACVR1B,0.49462786
TAMALIN,0.08779507
NR4A1,0.7238924
NR4A1AS,0.016475908
ATG101,0.05205813
KRT80,0.044031724
KRT7,0.30143127
KRT1,0.0
KRT8,0.34689525
KRT18,0.38395745
EIF4B,0.30787086
TNS2-AS1,0.13018121
TNS2,0.19409099
SPRYD3,0.029600285
IGFBP6,0.026763273
CSAD,0.32104874
ZNF740,0.05547618
ITGB7,0.01023626
RARG,0.07361901
MFSD5,0.021386297
ESPL1,0.017844535
PFDN5,0.29370505
MYG1,0.028692786
AAAS,0.07067832
SP1,0.25787657
PRR13,0.16355655
PCBP2,0.6314405
MAP3K12,0.055761177
ENSG00000270175,0.008179042
TARBP2,0.03696745
ATF7,0.006100016
ATP5MC2,0.2417844
CALCOCO1,0.12147373
HOXC10,0.00082577596
HOXC9,0.0
SMUG1,0.08142798
LINC02381,0.08831157
CBX5,0.24565364
HNRNPA1,0.21073791
NFE2,0.00043849676
COPZ1,0.14321959
ZNF385A,0.021971801
ITGA5,0.14038634
GTSF1,0.001215604
NCKAP1L,0.025281722
PDE1B,0.02164572
PPP1R1A,0.039297707
TESPA1,0.0095641315
ITGA7,0.032140013
BLOC1S1,0.0
CD63,0.34395736
CD63-AS1,0.007880396
GDF11,0.015206183
SARNP,0.013540502
ORMDL2,0.03451881
DNAJC14,0.0050084693
PYM1,0.057015624
DGKA,0.044734262
CDK2,0.033390246
RAB5B,0.1558299
SUOX,0.065373905
IKZF4,0.0567787
RPS26,0.14439052
ERBB3,0.10990923
PA2G4,0.07460051
RPL41,0.74192494
ZC3H10,0.0
ESYT1,0.070680864
MYL6B,0.052694697
MYL6,0.5998541
SMARCC2,0.24636751
RNF41,0.07849202
NABP2,0.0219653
ANKRD52,0.07879076
COQ10A,0.029437385
CS,0.12630346
CNPY2-AS1,0.05749917
ENSG00000257740,0.0
CNPY2,0.0
PAN2,0.115098715
STAT2,0.24704522
SPRYD4,0.028009316
RBMS2,0.4598922
BAZ2A,0.27623653
ATP5F1B,0.22155818
PTGES3,0.5279786
NACA,0.2351358
PRIM1,0.011026465
GPR182,0.00084208755
ZBTB39,0.010627517
NEMP1,0.062487617
NAB2,0.042911187
STAT6,0.2738593
LRP1,0.07829889
SHMT2,0.021510977
NDUFA4L2,0.0036186639
STAC3,0.015136618
R3HDM2,0.8350191
ARHGAP9,0.011059051
MARS1,0.12002352
DDIT3,0.096565776
MBD6,0.123380795
DCTN2,0.19883087
PIP4K2C,0.076474346
DTX3,0.045969468
ARHGEF25,0.0056438246
SLC26A10P,0.002400149
OS9,0.17789122
AGAP2-AS1,0.0017730945
TSPAN31,0.05875242
CDK4,0.04442821
MARCHF9,0.06270019
METTL1,0.006073002
TSFM,0.056583244
AVIL,0.1468586
ENSG00000270039,0.0
CTDSP2,0.18436983
GIHCG,0.017373169
ATP23,0.015963575
LRIG3,0.17332368
SLC16A7,0.48811433
USP15,0.6105842
MON2,0.82589746
MIRLET7IHG,0.25901198
PPM1H,0.5958055
AVPR1A,0.00478138
RXYLT1,0.070363656
SRGAP1,0.7019239
KICS2,0.02615684
XPOT,0.07347443
TBK1,0.25446332
RASSF3,0.20133348
GNS,0.22200596
TBC1D30,0.10327805
LEMD3,0.2753153
MSRB3,0.15776347
LLPH,0.028047683
TMBIM4,0.0
IRAK3,0.15844148
HELB,0.11197592
CAND1,0.28084704
DYRK2,0.06267384
IFNG-AS1,0.013536245
MDM1,0.06930888
RAP1B,0.99914515
NUP107,0.17475252
SLC35E3,0.14590015
MDM2,0.4210687
CPM,0.76193357
CPSF6,0.37616175
LYZ,0.00382246
ENSG00000257764,0.0032318677
YEATS4,0.036410987
FRS2,0.4674498
CCT2,0.11921766
RAB3IP,0.32414883
PRANCR,0.22390525
CNOT2,0.51766694
KCNMB4,0.11414945
ENSG00000258168,0.01734038
PTPRB,0.3132689
ZFC3H1,0.48248178
TMEM19,0.03215886
RAB21,0.3527875
TBC1D15,0.34206113
ATXN7L3B,0.094529554
KCNC2,0.0021609804
GLIPR1,0.023572417
KRR1,0.121185996
PHLDA1,0.13874902
NAP1L1,0.3935223
BBS10,0.011569676
OSBPL8,0.587609
ZDHHC17,0.29640946
CSRP2,0.05134819
NAV3,0.18579112
SYT1,0.09419265
PAWR,0.6530522
PPP1R12A,0.76996505
LIN7A,0.145634
ACSS3,0.2699236
CCDC59,0.067697264
METTL25,0.2696913
RASSF9,0.04451036
NTS,0.0023306836
RLIG1,0.0236587
CEP290,0.34221873
TMTC3,0.17127873
KITLG,0.39861846
DUSP6,0.21906087
POC1B,0.1912475
POC1B-AS1,0.12598255
ATP2B1,0.4758615
ATP2B1-AS1,0.02110442
LUM,0.020634731
DCN,0.06983904
BTG1,0.21042301
BTG1-DT,0.022674691
EEA1,0.46773025
NUDT4,0.25978386
UBE2N,0.23040943
MRPL42,0.14373562
SOCS2,0.06705411
CRADD,0.7975508
PLXNC1,0.072976224
CEP83,0.278546
TMCC3,0.15607227
NDUFA12,0.09393726
NR2C1,0.25032362
FGD6,0.3351364
VEZT,0.5995154
METAP2,0.357887
NTN4,0.7367751
SNRPF,0.06626911
LTA4H,0.10246614
ELK3,0.18922432
CDK17,0.4616838
NEDD1,0.120317034
TMPO,0.12709498
SLC25A3,0.2472163
IKBIP,0.06713944
APAF1,0.11824675
BLTP3B,0.22013043
ACTR6,0.10083066
SCYL2,0.37301928
NR1H4,0.42581233
GAS2L3,0.048299022
UTP20,0.12980315
ARL1,0.07735616
SPIC,0.001237561
CHPT1,0.2821673
GNPTAB,0.2858268
DRAM1,0.18785997
WASHC3,0.16217773
NUP37,0.062326185
PARPBP,0.026222894
IGF1,0.032498356
PAH,0.27336586
STAB2,0.014232346
NT5DC3,0.093508855
HSP90B1,0.44726065
UQCC6,0.02453163
TDG,0.19606797
GLT8D2,0.026878309
HCFC2,0.093713105
NFYB,0.07129723
TXNRD1,0.5422814
EID3,0.0
CHST11,0.41915676
NOPCHAP1,0.061196834
ALDH1L2,0.010226563
WASHC4,0.38587692
APPL2,0.35312068
C12orf75,0.3767102
NUAK1,0.13468666
CKAP4,0.05754493
TCP11L2,0.120322496
POLR3B,0.15461051
RIC8B,0.31510702
TMEM263,0.16124056
MTERF2,0.07953511
CRY1,0.32196572
PWP1,0.121501826
PRDM4,0.16261372
CMKLR1,0.044609595
FICD,0.013317985
SART3,0.1276109
ISCU,0.13532235
TMEM119,0.001210752
SELPLG,0.0053035133
CORO1C,0.15880378
SSH1,0.29426816
USP30,0.06757814
USP30-AS1,0.00051924103
ALKBH2,0.0143223
UNG,0.040717747
ACACB,0.6589491
KCTD10,0.083347626
UBE3B,0.14308323
MMAB,0.10759524
MVK,0.073670074
GLTP,0.13862257
TCHP,0.14598471
GIT2,0.2978523
ANKRD13A,0.31552202
C12orf76,0.06033734
IFT81,0.21524487
ATP2A2,0.50118124
ANAPC7,0.16202551
ARPC3,0.30152196
GPN3,0.03563482
VPS29,0.1654075
PPTC7,0.24200879
TCTN1,0.13544345
HVCN1,0.030462077
PPP1CC,0.105060816
PHETA1,0.017748607
SH2B3,0.15448141
ATXN2,0.99457335
BRAP,0.13133438
ACAD10,0.17591411
ALDH2,0.16289383
MAPKAPK5-AS1,0.0278064
MAPKAPK5,0.17438005
TMEM116,0.22451557
ERP29,0.1553552
NAA25,0.2870493
TRAFD1,0.08327974
HECTD4,0.7065627
RPL6,0.3264984
PTPN11,0.27724478
OAS1,0.019492904
OAS3,0.018501172
OAS2,0.014010513
DDX54,0.07454859
RITA1,0.019098807
TPCN1,0.67931503
SLC8B1,0.15972726
PLBD2,0.06077205
SDS,0.013164266
SDSL,0.050561607
RBM19,0.15945302
TBX3,0.083803624
MED13L,1.5589379
SPRING1,0.09665729
RNFT2,0.03156202
TESC,0.0970493
FBXO21,0.35122898
RFC5,0.032201853
WSB2,0.17080277
VSIG10,0.21277922
PEBP1,0.4399094
TAOK3,0.75001144
SUDS3,0.17610341
HSPB8,0.120960474
ENSG00000248636,0.32415667
TMEM233,0.087227985
PRKAB1,0.20589492
BICDL1,0.75030065
RAB35,0.1150687
GCN1,0.16797447
RPLP0,0.36298358
PXN,0.33910397
SIRT4,0.018827075
COX6A1,0.0063375155
TRIAP1,0.013976346
GATC,0.052541386
SRSF9,0.14284739
DYNLL1,0.1876744
NRAV,0.011662378
COQ5,0.09233641
RNF10,0.49044687
POP5,0.06194678
CABP1,0.06818612
MLEC,0.22430985
UNC119B,0.039814632
ACADS,0.08612576
SPPL3,0.783882
C12orf43,0.0482821
OASL,0.017956784
P2RX7,0.027271165
P2RX4,0.11583264
CAMKK2,0.13580157
ANAPC5,0.3048715
RNF34,0.17194115
KDM2B,0.20351005
ORAI1,0.02175164
TMEM120B,0.2985575
RHOF,0.047152616
LINC01089,0.00012788162
SETD1B,0.097182356
HPD,0.09423703
PSMD9,0.00029575272
CFAP251,0.12775664
BCL7A,0.24538846
MLXIP,0.420777
VPS33A,0.00028698202
CLIP1,0.72611636
ZCCHC8,0.20800035
RSRC2,0.41372716
HCAR2,0.0024318772
DENR,0.25269902
HIP1R,0.35268712
VPS37B,0.636318
OGFOD2,0.02381641
ARL6IP4,0.2317534
MPHOSPH9,0.25650814
MTRFR,0.10482393
CDK2AP1,0.0060929945
SBNO1,0.3169178
SBNO1-AS1,0.014667762
KMT5A,0.08062196
RILPL2,0.1588324
SNRNP35,0.1223105
RILPL1,0.30076778
TMED2,0.12548694
DDX55,0.10297997
EIF2B1,0.10372691
GTF2H3,0.08660418
ATP6V0A2,0.094906814
CCDC92,0.26615164
ZNF664,0.0019439831
NCOR2,0.6089044
SCARB1,0.060422033
UBC,0.5666233
BRI3BP,0.05971397
SLC15A4,0.108815044
GLT1D1,0.017014053
STX2,0.16104063
RAN,0.09329514
SFSWAP,0.39800307
ULK1,0.19559671
PUS1,0.06016852
EP400,0.35752282
DDX51,0.047781277
NOC4L,0.026317542
FBRSL1,0.1935385
ENSG00000277186,0.00051560806
POLE,0.05262861
PXMP2,0.0054398566
PGAM5,0.018065222
ANKLE2,0.27009004
GOLGA3,0.18102926
CHFR,0.29909986
ZNF605,0.0
ZNF26,0.18353386
ZNF84,0.2000272
ZNF140,0.13666376
ZNF891,0.10550796
ZNF10,0.022977158
ZNF268,0.046832737
MPHOSPH8,0.5313936
PSPC1,0.5914589
ZMYM5,0.30421025
ENSG00000275964,0.009814385
ZMYM2,0.93982834
CRYL1,0.527482
IFT88,0.5713018
ENSG00000278291,0.00041316872
IL17D,0.0022116625
EEF1AKMT1,0.07381836
XPO4,0.34297597
LATS2,0.34174302
SAP18,0.11848821
MRPL57,0.07585569
ZDHHC20,0.4309383
MICU2,0.5862824
SACS,0.10301293
MIPEP,0.3108014
SPATA13,0.0
PARP4,0.44017422
RNF17,0.012599864
CENPJ,0.05101141
MTMR6,0.120794155
NUP58,0.29109925
RNF6,0.039746337
CDK8,0.46335652
WASF3,0.112325184
USP12,0.43008098
RPL21,0.2850809
RASL11A,0.047720116
GTF3A,0.06017978
MTIF3,0.20238772
LNX2,0.2117922
POLR1D,0.16096629
LINC00543,0.0017498276
FLT3,0.045448978
PAN3,1.1499798
FLT1,0.39986807
POMP,0.1369187
SLC46A3,0.049872153
SLC7A1,0.3094578
UBL3,0.4255779
KATNAL1,0.16420172
LINC00426,0.0101512745
HMGB1,0.69670486
USPL1,0.19658145
ALOX5AP,0.011131
HSPH1,0.22240505
FRY,0.6166873
N4BP2L1,0.19993491
N4BP2L2,1.4877205
PDS5B,0.57687926
STARD13,0.7755627
NBEA,0.77529967
SPART,0.2894216
RFXAP,0.038010746
SMAD9,0.11404823
ALG5,0.11912078
EXOSC8,0.07846819
SUPT20H,0.30408612
POSTN,0.014053711
UFM1,0.14798509
PROSER1,0.078395136
NHLRC3,0.18795581
LHFPL6,0.23154475
COG6,0.2642656
FOXO1,1.1938802
MRPS31,0.21589851
SLC25A15,0.03378839
ELF1,0.79800117
WBP4,0.16616489
KBTBD6,0.0141751785
KBTBD6-DT,0.08134851
KBTBD7,0.020302033
MTRF1,0.064915866
NAA16,0.2582341
RGCC,0.06022442
VWA8,0.8431291
DGKH,0.94600034
AKAP11,0.30679244
EPSTI1,0.19815128
DNAJC15,0.20676824
CCDC122,0.17470255
LACC1,0.009577182
TSC22D1,0.9021679
TSC22D1-AS1,0.015199608
NUFIP1,0.05581841
GPALPP1,0.16342339
GTF2F2,0.2938685
TPT1,0.6826869
SLC25A30,0.15786695
COG3,0.18764333
ZC3H13,0.41625324
LCP1,0.028552495
RUBCNL,0.02328811
LRCH1,0.9728648
ESD,0.105253376
SUCLA2,0.31915694
NUDT15,0.0155478
MED4,0.23619767
ITM2B,0.9228928
RB1,0.6044459
LPAR6,0.1485063
RCBTB2,0.14425918
FNDC3A,1.1534472
CAB39L,0.14095451
SETDB2,0.19817767
PHF11,0.14255588
RCBTB1,0.08505069
ARL11,0.0014814764
EBPL,0.07304932
KPNA3,0.30271056
SPRYD7,0.047515854
DLEU2,0.6194136
TRIM13,0.17955695
DLEU7,0.0053972187
RNASEH2B,0.16474687
FAM124A,0.059187695
INTS6,0.45851865
WDFY2,0.5357483
DHRS12,0.0
ALG11,0.05971126
UTP14C,0.060047254
NEK5,0.0647081
NEK3,0.15000089
THSD1,0.0359679
VPS36,0.25977668
CKAP2,0.02441501
HNRNPA1L2,0.022380337
SUGT1-DT,0.006289067
SUGT1,0.17528847
PCDH17,0.088450976
DIAPH3,0.22329459
TDRD3,0.55672646
PCDH9,0.45097533
DACH1,0.641834
MZT1,0.028843135
BORA,0.017473327
DIS3,0.15737835
PIBF1,0.7175713
KLF12,0.81155086
TBC1D4,0.7768784
COMMD6,0.15100496
UCHL3,0.12862875
LMO7-AS1,0.073224284
LMO7,0.81018347
KCTD12,0.09022865
CLN5,0.0
FBXL3,0.16500188
MYCBP2,0.7385896
EDNRB,0.04226905
OBI1,0.07208083
RBM26,0.61591226
NDFIP2,0.35464218
SPRY2,0.03523391
ENSG00000278177,0.0001481492
GPC6,0.929376
TGDS,0.06229184
GPR180,0.06929151
DZIP1,0.2278611
DNAJC3,0.36619607
UGGT2,0.65592456
MBNL2,0.7833093
RAP2A,0.060530435
IPO5,0.15019749
FARP1,1.5485082
STK24,0.7162536
DOCK9,0.59732866
UBAC2,0.5926976
GPR18,0.0029885098
GPR183,0.015241303
TM9SF2,0.29169828
CLYBL,0.49550125
PCCA-DT,0.048059177
PCCA,1.3574136
GGACT,0.2308662
TMTC4,0.09759534
ITGBL1,0.019720051
FGF14-AS2,0.0065507186
TPP2,0.31489232
TEX30,0.03135755
POGLUT2,0.011029975
BIVM,0.0
EFNB2,0.19945933
ENSG00000284966,0.0071260137
ARGLU1,0.8539076
NALF1,0.42803463
LIG4,0.05157354
ABHD13,0.07329841
TNFSF13B,0.10923256
ENSG00000283384,0.002857169
IRS2,0.17295939
COL4A1,0.6473061
COL4A2,0.8511929
RAB20,0.17865948
NAXD,0.0883205
CARS2,0.2458389
ING1,0.03240384
ANKRD10,0.7985113
ARHGEF7,0.61248606
TUBGCP3,0.2715394
ATP11A,0.69797
MCF2L,0.4790759
MCF2L-AS1,0.0027190007
F10,0.010484179
PCID2,0.12718399
CUL4A,0.34811917
LAMP1,0.27798748
GRTP1,0.16634345
DCUN1D2,0.1717864
TMCO3,0.20839116
TFDP1,0.10255982
TMEM255B,0.062096797
GAS6-AS1,0.023730433
GAS6,0.17037334
RASA3,0.13965963
CDC16,0.2116299
UPF3A,0.3405968
CHAMP1,0.044527642
TTC5,0.10258414
ENSG00000258768,0.0
CCNB1IP1,0.13581848
PARP2,0.047856748
TEP1,0.11141098
OSGEP,0.092240885
APEX1,0.08496111
PIP4P1,0.043151926
PNP,0.114037916
RNASE4,0.0023599358
ANG,0.0
RNASE6,0.0014641773
RNASE1,0.059804317
RNASE2,0.0
METTL17,0.09985104
NDRG2,0.108192265
ARHGEF40,0.09592633
ZNF219,0.044356324
HNRNPC,1.2747054
SUPT16H,0.18342316
CHD8,0.3429672
RAB2B,0.16087988
TOX4,0.17513673
METTL3,0.062474377
TRDC,0.00063510245
TRAC,0.0066449344
DAD1,0.15248103
ABHD4,0.03587727
OXA1L,0.10414598
SLC7A7,0.12350752
MRPL52,0.09017505
MMP14,0.062454008
LRP10,0.15048768
RBM23,0.25761312
HAUS4,0.006841751
C14orf93,0.054792833
PSMB5,0.0945678
CDH24,0.017531315
ACIN1,0.49018708
C14orf119,0.049829856
SLC7A8,0.27011335
HOMEZ,0.05299646
PPP1R3E,0.047479343
BCL2L2,0.014940555
PABPN1,0.3095403
SLC22A17,0.033710822
EFS,0.0128573505
NGDN,0.07946498
THTPA,0.012658195
AP1G2,0.13145855
AP1G2-AS1,0.03741557
DHRS2,0.08204391
DHRS4-AS1,0.07955081
DHRS4,0.046433985
DHRS4L2,0.09696028
NRL,0.04779544
PCK2,0.05732586
DCAF11,0.019759566
PSME1,0.097624406
EMC9,0.044450898
ENSG00000259321,0.005257313
PSME2,0.040706743
ENSG00000259529,0.006030584
IRF9,0.0
IPO4,0.015216031
TM9SF1,0.0
CHMP4A,0.00077559485
MDP1,0.0022238423
NEDD8,0.002201479
GMPR2,0.0427303
TINF2,0.03152812
RABGGTA,0.020236509
DHRS1,0.03372021
NOP9,0.006586763
CIDEB,0.006272579
LTB4R,0.03764361
ADCY4,0.0542738
RIPK3,0.00046428962
NFATC4,0.051075086
NYNRIN,0.020370672
KHNYN,0.060814265
SDR39U1,0.07374435
GZMH,0.0010536051
GZMB,0.0015954055
NOVA1,0.2448881
G2E3,0.15732911
SCFD1,0.49883404
COCH,0.04980474
STRN3,0.94384986
AP4S1,0.15349917
HECTD1,0.781516
HEATR5A,0.14893523
ENSG00000203546,0.038616303
DTD2,0.00058471604
NUBPL,0.58938915
ARHGAP5-AS1,0.0070940377
ARHGAP5,0.829247
EGLN3,0.10972524
SPTSSA,0.0
EAPP,0.17859566
SNX6,0.46811786
CFL2,0.026470974
BAZ1A,0.3718848
SRP54,0.3629762
FAM177A1,0.31238452
PPP2R3C,0.17418344
PSMA6,0.0
NFKBIA,0.26763463
RALGAPA1,0.87410086
BRMS1L,0.072769076
MBIP,0.0939875
MIPOL1,0.42596918
FOXA1,0.01220375
CLEC14A,0.017897101
SEC23A,0.38909543
GEMIN2,0.038611542
TRAPPC6B,0.18278475
PNN,0.44671232
MIA2,0.6617297
FBXO33,0.26116404
C14orf28,0.014366418
KLHL28,0.18271239
TOGARAM1,0.4232737
PRPF39,0.17558752
FKBP3,0.10379912
FANCM,0.10760203
MIS18BP1,0.15972681
RPS29,0.23665969
LRR1,0.017190358
RPL36AL,0.15762763
MGAT2,0.018968027
DNAAF2,0.056730844
POLE2,0.035607073
KLHDC2,0.21174872
NEMF,0.61591244
ENSG00000278002,0.007104686
ARF6,0.082793586
VCPKMT,0.08083736
SOS2,0.64261156
DMAC2L,0.14215954
MAP4K5,0.50203055
SAV1,0.14612398
NIN,0.26581633
PYGL,0.046346426
TMX1,0.07483083
FRMD6,0.083034255
GNG2,0.1097561
RTRAF,0.08278377
NID2,0.12774408
PTGER2,0.023590427
TXNDC16,0.094663255
ERO1A,0.19373326
ENSG00000258757,0.007839677
PSMC6,0.20117377
STYX,0.08650198
GNPNAT1,0.04984238
FERMT2,0.5736197
DDHD1,0.16653211
BMP4,0.013134842
CDKN3,0.0013568031
CNIH1,0.087644935
GMFB,0.07044922
CGRRF1,0.06775602
SAMD4A,0.9793077
SOCS4,0.10470542
MAPK1IP1L,0.46022746
LGALS3,0.32186905
DLGAP5,0.0035592306
FBXO34,0.62724096
ATG14,0.17801355
KTN1,0.9031901
ENSG00000277763,0.0006898245
PELI2,0.72470045
TMEM260,0.29709813
EXOC5,0.20683515
AP5M1,0.15170774
NAA30,0.08041066
ARMH4,0.34926927
ACTR10,0.22957537
PSMA3,0.22937301
PSMA3-AS1,0.0
ARID4A,0.40433043
TIMM9,0.066865735
KIAA0586,0.23079911
DACT1,0.0072983336
DAAM1,0.37888545
GPR135,0.05714102
L3HYPDH,0.055463262
JKAMP,0.098216504
RTN1,0.06806359
PCNX4,0.56738746
DHRS7,0.09126233
PPM1A,0.24460402
MNAT1,0.76540947
TRMT5,0.030175647
SLC38A6,0.17687586
PRKCH,0.4869134
PRKCH-AS1,0.040019527
HIF1A,1.3762404
SNAPC1,0.20102894
RHOJ,0.08778612
PPP2R5E,0.65847355
WDR89,0.09968488
SGPP1,0.29580376
SYNE2,2.1708753
ENSG00000214770,0.0
MTHFD1,0.101752825
ZBTB25,0.13908283
AKAP5,0.014063456
ZBTB1,0.3227968
HSPA2,0.057225455
CHURC1,0.010462476
RAB15,0.058766637
MAX,0.2490829
FUT8,0.40963963
GPHN,1.7113737
PALS1,0.41581586
ATP6V1D,0.22697969
EIF2S1,0.13771698
TMEM229B,0.02512581
PIGH,0.07226364
VTI1B,0.06307088
RDH11,0.03063148
ZFYVE26,0.12080776
RAD51B,1.0746576
ZFP36L1,0.9151818
ACTN1,0.2783236
DCAF5,0.5290933
EXD2,0.10778658
GALNT16,0.02579198
ERH,0.10303397
SLC39A9,0.21272516
SUSD6,0.5057496
SRSF5,0.61947984
COX16,0.0045544566
SYNJ2BP,0.0
MED6,0.14148311
TTC9,0.02396271
PCNX1,0.7374364
SIPA1L1,1.0080762
RGS6,0.11269107
DCAF4,0.045038573
RBM25,0.78430265
PSEN1,0.46923268
NUMB,1.0516012
RIOX1,0.008880252
ACOT1,0.008314715
ACOT4,0.0037056736
DNAL1,0.14746219
PNMA1,0.020182298
MIDEAS,0.31471062
PTGR2,0.0010409617
ENSG00000258653,0.0
COQ6,0.057355385
ENTPD5,0.22963512
ALDH6A1,0.16636856
LIN52,0.31998718
ABCD4,0.22036225
NPC2,0.09606911
ISCA2,0.030671718
LTBP2,0.10205293
AREL1,0.20538124
FCF1,0.08898899
YLPM1,0.41228962
DLST,0.17997274
RPS6KL1,0.018083686
PGF,0.00682146
EIF2B2,0.048638813
MLH3,0.29411602
ACYP1,0.11656536
NEK9,0.22024177
TMED10,0.28392628
FOS,1.3240042
JDP2,0.15126327
BATF,0.016016247
FLVCR2,0.12353903
TTLL5,0.47422513
ERG28,0.039584994
IFT43,0.39915612
TGFB3,0.024451658
GPATCH2L,0.47028443
VASH1,0.044632662
ANGEL1,0.08678145
IRF2BPL,0.10726281
CIPC,0.00024286161
GSTZ1,0.038618665
TMED8,0.1492337
VIPAS39,0.07038869
AHSA1,0.05660215
SPTLC2,0.4396934
ALKBH1,0.14450882
SLIRP,0.14303158
SNW1,0.18886885
ENSG00000284959,0.12755655
GTF2A1,0.14272307
SEL1L,0.21870083
FLRT2,0.10229841
GALC,0.08087409
GPR65,0.007583339
SPATA7,0.21923102
ZC3H14,0.31538057
TTC8,0.17298424
FOXN3,0.78122133
ENSG00000277801,0.0
FOXN3-AS1,0.0016112903
EFCAB11,0.19541815
PSMC1,0.13146183
NRDE2,0.24029034
CALM1,0.33916268
TTC7B,0.45741403
RPS6KA5,0.23634535
DGLUCY,0.48404464
CCDC88C,0.174349
PPP4R3A,0.43191817
TC2N,0.25914982
FBLN5,0.051241495
TRIP11,0.51446414
ATXN3,0.33968946
NDUFB1,0.16732171
CPSF2,0.16917282
SLC24A4,0.0059309686
RIN3,0.17767546
LGMN,0.17684129
GOLGA5,0.11150764
ITPK1,0.29245842
MOAP1,0.026467726
LYSET,0.0
GON7,0.021509588
UBR7,0.027855111
BTBD7,0.69530886
OTUB2,0.0037757552
DDX24,0.4751925
IFI27L1,0.038193
IFI27,0.05221906
IFI27L2,0.042891737
SERPINA1,0.422178
DICER1,0.58880717
DICER1-AS1,0.09022844
CLMN,0.9694726
SYNE3,0.029343896
SNHG10,0.017671175
GLRX5,0.066405594
C14orf132,0.033751708
ATG2B,0.32777584
GSKIP,0.08266348
AK7,0.08803155
PAPOLA,0.48145902
VRK1,0.07709227
BCL11B,0.06629134
SETD3,0.4218596
CCNK,0.1749077
CCDC85C,0.14266375
EML1,0.3117621
EVL,0.309601
DEGS2,0.025370307
YY1,0.36826965
SLC25A29,0.53496003
WARS1,0.2716281
WDR25,0.20288344
MEG3,0.08612389
MEG8,0.07478002
PPP2R5C,0.5559007
ENSG00000256705,0.005615961
DYNC1H1,0.44624573
HSP90AA1,0.9815428
WDR20,0.41921705
MOK,0.40107545
ZNF839,0.11977574
CINP,0.045643613
TECPR2,0.2745314
ANKRD9,0.039967444
RCOR1,0.44037086
TRAF3,0.39817014
CDC42BPB,0.6259738
TNFAIP2,0.29508433
EIF5,0.33231527
MARK3,0.9896403
CKB,0.2644268
BAG5,0.12926859
KLC1,0.2959358
COA8,0.0
KLC1-AS1,0.019183844
ZFYVE21,0.08088699
PPP1R13B,0.7367805
ATP5MJ,0.14366461
KIF26A,0.009111043
INF2,0.15736651
ADSS1,0.016680587
SIVA1,0.074123606
AKT1,0.07513694
ZBTB42,0.0072677657
PLD4,0.0005438053
AHNAK2,0.011873155
CDCA4,0.01187496
JAG2,0.036282472
NUDT14,0.03678215
BRF1,0.17220636
BTBD6,0.034015972
PACS2,0.30876875
MTA1,0.1455585
CRIP2,0.22142121
CRIP1,0.012904326
TEDC1,0.020825235
TMEM121,0.006102553
IGHD,0.0
IGHM,0.0043648304
NIPA1,0.13902146
NIPA2,0.19205944
CYFIP1,0.42422968
TUBGCP5,0.1580431
NDN,0.011150839
SNRPN,0.038578577
SNURF,0.0
UBE3A,0.6631932
ATP10A,0.2038142
HERC2,0.7801693
APBA2,0.045255624
NSMCE3,0.0
TJP1,0.8616578
ENSG00000259523,0.0020692307
FAN1,0.14185435
MTMR10,0.39118728
LINC02352,0.006906937
KLF13,0.23453645
LINC02256,0.55323565
ARHGAP11A,0.004095974
FMN1,0.44787273
AVEN,0.23532149
EMC7,0.061607234
KATNBL1,0.36102504
EMC4,0.043203786
SLC12A6,0.4204274
NOP10,0.057793908
LPCAT4,0.04413343
GOLGA8A,0.15754567
GOLGA8B,0.48994303
AQR,0.32231233
ZNF770,0.09510023
DPH6,0.90794265
CDIN1,0.2561662
MEIS2,0.58564466
ENSG00000259460,0.003894821
SPRED1,0.4958847
FAM98B,0.09541796
RASGRP1,0.09028547
THBS1,0.2405362
FSIP1,0.10976152
GPR176-DT,0.00092846557
EIF2AK4,0.20834836
SRP14,0.22484186
SRP14-DT,0.05907031
BMF,0.025708025
PLCB2,0.011478122
INAFM2,0.006095225
CCDC9B,0.037738085
PHGR1,0.00017944977
KNSTRN,0.01643226
IVD,0.17062233
BAHD1,0.10084756
CHST14,0.008879884
CCDC32,0.14990984
RPUSD2,0.011960959
RMDN3,0.10104012
GCHFR,0.030982662
DNAJC17,0.16290589
ZFYVE19,0.07488604
SPINT1-AS1,0.04775185
SPINT1,0.213186
RHOV,0.019060913
VPS18,0.044470336
DLL4,0.034112535
INO80,0.4574756
CHP1,0.36146492
NUSAP1,0.027151356
NDUFAF1,0.07102919
RTF1,0.30919445
LTK,0.007767987
RPAP1,0.053576455
MGA,0.42819703
MAPKBP1,0.27559605
EHD4,0.34089804
VPS39,0.26245925
TMEM87A,0.4643481
GANC,0.23876292
ZNF106,0.3145696
SNAP23,0.21643704
LRRC57,0.03945077
HAUS2,0.075000696
STARD9,0.104085736
CDAN1,0.036523342
TTBK2,0.34506345
TTBK2-AS1,0.0018089486
UBR1,0.60365236
CCNDBP1,0.06794877
MAPDA,0.089804165
ZSCAN29,0.030485878
TUBGCP4,0.08185322
TP53BP1,0.45037955
MAP1A,0.0076294737
PPIP5K1,0.18461195
CKMT1B,0.010856159
CATSPER2,0.20016155
PDIA3,0.31572372
SERF2,0.5023527
HYPK,0.0020472843
MFAP1,0.07115546
WDR76,0.016973296
GOLM2,0.7010193
CTDSPL2,0.41170523
EIF3J-DT,0.11112888
EIF3J,0.3057176
SPG11,0.55808353
B2M,0.8951967
TRIM69,0.053446222
SORD,0.14018865
SHF,0.021260668
GATM,0.1358091
AFG2B,0.04955023
C15orf48,0.011957432
SLC30A4,0.060156178
BLOC1S6,0.00025615568
SQOR,0.052095436
SEMA6D,0.23285288
MYEF2,0.30034804
DUT,0.11825205
FBN1,0.13235946
EID1,0.15270524
SECISBP2L,0.4372263
COPS2,0.14662516
GALK2,0.36179122
FAM227B,0.24263431
ENSG00000275580,0.0
FGF7,0.035471335
DTWD1,0.18650062
ATP8B4,0.18810377
GABPB1,0.20579275
GABPB1-AS1,0.5157306
USP8,0.47542006
TRPM7,0.8651154
SPPL2A,0.47148687
AP4E1,0.18867224
TNFAIP8L3,0.0043386044
GLDN,0.005589496
DMXL2,0.38561416
ENSG00000259668,0.0
LYSMD2,0.024184393
TMOD2,0.06970429
TMOD3,0.49757272
LEO1,0.092447884
MAPK6,0.36758894
GNB5,0.2054626
MYO5C,0.41178006
MYO5A,0.39656433
ARPP19,0.20664859
ATOSA,0.4142098
RSL24D1,0.07584476
RAB27A,0.3084634
PIGBOS1,0.0015559205
PIGB,0.11544951
CCPG1,0.4254752
DNAAF4,0.23262917
PRTG,0.208644
NEDD4,0.36449173
RFX7,0.5744411
TEX9,0.31450203
MNS1,0.10336283
ZNF280D,0.25743896
TCF12,1.5219287
POLR2M,0.03563939
AQP9,0.007303516
ADAM10,0.8344134
MINDY2,0.49139276
RNF111,0.5237009
SLTM,0.7013532
MYO1E,1.3488113
FAM81A,0.12830435
GTF2A2,0.1331118
BNIP2,0.21979693
ANXA2,0.5370162
ICE2,0.2468033
RORA,2.1127584
VPS13C,0.7624969
C2CD4B,0.011145343
TLN2,0.5768926
ENSG00000259727,0.0005387059
TPM1,0.72952825
LACTB,0.073470235
RPS27L,0.16927353
RAB8B,0.24607392
APH1B,0.09125522
CA12,0.88729954
USP3,0.59204197
FBXL22,0.007339953
HERC1,0.84678924
DAPK2,0.121295154
CIAO2A,0.09894673
SNX1,0.37462753
PPIB,0.18841617
CSNK1G1,0.0962866
PCLAF,0.0017966917
TRIP4,0.28560463
ZNF609,1.1121069
OAZ2,0.098379396
ENSG00000264937,0.0010614048
ENSG00000259635,0.02276753
RBPMS2,0.032921217
PLEKHO2,0.0
SPG21,0.13359743
MTFMT,0.12996228
RASL12,0.0024832224
UBAP1L,0.07268226
PDCD7,0.097781606
CLPX,0.16572787
DPP8,0.30933613
HACD3,0.23322423
INTS14,0.082165964
SLC24A1,0.11414172
DENND4A,0.8399595
RAB11A,0.46924216
DIS3L,0.10267954
TIPIN,0.08116327
MAP2K1,0.32870445
ENSG00000261351,0.0036687478
SNAPC5,0.038893465
RPL4,0.29267037
ZWILCH,0.039001208
SMAD6,0.20927255
SMAD3,0.9149442
AAGAB,0.3316407
C15orf61,0.015083373
MAP2K5,0.5394512
PIAS1,0.84171253
CLN6,0.009930184
FEM1B,0.088584475
ANP32A,0.22451977
GLCE,0.28612843
RPLP1,0.69018793
TLE3,0.17100285
UACA,0.8068325
LARP6,0.045522314
LRRC49,0.14786598
THSD4,0.7009248
MYO9A,1.3684415
PKM,0.536126
PARP6,0.20276353
HEXA,0.0004435752
ARIH1,1.0404226
BBS4,0.22733301
ADPGK,0.16192141
NEO1,0.43632314
NPTN,0.3887463
CD276,0.04568031
INSYN1,0.0059714015
LOXL1,0.05331434
PML,0.17595391
ISLR,0.004185376
SEMA7A,0.01631128
UBL7,0.019059258
UBL7-DT,0.0223848
CLK3,0.121859826
EDC3,0.14358746
CSK,0.054499727
ULK3,0.103213385
SCAMP2,0.14471866
MPI,0.028442264
FAM219B,0.048201777
COX5A,0.12725663
RPP25,0.0034256452
PPCDC,0.2783569
C15orf39,0.017433943
COMMD4,0.07311799
ENSG00000275645,0.0031284192
NEIL1,0.10292543
MAN2C1,0.23536043
SIN3A,0.3586961
PTPN9,0.41760027
SNUPN,0.062076576
IMP3,0.040776603
SNX33,0.039625704
CSPG4,0.013074427
UBE2Q2,0.22143973
FBXO22,0.22451356
ETFA,0.38882723
SCAPER,0.9539758
RCN2,0.14225064
PSTPIP1,0.0071455375
TSPAN3,0.23503043
PEAK1,0.57644624
HMG20A,0.25454986
LINGO1,1.6161232
TBC1D2B,0.15578507
CIB2,0.025118414
IDH3A,0.1407562
DNAJA4,0.069390275
SKIC8,0.104337946
CRABP1,0.001470938
IREB2,0.27180517
HYKK,0.05794051
PSMA4,0.07804188
ADAMTS7,0.019230492
MORF4L1,0.48054886
CTSH,0.2622985
TMED3,0.08968967
MTHFS,0.02886379
ST20,0.0
ST20-AS1,0.0023083019
BCL2A1,0.0030447526
ZFAND6,0.6937728
FAH,0.067869276
MESD,0.19074722
TLNRD1,0.058501765
IL16,0.034477253
STARD5,0.0050168904
MEX3B,0.002133448
EFL1,0.16783996
GOLGA6L10,0.034499574
RPS17,0.07334451
SNHG21,0.014640494
WHAMM,0.16857581
HOMER2,0.14049996
RAMAC,0.0
C15orf40,0.08379298
BTBD1,0.23484543
TM6SF1,0.018864607
HDGFL3,0.25604045
ADAMTSL3,0.20699933
GOLGA6L4,0.02665285
ZSCAN2,0.04665297
WDR73,0.19697003
NMB,0.021292118
SEC11A,0.34365577
ENSG00000259654,0.0010412656
ZNF592,0.27701294
ALPK3,0.27618265
PDE8A,0.873218
AKAP13,1.3626201
LINC00052,0.00093728234
NTRK3,0.055013206
MRPL46,0.023064459
MRPS11,0.06253299
DET1,0.11110734
ISG20,0.027315596
HAPLN3,0.007607205
MFGE8,0.041596394
ABHD2,0.29663527
POLG,0.10498107
POLG-DT,0.00076754455
KIF7,0.015935792
PEX11A,0.02428976
MESP1,0.0063465787
MESP2,0.0035146577
ANPEP,0.26473045
AP3S2,0.019432759
ARPIN,0.0005269602
ZNF710,0.24451225
ZNF710-AS1,0.055037662
IDH2,0.2729177
SEMA4B,0.5434681
CIB1,0.15956184
NGRN,0.0
IQGAP1,0.7950263
CRTC3,0.46224442
BLM,0.014247969
FURIN,0.102391236
FES,0.04634932
MAN2A2,0.06986586
HDDC3,0.024245035
UNC45A,0.079790145
RCCD1,0.030822048
VPS33B,0.0
SLCO3A1,0.7296211
FAM174B,0.16837212
CHD2,0.5856196
RGMA,0.011563231
MCTP2,0.48173255
LETR1,0.062002152
LINC00924,0.026694858
NR2F2-AS1,1.0707887
NR2F2,0.29454046
LINC02253,0.010134395
ARRDC4,0.11859203
IGF1R,1.479621
SYNM,0.021644399
TTC23,0.22855048
LRRC28,0.38634714
MEF2A,1.104554
LYSMD4,0.067571625
LINS1,0.16724794
ASB7,0.10979677
LRRK1,0.13424966
CHSY1,0.3498971
SELENOS,0.12862477
SNRPA1,0.10059955
TM2D3,0.11534081
TARS3,0.24677083
POLR3K,0.013379424
SNRNP25,0.020019958
RHBDF1,0.03445911
MPG,0.06118324
NPRL3,0.2549806
HBA2,0.012065479
HBA1,0.006138462
LUC7L,0.50725585
FAM234A,0.12170167
RGS11,0.00995117
AXIN1,0.1468832
MRPL28,0.06952197
PGAP6,0.1413692
NME4,0.041757714
RAB11FIP3,0.93936354
CAPN15,0.14662036
PIGQ,0.23502545
NHLRC4,0.0
RAB40C,0.23721378
METTL26,0.06823946
MCRIP2,0.15737917
RHOT2,0.22432184
STUB1,0.12678358
JMJD8,0.05172804
WDR24,0.017932229
FBXL16,0.008790522
METRN,0.051670704
ANTKMT,0.05190588
HAGHL,0.034330916
CIAO3,0.061125915
RPUSD1,0.018993542
LMF1,0.361729
CACNA1H,0.14422542
TPSB2,0.009992656
TPSAB1,0.0037797003
UBE2I,0.23296049
TSR3,0.03667025
GNPTG,0.12871079
UNKL,0.10608699
UQCC4,0.013054499
CLCN7,0.20149755
TELO2,0.104174614
TMEM204,0.051316258
CRAMP1,0.03140594
ENSG00000261732,0.0
JPT2,0.18285432
MAPK8IP3,0.46001402
NME3,0.24811074
MRPS34,0.06691359
EME2,0.066976085
SPSB3,0.18197194
NUBP2,0.054876637
IGFALS,0.0
HAGH,0.23146626
FAHD1,0.05414578
MSRB1,0.039423976
NDUFB10,0.101443864
RPS2,0.34301278
SNHG9,0.08803037
TBL3,0.022664942
GFER,0.021687489
ZNF598,0.034448307
NPW,0.006712821
NHERF2,0.11590335
NTHL1,0.023412967
TSC2,0.27479118
PKD1,0.18724093
RAB26,0.011025779
SNHG19,0.03825027
TRAF7,0.042782735
MLST8,0.051358547
PGP,0.0710231
E4F1,0.10047716
ECI1,0.14398116
RNPS1,0.20398283
ABCA3,0.09665312
TBC1D24,0.029293213
AMDHD2,0.09584653
PDPK1,0.39049825
KCTD5,0.047317322
SRRM2,1.2376993
ELOB,0.1776368
ZG16B,0.005481064
PRSS22,0.13274744
FLYWCH2,0.06417377
FLYWCH1,0.13452117
TNFRSF12A,0.21338016
HCFC1R1,0.11138481
THOC6,0.047530442
BICDL2,0.097248524
MMP25,0.0056596114
MMP25-AS1,0.040742923
IL32,0.11773869
ENSG00000262370,0.015303055
ZNF205,0.06078816
ZNF213,0.059885733
ZNF200,0.031414066
LINC00921,0.00020417605
ZNF263,0.08251011
TIGD7,0.044671632
ZNF75A,0.19798487
ZSCAN32,0.041731823
ZNF174,0.0
NAA60,0.09326384
CLUAP1,0.14915769
NLRC3,0.022506991
DNASE1,0.3502675
TRAP1,0.2056944
CREBBP,0.7228974
ADCY9,0.42758977
TFAP4,0.022366539
GLIS2,0.16067886
CORO7,0.009393302
VASN,0.17594178
DNAJA3,0.10031643
NMRAL1,0.13483016
HMOX2,0.18220995
CDIP1,0.101563685
UBALD1,0.06954295
MGRN1,0.31452647
NUDT16L1,0.042589724
ANKS3,0.17236252
ZNF500,0.08135366
SMIM22,0.07772999
ROGDI,0.04855892
GLYR1,0.37367675
UBN1,0.22532707
NAGPA,0.03053511
ALG1,0.07799639
EEF2KMT,0.017241364
METTL22,0.07282115
ABAT,0.19494094
PMM2,0.2769843
CARHSP1,0.21005173
USP7,0.22950338
HAPSTR1,0.26440462
ATF7IP2,0.26297155
EMP2,0.13356459
NUBP1,0.06485887
CIITA,0.12881735
DEXI,0.035669975
CLEC16A,0.6954926
SOCS1,0.08179448
LITAF,0.61612093
SNN,0.009990445
TXNDC11,0.33842897
TXNDC11-AS1,0.0058226367
ZC3H7A,0.34688455
RSL1D1,0.090849794
GSPT1,0.45358792
SNX29,1.6157556
CPPED1,0.2837299
ERCC4,0.06941226
LINC02185,0.0026247695
MRTFB,0.60647863
PARN,0.3623905
BFAR,0.12094141
NOMO1,0.07958571
NPIPA1,0.062999144
PDXDC1,0.753198
NTAN1,0.052113228
RRN3,0.14195415
MPV17L,0.0
BMERB1,0.35244498
MARF1,0.21699747
NDE1,0.14301853
MYH11,0.06140226
CEP20,0.07371546
XYLT1,0.15484004
RPS15A,0.15827593
ARL6IP1,0.002505826
SMG1,0.86360526
TMC7,0.064153396
COQ7,0.072870374
ITPRIPL2,0.0
ENSG00000261759,0.008734897
SYT17,0.16703309
GDE1,0.05614457
CCP110,0.09194991
VPS35L,0.4180496
KNOP1,0.09627839
IQCK,0.4782284
GPRC5B,0.16677776
ACSM2A,0.7483869
ACSM3,0.30069706
THUMPD1,0.17505562
ERI2,0.07747086
DCUN1D3,0.0018215164
LYRM1,0.12747578
LDAF1,0.08114105
CRYM,0.060641386
METTL9,0.33018258
IGSF6,0.011291669
OTOA,0.0071829045
ENSG00000274460,0.0053882753
UQCRC2,0.26328847
MOSMO,0.279885
EEF2K,0.12770471
POLR3E,0.10622994
CDR2,0.7412107
NPIPB5,0.40015107
HS3ST2,0.012680674
USP31,0.2566215
SCNN1B,0.085694164
COG7,0.31628203
ENSG00000260136,0.013536952
GGA2,0.30673227
UBFD1,0.06293756
NDUFAB1,0.090646006
PALB2,0.06365467
DCTN5,0.13933179
PRKCB,0.09861342
RBBP6,0.34612232
TNRC6A,1.2347099
ENSG00000261669,0.036976933
ARHGAP17,0.31647342
LCMT1,0.23662461
ZKSCAN2-DT,0.02992333
NSMCE1,0.12109223
NSMCE1-DT,0.036520343
IL4R,0.44972917
GTF3C1,0.23382346
XPO6,0.29096577
CLN3,0.0003743301
APOBR,0.0035436698
NUPR1,0.13210961
SGF29,0.06391515
SULT1A1,0.10753359
EIF3C,0.011147964
ATXN2L,0.16728623
TUFM,0.1713149
SH2B1,0.28671548
RABEP2,0.15122387
NFATC2IP,0.31894892
SPNS1,0.087294094
LAT,0.055490915
NPIPB11,0.04395072
BOLA2-SMG1P6,0.0
SPN,0.0
QPRT,0.06974094
C16orf54,0.0011662612
KIF22,0.07203037
MAZ,0.05401975
PRRT2,0.00017255262
PAGR1,0.0
MVP,0.27027854
CDIPT,0.06600979
SEZ6L2,0.058707993
KCTD13,0.14548922
TMEM219,0.15104127
TAOK2,0.10059006
HIRIP3,0.021338584
INO80E,0.17472947
ALDOA,0.0
PPP4C,0.123073764
TBX6,0.007950085
YPEL3,0.10524476
GDPD3,0.016615247
MAPK3,0.061059605
CORO1A,0.009159659
BOLA2B,0.0
SULT1A3,0.011118891
ENSG00000258130,0.0014372381
CD2BP2,0.07870938
TBC1D10B,0.07034714
ZNF48,0.034265038
SEPTIN1,0.022197513
ZNF771,0.0370269
DCTPP1,0.019602196
SEPHS2,0.08164501
ITGAL,0.04972857
ZNF768,0.041769963
ZNF747,0.0
ZNF747-DT,0.0066221077
ZNF764,0.0005050511
ZNF688,0.027703088
ZNF785,0.0797472
ZNF689,0.016038477
PRR14,0.05924112
FBRS,0.11314192
ENSG00000261840,0.008138265
PHKG2,0.115029275
RNF40,0.11753762
ZNF629,0.031401552
BCL7C,0.32345706
MIR762HG,0.053074636
CTF1,0.011918105
FBXL19,0.10529522
ORAI3,0.026030224
SETD1A,0.059310235
HSD3B7,0.018812668
STX4,0.07361108
ZNF668,0.022887073
VKORC1,0.00017747929
BCKDK,0.032867063
KAT8,0.1304216
PRSS8,0.114861906
PRSS36,0.0035736645
FUS,0.64190906
PYCARD,0.012541136
ITGAM,0.019265246
ITGAX,0.015575053
ENSG00000261474,0.07292994
ENSG00000260267,0.02236725
TGFB1I1,0.018728338
RUSF1,0.0913949
KRBOX5,0.15860558
ZNF267,0.084278084
TP53TG3D,0.0
VPS35,0.17685798
C16orf87,0.07740956
GPT2,0.08949072
DNAJA2,0.098764576
NETO2,0.025277205
ITFG1,0.9899862
PHKB,0.64796066
LONP2,0.57221633
SIAH1,0.19878423
N4BP1,0.31985724
CBLN1,0.00028264642
ENSG00000279249,0.0017081092
CNEP1R1,0.031430736
HEATR3,0.053883877
TENT4B,0.24665777
ADCY7,0.035468254
BRD7,0.16098104
NKD1,0.042030856
CYLD,0.16314961
HNRNPA1L3,0.039658885
CHD9,1.3304472
RBL2,0.31092885
AKTIP,0.05099873
FTO,1.0242755
IRX3,0.118352585
CRNDE,0.16007957
IRX5,0.036913462
MMP2,0.014201241
LPCAT2,0.15168992
ENSG00000261997,0.0
CES1,0.00017843238
AMFR,0.26275113
NUDT21,0.11232554
OGFOD1,0.06754994
BBS2,0.15907922
MT2A,0.4633634
MT1E,0.26975095
MT1M,0.015667658
MT1A,0.0017672959
MT1F,0.13230461
MT1G,0.279291
MT1H,0.13456158
MT1X,0.14910562
NUP93,0.15896219
HERPUD1,0.22495247
CETP,0.008526439
NLRC5,0.12806351
CPNE2,0.0593563
PSME3IP1,0.212361
RSPRY1,0.25651965
ARL2BP,0.098008886
PLLP,0.10500418
CX3CL1,0.10166035
CIAPIN1,0.09369575
COQ9,0.14518985
POLR2C,0.05099644
DOK4,0.054734338
CCDC102A,0.01607341
ADGRG1,0.46147746
KATNB1,0.018523576
KIFC3,0.8339643
ZNF319,0.00602417
USB1,0.04127354
CFAP20,0.04360769
CSNK2A2,0.14614709
NDRG4,0.008456039
SETD6,0.045552455
CNOT1,0.47354114
ENSG00000276259,0.014178884
SLC38A7,0.07253809
GOT2,0.11739575
CDH11,0.06313932
CDH5,0.07733726
LINC00920,0.002079159
TK2,0.1017499
CKLF,0.0028088891
CMTM2,0.0079664
CMTM3,0.025042519
CMTM4,0.45748672
DYNC1LI2,0.3671893
NAE1,0.111759864
PDP2,0.0463264
RRAD,0.32104254
CIAO2B,0.098521926
CES2,0.1389259
CES4A,0.020890448
CBFB,0.491874
PHAF1,0.11553237
B3GNT9,0.005674591
TRADD,0.055974323
HSF4,0.04321465
NOL3,0.067821704
MATCAP1,0.08723509
EXOC3L1,0.020273171
E2F4,0.08052609
ELMO3,0.08478858
FBXL9P,0.09172333
TMEM208,0.08084853
FHOD1,0.044420734
TPPP3,0.018056432
ZDHHC1,0.10085908
ATP6V0D1,0.1733655
RIPOR1,0.27668372
CTCF,0.3329345
ACD,0.01962593
PARD6A,0.008906174
ENKD1,0.06353897
GFOD2,0.17951281
RANBP10,0.3145344
CENPT,0.05799648
THAP11,0.011003748
NUTF2,0.065626964
PSKH1,0.093239695
PSMB10,0.00041425854
LCAT,0.06847834
SLC12A4,0.047915135
DPEP2,0.017814174
DUS2,0.08249233
DDX28,0.0063605113
NFATC3,0.5719326
PLA2G15,0.11189247
SLC7A6,0.18683153
SLC7A6OS,0.08789248
PRMT7,0.15568413
ZFP90,0.14716464
CDH1,0.3854517
TANGO6,0.36742845
CHTF8,0.14359038
UTP4,0.143987
SNTB2,0.25846323
VPS4A,0.07038994
COG8,0.0
NIP7,0.022106351
TERF2,0.15704066
CYB5B,0.27886
NFAT5,1.6314418
NQO1,0.05054856
NOB1,0.025914064
WWP2,0.5412807
PDPR,0.29472107
EXOSC6,0.051466566
AARS1,0.11016665
DDX19B,0.005905902
DDX19A,0.029830104
ST3GAL2,0.19935708
FCSK,0.10375517
COG4,0.18769075
SF3B3,0.2270472
MTSS2,0.07540904
VAC14,0.17549498
CMTR2,0.10153223
CALB2,0.002040539
TAT,0.0
MARVELD3,0.072286285
PHLPP2,0.14794526
AP1G1,0.50709766
ATXN1L,0.0
IST1,0.38559964
ZNF821,0.124295115
DHODH,0.036547262
TXNL4B,0.07528939
HP,0.0
HPR,0.0010752127
DHX38,0.07677689
ZFHX3,0.8708964
ENSG00000271009,0.0047790813
ENSG00000261227,0.0020699752
PSMD7,0.12224062
GLG1,0.86139977
RFWD3,0.12666091
MLKL,0.07554937
WDR59,0.42924586
ZNRF1,0.29159155
ZFP1,0.024978241
BCAR1,0.28240773
CFDP1,0.66899633
TMEM170A,0.0
TMEM231,0.03339017
GABARAPL2,0.105896115
ADAT1,0.06673183
KARS1,0.074041456
TERF2IP,0.36315247
MON1B,0.03417099
SYCE1L,0.03838908
NUDT7,0.029081158
WWOX,1.8927008
MAF,0.24550347
CDYL2,0.2693565
CMC2,0.22853735
CENPN,0.016285766
ATMIN,0.052734625
GCSH,0.0007214596
GAN,0.18094699
CMIP,1.0119241
PLCG2,0.5150026
MPHOSPH6,0.0915723
CDH13,0.22856042
HSBP1,0.13762924
MLYCD,0.03621973
NECAB2,0.0072851386
MBTPS1,0.28912735
HSDL1,0.04324281
TAF1C,0.11182598
WFDC1,0.027953107
MEAK7,0.13127884
COTL1,0.20893672
KLHL36,0.15855849
USP10,0.30723456
CRISPLD2,0.11281061
ZDHHC7,0.21748361
GSE1,0.74610245
GINS2,0.0025868844
C16orf74,0.042734742
EMC8,0.07638564
COX4I1,0.2643973
IRF8,0.020326607
FENDRR,0.0076834825
FOXF1,0.004656751
MTHFSD,0.067542605
FOXC2,0.0128314
C16orf95,0.03132677
FBXO31,0.11805233
MAP1LC3B,0.16360901
ZCCHC14,0.43292457
KLHDC4,0.17980465
BANP,0.21352981
ZFPM1,0.06442653
ZC3H18,0.1651264
CYBA,0.38612974
MVD,0.11521902
SNAI3-AS1,0.04053847
RNF166,0.029644866
CTU2,0.016097007
PIEZO1,0.22754481
CDT1,0.0027670916
APRT,0.070321366
TRAPPC2L,0.04644422
CBFA2T3,0.012496
ACSF3,0.15070465
ZNF778,0.03907845
ANKRD11,1.184631
ENSG00000268218,0.010519205
SPG7,0.492962
RPL13,0.7400098
CPNE7,0.03421705
CHMP1A,0.1385671
SPATA33,0.057431836
CDK10,0.2738004
VPS9D1,0.25203535
ZNF276,0.15722194
SPIRE2,0.1858928
TCF25,0.9014306
DEF8,0.09018862
DBNDD1,0.017351083
GAS8,0.19138838
DOC2B,0.12076403
RPH3AL,0.32649264
LIAT1,0.043612286
RFLNB,0.020159123
VPS53,0.6176342
TLCD3A,0.020260338
GEMIN4,0.011629247
GLOD4,0.08066658
MRM3,0.016248452
NXN,0.34463757
TIMM22,0.02876039
ABR,0.41516405
YWHAE,0.8316313
CRK,0.4016327
MYO1C,0.30553538
INPP5K,0.08007676
PITPNA-AS1,0.009884585
PITPNA,0.38240725
SLC43A2,0.4349121
SCARF1,0.052975617
RILP,0.037339386
PRPF8,0.2387693
TLCD2,0.022357387
MIR22HG,0.17040867
WDR81,0.07437023
SERPINF1,0.00677178
SMYD4,0.096206605
RPA1,0.13206863
HIC1,0.012906991
SMG6,0.8467504
SRR,0.045599654
TSR1,0.051394735
SGSM2,0.1843226
MNT,0.07674546
METTL16,0.34001523
PAFAH1B1,0.87986565
CLUH,0.23156133
RAP1GAP2,0.41852665
OR3A3,0.0035449401
TRPV3,0.008912186
CTNS,0.07514705
TAX1BP3,0.06690702
EMC6,0.047987003
P2RX5,0.0
ITGAE,0.07694189
NCBP3,0.24824016
CAMKK1,0.058700215
P2RX1,0.017440068
ATP2A3,0.060939576
ZZEF1,0.40253314
CYB5D2,0.1335346
ANKFY1,0.26313308
UBE2G1,0.40920186
SPNS2,0.28305832
MYBBP1A,0.060819454
PELP1,0.07224685
ARRB2,0.033015687
MED11,0.0244145
CXCL16,0.03220379
ZMYND15,0.011400349
VMO1,0.003469447
PSMB6,0.06408728
PLD2,0.043839328
MINK1,0.28744125
SLC25A11,0.06773
RNF167,0.077823885
PFN1,0.24786471
SPAG7,0.107899
CAMTA2,0.107700735
KIF1C,0.13890725
ZNF232,0.019006245
ZNF594,0.09424266
SCIMP,0.036746737
RABEP1,0.5217758
NUP88,0.31947613
RPAIN,0.14654937
ENSG00000263272,0.010916493
C1QBP,0.056067135
DHX33,0.026892997
DERL2,0.07514244
MIS12,0.06692001
NLRP1,0.14650886
WSCD1,0.041428756
KIAA0753,0.25661096
TXNDC17,0.056796223
MED31,0.0456441
XAF1,0.14992185
RNASEK,0.0068875332
C17orf49,0.0
MIR497HG,0.0
BCL6B,0.013629734
CLEC10A,0.0027935223
ASGR2,0.003881043
ASGR1,0.003581921
DLG4,0.052398242
ACADVL,0.4687385
DVL2,0.04918309
PHF23,0.05037371
GABARAP,0.0130010005
CTDNEP1,0.004444172
ELP5,0.058308907
CLDN7,0.035509393
SLC2A4,0.0056035174
YBX2,0.010428093
EIF5A,0.111997865
GPS2,0.11935737
ACAP1,0.03079708
KCTD11,0.017880118
TMEM256,0.0026584403
NLGN2,0.031291116
TMEM102,0.012868382
CHRNB1,0.01532708
ZBTB4,0.26630557
POLR2A,0.330415
TNFSF12,0.0
SENP3,0.0010301612
EIF4A1,0.15685356
CD68,0.012682141
MPDU1-AS1,0.0033647362
MPDU1,0.076595485
FXR2,0.068231516
SAT2,0.21161473
ATP1B2,0.006129946
TP53,0.10797015
WRAP53,0.022904597
KDM6B,0.2286554
TMEM88,0.04836824
NAA38,0.21020877
CHD3,0.24500231
KCNAB3,0.012428118
TRAPPC1,0.033657253
GUCY2D,0.0032902183
ALOX15B,0.00013578052
PER1,0.37521198
VAMP2,0.0003165859
TMEM107,0.040889878
BORCS6,0.014353714
LINC00324,0.0052136797
CTC1,0.09539895
PFAS,0.0319894
RANGRF,0.019203406
ARHGEF15,0.07392629
KRBA2,0.0
RPL26,0.0
NDEL1,0.32528377
MYH10,0.4615047
PIK3R5,0.043543536
STX8,0.73695344
GAS7,0.09282497
SCO1,0.08387986
ADPRM,0.024556851
TMEM220,0.0912994
TMEM220-AS1,0.12481667
MAP2K4,0.5845822
MYOCD,0.017734816
ARHGAP44,0.22528456
ELAC2,0.06708223
HS3ST3B1,0.049257092
ENSG00000266378,0.0
PMP22,0.05538614
CDRT4,0.0020015757
TVP23C,0.0
ENSG00000266538,0.0
TRIM16,0.0717773
ZNF286A,0.0
ENSG00000276855,0.012913118
ZSWIM7,0.18220402
TTC19,0.35791627
NCOR1,0.98314744
PIGL,0.44498092
CENPV,0.02480091
UBB,0.24854901
TRPV2,0.012601733
LRRC75A,0.053321887
ZNF287,0.027818078
ZNF624,0.024955852
CCDC144A,0.0
ENSG00000266302,0.20998995
MPRIP,0.6291098
FLCN,0.0
COPS3,0.08891953
NT5M,0.025500126
MED9,0.13624461
RASD1,0.3532044
PEMT,0.08548205
RAI1,0.38637194
SMCR5,0.07762631
SREBF1,0.12019064
TOM1L2,0.61562324
DRC3,0.088310234
ATPAF2,0.06815949
GID4,0.04072728
DRG2,0.07256819
ALKBH5,0.114097804
LLGL1,0.008901715
FLII,0.112728685
TOP3A,0.10820825
SMCR8,0.04928464
SHMT1,0.22155204
TRIM16L,0.03216362
TVP23B,0.10924317
PRPSAP2,0.23824921
GRAP,0.015916558
ENSG00000263394,0.0017665598
ENSG00000262202,0.029966602
GRAPL,0.09228859
EPN2,0.63547283
B9D1,0.1363354
MAPK7,0.011875076
MFAP4,0.002692148
ALDH3A2,0.174519
ULK2,0.14433783
AKAP10,0.4201153
SPECC1,0.09450671
USP22,0.3845101
DHRS7B,0.29251632
TMEM11,0.04338767
NATD1,0.015500837
MAP2K3,0.2701826
LINC02693,0.021992166
WSB1,1.138813
KSR1,0.3961713
LGALS9,0.024679134
LYRM9,0.0
NLK,0.9099893
TMEM97,0.010424283
IFT20,0.059797104
TNFAIP1,0.13550699
POLDIP2,0.0720077
TMEM199,0.027741032
VTN,0.000345422
SLC46A1,0.011088206
ENSG00000258472,0.16659926
UNC119,0.0
PIGS,0.0
ALDOC,0.0
SPAG5,0.0
ENSG00000265287,0.017473528
RSKR,0.0
BLTP2,0.16677728
SDF2,0.0997521
SUPT6H,0.33916906
RAB34,0.070655234
RPL23A,0.22830802
NEK8,0.107780375
TRAF4,0.19564226
FAM222B,0.61279655
ERAL1,0.025994759
FLOT2,0.20635587
PHF12,0.19417386
PIPOX,0.07366936
MYO18A,0.13879623
NUFIP2,0.4605099
TAOK1,0.7076453
ABHD15,0.015985038
TP53I13,0.0
GIT1,0.07276649
ANKRD13B,0.0
SSH2,1.2249197
NSRP1,0.541472
BLMH,0.118057325
CPD,0.44349283
GOSR1,0.30444112
CRLF3,0.25725114
ATAD5,0.077672854
TEFM,0.12919948
ADAP2,0.060320966
RNF135,0.07317988
MIR4733HG,0.0057226154
NF1,1.2266077
EVI2B,0.0023932953
EVI2A,0.0013313065
RAB11FIP4,0.11347895
COPRS,0.05272107
UTP6,0.14416762
SUZ12,0.44083792
LRRC37B,0.1267567
RHOT1,0.31934604
C17orf75,0.058809895
ZNF207,0.5547852
ENSG00000266385,0.012466682
PSMD11,0.20010479
MYO1D,0.90106535
ENSG00000266599,0.02046035
TMEM98,0.052195568
CCL2,0.09457362
CCL7,0.0
CCL8,0.0016146047
ZNF830,0.047451857
LIG3,0.06493067
RFFL,0.03151865
RAD51D,0.0
NLE1,0.00923783
UNC45B,0.0023334946
SLFN5,0.11614521
ENSG00000267364,0.0002150313
SLFN11,0.022265866
SLFN12,0.031669874
SLFN13,0.025106078
SLFN12L,0.05083743
SNHG30,0.049627382
AP2B1,0.4867199
TAF15,0.65246403
MMP28,0.046067573
ENSG00000270871,0.049618915
CCL5,0.014772168
CCL14,8.7401524e-05
CCL23,0.0013358942
CCL18,0.00088661106
CCL3,0.013719106
CCL4,0.017662002
ENSG00000274767,0.0072517456
CCL3L3,0.008681302
CCL4L2,0.015934547
ZNHIT3,0.035271168
MYO19,0.2745569
GGNBP2,0.45388326
DHRS11,0.027897196
MRM1,0.02204005
AATF,0.3449175
ACACA,0.47534916
TADA2A,0.1581692
DUSP14,0.0354144
SYNRG,0.43154755
DDX52,0.29619366
MRPL45,0.13738233
SOCS7,0.13164939
ARHGAP23,0.13117088
EPOP,0.002258667
ENSG00000277969,0.007833575
MLLT6,0.41042414
CISD3,0.045677446
PCGF2,0.09141838
PSMB3,0.10504276
PIP4K2B,0.15167852
CWC25,0.19841611
RPL23,0.24209915
LASP1,0.19981235
LASP1NB,0.006630393
PLXDC1,0.027388208
RPL19,0.38447204
FBXL20,0.6487371
MED1,0.16826811
CDK12,0.44836566
STARD3,0.120148316
PNMT,0.006929589
PGAP3,0.074417844
ERBB2,0.41526216
MIEN1,0.028378243
IKZF3,0.031485464
ORMDL3,0.033473123
PSMD3,0.08282486
MED24,0.107307814
THRA,0.0683592
NR1D1,0.022698134
MSL1,0.13877589
CASC3,0.22679447
WIPF2,0.4459945
RARA,0.10917186
RARA-AS1,0.0073085614
TOP2A,0.0074771554
IGFBP4,0.3250994
CCR7,0.003134177
SMARCE1,0.0026725496
KRT222,0.00040090652
KRT10,0.07472849
KRT10-AS1,0.02301101
KRT23,0.006189349
KRT19,0.5494491
EIF1,0.49806535
HAP1,0.013853992
JUP,0.5245671
P3H4,0.04028247
FKBP10,0.02507157
NT5C3B,0.05828493
KLHL11,0.015050999
ACLY,0.19791052
CNP,0.07229303
DNAJC7,0.34786963
NKIRAS2,0.040904205
DHX58,0.026202122
KAT2A,0.14794463
RAB5C,0.00059023633
GHDC,0.045181558
STAT5B,0.41207287
STAT5A,0.07633419
STAT3,1.1752734
CAVIN1,0.11138507
ATP6V0A1,0.39205888
NAGLU,0.09524078
HSD17B1-AS1,0.008500358
COASY,0.06807259
MLX,0.042310096
RETREG3,0.20660283
TUBG1,0.017595373
TUBG2,0.074213736
PLEKHH3,0.04421133
ENSG00000267042,0.034980386
CNTNAP1,0.014686655
EZH1,0.25167903
RAMP2-AS1,0.013427423
RAMP2,0.03715844
VPS25,0.06840128
WNK4,0.28208742
COA3,0.09225999
BECN1,0.14045963
PSME3,0.07030012
AOC3,0.0032167374
AARSD1,0.0
PTGES3L,0.0
RUNDC1,0.072501935
RPL27,0.15328522
IFI35,0.038538184
VAT1,0.037146818
BRCA1,0.078344144
ENSG00000267002,0.0014961514
NBR1,0.23831862
TMEM106A,0.13372342
ARL4D,0.060601186
DHX8,0.12960058
DUSP3,0.10259172
TMEM101,0.13155258
LSM12,0.15168683
G6PC3,0.052916273
HDAC5,0.17926219
ASB16-AS1,0.05015185
TMUB2,0.109803565
ATXN7L3,0.050484326
UBTF,0.1416563
SLC25A39,0.13210373
GRN,0.18451713
GPATCH8,0.9052235
FZD2,0.006177492
MEIOC,0.0076817293
CCDC43,0.041291192
GJC1,0.03386707
HIGD1B,0.005016216
EFTUD2,0.15584049
DCAKD,0.23110242
NMT1,0.33941698
ACBD4,0.09945055
ENSG00000276728,0.023240253
HEXIM1,0.06073553
HEXIM2-AS1,0.23978269
HEXIM2,0.014736492
FMNL1-DT,0.019715453
FMNL1,0.028284948
MAP3K14,0.45994392
ARHGAP27,0.13584289
PLEKHM1,0.18667221
ENSG00000267198,0.02342656
MAPT,0.12873748
KANSL1,1.3348143
KANSL1-AS1,0.009017879
ARL17B,0.17555588
ARL17A,0.33563554
FAM215B,0.0
NSF,0.58064115
GOSR2,0.0006115774
CDC27,0.4247029
EFCAB13,0.45258316
NPEPPS,0.83091295
KPNB1,0.37180078
TBKBP1,0.051474914
OSBPL7,0.033110697
MRPL10,0.025725512
SCRN2,0.1140949
SP2,0.09676778
PNPO,0.037253268
CDK5RAP3,0.20609263
COPZ2,0.0157338
NFE2L1,0.2695796
CBX1,0.12193666
SNX11,0.055299103
SKAP1,0.7771317
HOXB2,0.06435058
HOXB-AS1,0.050924793
HOXB3,0.47539237
HOXB-AS3,0.114892736
HOXB4,0.0
HOXB5,0.0
HOXB6,0.0061015873
HOXB7,0.07679607
CALCOCO2,0.18950437
ATP5MC1,0.086019605
UBE2Z,0.26816308
SNF8,0.14166299
GNGT2,0.00143936
ABI3,0.02038867
ZNF652,0.41596594
PHB1,0.06836208
NGFR,0.0017651276
SPOP,0.3294414
SLC35B1,0.044213116
FAM117A,0.06668666
KAT7,0.15040822
ITGA3,0.7470429
PDK2,0.1426812
SAMD14,0.008733532
PPP1R9B,0.052587233
SGCA,0.0031747634
COL1A1,0.030265428
XYLT2,0.06998803
MRPL27,0.07383545
LRRC59,0.05529105
RSAD1,0.1293544
SPATA20,0.08325341
ABCC3,0.44453213
ANKRD40,0.059227873
ENSG00000262967,0.01743502
LUC7L3,0.95535827
TOB1,0.20528515
SPAG9,0.99628997
NME1,0.00025746174
NME2,0.0002772932
MBTD1,0.3916204
UTP18,0.09856945
TOM1L1,0.430591
COX11,0.099361286
STXBP4,0.37082362
HLF,0.1531217
MMD,0.035856083
PCTP,0.07706509
C17orf67,0.027584262
DGKE,0.089866444
TRIM25,0.07887113
COIL,0.07608329
SCPEP1,0.10548774
AKAP1,0.16429426
ENSG00000263089,0.018843766
MSI2,1.7249804
MRPS23,0.046692308
CUEDC1,0.33852646
VEZF1,0.12822643
ENSG00000264112,0.0
SRSF1,0.034436174
DYNLL2,0.10435309
TSPOAP1-AS1,0.04432118
MIR142HG,0.009314671
SUPT4H1,0.042808257
MTMR4,0.108981326
SEPTIN4,0.009820742
RAD51C,0.05836984
TRIM37,0.19503078
SKA2,0.09402248
PRR11,0.010721355
YPEL2,0.47694007
DHX40,0.13780315
ENSG00000273702,0.013585647
CLTC,0.5001482
PTRH2,0.078465685
VMP1,1.2745575
TUBD1,0.12798715
RPS6KB1,0.22717716
RNFT1,0.04606242
HEATR6,0.050957724
USP32,0.6014929
APPBP2,0.52767724
BCAS3,1.4570225
TBX2-AS1,0.002919645
TBX2,0.17062736
LINC02875,0.0032210746
INTS2,0.10779189
MED13,0.8237329
METTL2A,0.0666924
TLK2,0.5686555
ENSG00000277463,0.0006285086
ENSG00000274565,0.0029302079
MRC2,0.17639123
TANC2,1.0086082
CYB561,0.07576259
ACE,0.0044385004
DCAF7,0.3301886
TACO1,0.030507438
MAP3K3,0.33966503
STRADA,0.008787939
LIMD2,0.0
CCDC47,0.14467251
DDX42,0.30031255
FTSJ3,0.05966642
PSMC5,0.06903873
SMARCD2,0.08032002
CD79B,0.0019680709
SCN4A,0.01053468
ICAM2,0.040154457
ERN1,0.22678179
SNHG25,0.14054282
TEX2,0.16488634
PECAM1,0.27542582
MILR1,0.009797408
POLG2,0.11383252
DDX5,0.9687402
CEP95,0.35124308
SMURF2,0.6382178
GNA13,0.30388758
RGS9,0.03696401
AXIN2,0.010053107
CEP112,0.6232849
APOH,0.0051881974
PRKCA,1.3426753
CACNG4,0.008803747
HELZ,0.7054451
HELZ-AS1,0.023732873
PSMD12,0.18474299
PITPNC1,1.1354241
NOL11,0.085950956
BPTF,1.063941
C17orf58,0.00838375
KPNA2,0.02531696
ENSG00000278730,0.0496664
ENSG00000274561,0.016922696
AMZ2,0.030415397
ARSG,0.17425282
SLC16A6,0.033523146
WIPI1,0.1470845
PRKAR1A,0.3944099
FAM20A,0.38592237
ABCA8,0.015462395
ABCA9,0.079545714
ABCA6,0.0786812
ABCA5,0.4995245
MAP2K6,0.1855737
ENSG00000267653,0.00408404
KCNJ16,1.1556579
KCNJ2,0.016442355
SLC39A11,0.61469686
SSTR2,0.016936237
COG1,0.06913436
VCF1,0.104069315
MTNAP1,0.06581721
CDC42EP4,0.18200062
SDK2,0.07849535
RPL38,0.22566329
GPRC5C,0.2553106
CD300A,0.008434094
CD300C,0.00022241667
CD300E,0.0041875876
RAB37,0.010541987
CD300LF,0.0038502882
NHERF1,0.09482434
NAT9,0.056098264
TMEM104,0.04858778
FDXR,0.018479452
HID1,0.05930847
CDR2L,0.049687926
MRPL58,0.037428442
KCTD2,0.08099754
ATP5PD,0.08961851
ARMC7,0.17358434
NT5C,0.10969332
JPT1,0.20484847
SUMO2,0.11076555
NUP85,0.13536784
GGA3,0.1605554
MRPS7,0.055177215
MIF4GD,0.016294362
MIF4GD-DT,0.0010283166
SLC25A19,0.011959296
GRB2,0.40078592
TMEM94,0.152603
CASKIN2,0.087738365
TSEN54,0.09030232
LLGL2,0.79161555
RECQL5,0.14741048
SAP30BP,0.2542916
ITGB4,0.11164701
GALK1,0.031470094
H3-3B,0.573999
UNK,0.3100554
UNC13D,0.042970456
WBP2,0.16913866
TRIM47,0.067656025
TRIM65,0.05130067
FBF1,0.04376003
ACOX1,0.23347813
TEN1,0.06005261
CDK3,0.04259534
SRP68,0.10595968
EXOC7,0.28087184
RNF157,0.072384655
UBALD2,0.070755646
PRPSAP1,0.11391073
SPHK1,0.015338383
UBE2O,0.20524335
RHBDF2,0.098161064
CYGB,0.0032823237
PRCD,0.0021664586
ENSG00000284526,0.007049355
MXRA7,0.06579604
JMJD6,0.059369985
METTL23,0.028280165
SRSF2,0.26006213
MFSD11,0.19342014
SEC14L1,0.5623515
SEPTIN9,0.9270296
TNRC6C,0.3741603
TMC6,0.122398704
TMC8,0.036810357
SYNGR2,0.1304809
TK1,0.017103376
AFMID,0.41514182
LINC01993,0.025899213
SOCS3,0.33092377
PGS1,0.21569173
CYTH1,0.47410947
USP36,0.3136836
TIMP2,0.16409719
LGALS3BP,0.124039076
CANT1,0.057666562
C1QTNF1,0.027605698
ENGASE,0.09300825
CBX2,0.0025199407
CBX4,0.042457484
TBC1D16,0.34742483
GAA,0.11716996
EIF4A3,0.088033915
SGSH,0.04233022
SLC26A11,0.12950823
RNF213,0.8946655
RNF213-AS1,0.56970423
ENDOV,0.09441546
RPTOR,0.5401213
CHMP6,0.047617275
BAIAP2-DT,0.026169673
BAIAP2,0.25083613
AATK,0.025994694
CEP131,0.022960395
TEPSIN,0.07377945
NDUFAF8,0.08293068
SLC38A10,0.24074244
ENSG00000262877,0.04912179
BAHCC1,0.05543612
ACTG1,0.8594274
FAAP100,0.08825549
NPLOC4,0.5010907
OXLD1,0.03444718
CCDC137,0.061577912
ARL16,0.14298292
HGS,0.15013522
ENSG00000262049,0.014521159
MRPL12,0.0
SLC25A10,0.08729174
MCRIP1,0.1172393
P4HB,0.28877947
ARHGDIA,0.18405549
ENSG00000263731,0.007277055
ALYREF,0.017336255
ANAPC11,0.06113915
NPB,0.0005337524
PCYT2,0.05578048
SIRT7,0.083465226
MAFG,0.052105278
PYCR1,0.0029416066
ASPSCR1,0.16782293
CENPX,0.041255586
LRRC45,0.028503865
RAC3,0.01131368
DCXR,0.12933235
RFNG,0.08410535
GPS1,0.12670746
DUS1L,0.094208546
FASN,0.030053157
CCDC57,0.5478026
SLC16A3,0.16256379
CSNK1D,0.33332172
CD7,0.008795572
SECTM1,0.02144289
OGFOD3,0.0763497
HEXD,0.2208125
CYBC1,0.09004047
NARF,0.12789999
FOXK2,0.42531842
ENSG00000261845,0.0055756057
WDR45B,0.22350897
RAB40B,0.116876386
FN3KRP,0.06188733
FN3K,0.18234356
TBCD,0.35788086
METRNL,0.068029664
USP14,0.23025848
THOC1,0.2688718
COLEC12,0.045159854
TYMS,0.018083863
ENOSF1,0.76059735
YES1,0.44211987
LINC00470,0.0061091506
METTL4,0.0815989
NDC80,0.0159557
SMCHD1,0.68050146
EMILIN2,0.030115372
LPIN2,0.40725866
MYOM1,0.08602696
ENSG00000272688,0.0072688307
MYL12A,0.22045404
MYL12B,0.38005793
TGIF1,0.17849882
GAPLINC,0.0059133978
DLGAP1-AS1,0.081491455
LINC00667,0.081933826
ZBTB14,0.016120857
EPB41L3,0.5292686
L3MBTL4,0.7070064
L3MBTL4-AS1,0.0005063582
PTPRM,1.6565585
RAB12,0.22219317
NDUFV2,0.22838832
ANKRD12,1.0954397
TWSG1,0.21730208
RALBP1,0.29154342
PPP4R1,0.44324672
RAB31,0.25514498
VAPA,0.5691597
APCDD1,0.03777672
NAPG,0.20645338
PIEZO2,0.109579206
GNAL,0.13501853
CHMP1B,0.0
MPPE1,0.18248762
IMPA2,0.29421163
TUBB6,0.1784993
AFG3L2,0.29321563
PRELID3A,0.017696338
SPIRE1,0.5890004
PSMG2,0.17959456
CEP76,0.050963413
PTPN2,0.42539972
SEH1L,0.13952498
CEP192,0.39758793
LDLRAD4,0.74849063
FAM210A,0.09485259
RNMT,0.41032687
ZNF519,0.0626919
ROCK1,0.6775487
ESCO1,0.35437316
SNRPD1,0.08235029
ABHD3,0.21767148
MIB1,0.51137817
GATA6,0.020789577
RBBP8,0.7082638
CABLES1,0.5597449
TMEM241,0.26553017
RIOK3,0.3802391
RMC1,0.119397335
NPC1,0.40311638
ANKRD29,0.024690604
LAMA3,0.11488729
TTC39C,0.17499147
OSBPL1A,0.34087917
IMPACT,0.057822008
ZNF521,0.19745578
SS18,0.36733183
KCTD1,0.5567789
CDH2,0.27335492
DSC2,0.06262306
DSG2,0.14672895
TTR,0.00095494615
B4GALT6,0.06828609
TRAPPC8,0.38695467
RNF125,0.07788527
RNF138,0.19719228
ENSG00000263393,0.0038561216
DTNA,0.22479294
MAPRE2,0.20092638
ZNF397,0.161905
ZSCAN30,0.13413176
ZNF24,0.16195782
ZNF396,0.021054236
INO80C,0.0008268449
GALNT1,0.3185014
C18orf21,0.024049236
RPRD1A,0.37494853
SLC39A6,0.08072974
ELP2,0.27487794
COSMOC,0.0021448776
MOCOS,0.06928318
TPGS2,0.13562109
KIAA1328,0.6354905
CELF4,0.02636307
PIK3C3,0.4004454
SETBP1,1.2460715
SLC14A1,0.043225482
EPG5,0.2734753
PSTPIP2,0.07329404
ATP5F1A,0.20330034
HAUS1,0.05307626
ARK2N,0.21882896
ARK2C,0.043084767
PIAS2,0.3975224
KATNAL2,0.20894115
HDHD2,0.01864434
IER3IP1,0.0008816062
SMAD2,0.6351346
CTIF,0.35037124
SMAD7,0.13414815
DYM,0.75740933
C18orf32,0.016549964
RPL17-C18orf32,0.0009339302
RPL17,0.00070839253
LIPG,0.15621632
ACAA2,0.10957601
SNHG22,0.12783125
MYO5B,0.42316437
MBD1,0.10852258
CXXC1,0.08920524
MRO,0.03261812
ME2,0.14194281
ELAC1,0.0
SMAD4,0.16464396
MEX3C,0.057762813
MBD2,0.42925623
ENSG00000277324,0.002395301
POLI,0.13392554
C18orf54,0.01349298
RAB27B,0.02565136
CCDC68,0.056687407
TCF4,0.49416047
TXNL1,0.18201819
WDR7,0.500361
FECH,0.09204378
NARS1,0.1496783
ATP8B1-AS1,0.0038133827
ATP8B1,0.57309353
NEDD4L,1.3554791
MALT1,0.41096285
ZNF532,0.39392206
SEC11C,0.05929741
LMAN1,0.18007706
CCBE1,0.11473546
PMAIP1,0.028172407
RNF152,0.5784128
PIGN,0.37066206
RELCH,0.40326136
TNFRSF11A,0.017987017
ZCCHC2,0.22458707
PHLPP1,0.5428453
BCL2,0.94010854
KDSR,0.17633507
VPS4B,0.22461781
SERPINB2,0.0026111656
ENSG00000283667,0.002882341
SERPINB8,0.024889955
CDH19,0.0022914945
DSEL,0.033267565
TMX3,0.19921932
CCDC102B,0.13274616
DOK6,0.2821661
CD226,0.05527965
RTTN,0.32282203
SOCS6,0.16458324
TIMM21,0.031510096
CYB5A,0.34624082
CNDP2,0.27150732
ZNF407-AS1,0.050767343
ZNF407,0.8228278
PTGR3,0.10096786
TSHZ1,0.2453091
ZNF516,0.36799994
ZNF236,0.2614544
MBP,0.48937887
ATP9B,0.77166915
NFATC1,0.12998839
CTDP1,0.09813247
SLC66A2,0.19059078
HSBP1L1,0.13332991
TXNL4A,0.14457904
RBFA,0.0
RBFADN,0.0
ADNP2,0.21934968
PARD6G,0.079074964
C20orf96,0.055343524
ZCCHC3,0.024236493
SOX12,0.04251536
NRSN2,0.03322348
TRIB3,0.011473331
RBCK1,0.170004
TBC1D20,0.11663359
CSNK2A1,0.5270048
TCF15,0.0007648226
FAM110A,0.027142785
PSMF1,0.23711896
TMEM74B,0.0035089834
SDCBP2,0.03678857
FKBP1A,0.0007565635
NSFL1C,0.11891062
SIRPB2,0.0057313796
SIRPA,0.074690945
STK35,0.12728319
SNRPB,0.08944348
NOP56,0.096639566
IDH3B,0.04992146
EBF4,0.06794851
PCED1A,0.12565084
VPS16,0.031594526
PTPRA,0.5785613
MRPS26,0.060085185
UBOX5,0.08995468
FASTKD5,0.0
LZTS3,0.07460792
DDRGK1,0.08637191
ITPA,0.15020612
DNAAF9,1.0487949
ATRN,0.4929602
SIGLEC1,0.008933358
HSPA12B,0.024138732
ADISSP,0.018100806
CENPB,0.041315455
CDC25B,0.086991034
AP5S1,0.025279453
MAVS,0.30083677
PANK2-AS1,0.014270961
PANK2,0.24227755
RNF24,0.43011707
SMOX,0.121519275
PRNP,0.0908333
RASSF2,0.02685882
SLC23A2,0.23682766
TMEM230,0.15805072
PCNA,0.037028413
CDS2,0.22900848
GPCPD1,0.51569945
SHLD1,0.23743223
TRMT6,0.04127152
MCM8,0.07168905
CRLS1,0.3109048
BMP2,0.027313193
TMX4,0.178854
PLCB1,1.3977733
PLCB4,0.43803412
MKKS,0.04691436
SLX4IP,0.36657777
JAG1,0.18040961
BTBD3,0.27492303
TASP1,0.63123775
ESF1,0.30300853
NDUFAF5,0.15147662
FLRT3,0.2587855
KIF16B,0.5811894
SNRPB2,0.07999308
DSTN,0.57364595
RRBP1,0.5652671
SNX5,0.15779275
OVOL2,0.1423972
MGME1,0.18440731
PET117,0.008806085
KAT14,0.05543701
ZNF133,0.17881233
POLR3F,0.041420627
RBBP9,0.021322824
SEC23B,0.20259076
SMIM26,0.004697839
DTD1,0.03837842
SLC24A3,0.13309468
RIN2,0.6874567
NAA20,0.12851545
CRNKL1,0.060309064
RALGAPA2,0.84774685
KIZ,0.31069303
KIZ-AS1,0.058016594
XRN2,0.35946137
THBD,0.035182297
CD93,0.070865504
NXT1,0.020137772
GZF1,0.033434372
NAPB,0.163908
CST3,0.32860234
CST7,0.009382179
APMAP,0.09209659
ACSS1,0.2137279
ENTPD6,0.15482979
PYGB,0.21798816
ABHD12,0.2547626
ZNF337,0.13809912
REM1,0.0017564283
HM13,0.3245159
ID1,0.3076102
COX4I2,0.002439261
BCL2L1,0.5745334
FOXS1,0.0007004424
PDRG1,0.026583634
CCM2L,0.05253058
HCK,0.019187044
TM9SF4,0.23978202
PLAGL2,0.041701503
POFUT1,0.08012407
KIF3B,0.29413587
ASXL1,0.7356578
NOL4L,0.16210556
ENSG00000277301,0.0015719328
COMMD7,0.0
MAPRE1,0.118736885
ENSG00000260257,0.01684809
BPIFB1,0.0026289437
CDK5RAP1,0.15897661
SNTA1,0.078771174
CBFA2T2,0.79059774
NECAB3,0.037441213
PXMP4,0.041095518
ZNF341,0.045612026
CHMP4B,0.2355094
RALY-AS1,0.012344651
RALY,0.43377453
EIF2S2,0.22436997
ASIP,0.018909357
AHCY,0.077205844
ITCH,0.7817099
DYNLRB1,0.20109625
MAP1LC3A,0.091801114
NCOA6,0.47047317
TP53INP2,0.052662745
ACSS2,0.37501353
GSS,0.10633811
TRPC4AP,0.49808854
EDEM2,0.11712781
PROCR,0.04991621
MMP24OS,0.18530677
EIF6,0.02503156
UQCC1,0.30116546
CEP250,0.062965736
ERGIC3,0.25323057
CPNE1,0.1394392
RBM12,0.0
NFS1,0.043253325
ROMO1,0.11077716
RBM39,1.1141167
PHF20,0.535615
SCAND1,0.13714342
NORAD,0.229193
EPB41L1,0.8390976
AAR2,0.07727298
DLGAP4,0.35014954
MYL9,0.1494536
TGIF2,0.0029196364
RAB5IF,0.035644867
SLA2,0.018373545
NDRG3,0.10557838
DSN1,0.03615296
MTCL2,0.22218467
SAMHD1,0.10702351
RBL1,0.09139033
RPN2,0.279509
MANBAL,0.067673266
SRC,0.13035655
BLCAP,0.24682087
CTNNBL1,0.22621627
TTI1,0.15038753
RPRD1B,0.2203107
TGM2,0.21399383
RALGAPB,0.41139206
ACTR5,0.034106802
PPP1R16B,0.2711433
FAM83D,0.011670006
DHX35,0.12833247
MAFB,0.0385429
TOP1,0.76529694
PLCG1-AS1,0.027340608
ZHX3,0.7397041
LPIN3,0.17946972
CHD6,0.63390595
PTPRT,0.04856927
SRSF6,0.25056788
IFT52,0.15069383
TOX2,0.061557706
JPH2,0.021004476
OSER1,0.09620789
OSER1-DT,0.014863237
FITM2,0.036593415
TTPAL,0.050951067
SERINC3,0.19053307
PKIG,0.28798962
ADA,0.019729743
CCN5,0.00057032966
KCNK15,0.012740577
YWHAB,0.34742644
TOMM34,0.034364574
STK4,0.26106548
SDC4,0.5799835
SYS1,0.0
PIGT,0.09118171
WFDC2,0.57770544
DNTTIP1,0.0599615
UBE2C,0.0028200683
SNX21,0.09214881
ACOT8,0.059870098
ZSWIM3,0.030063663
ZSWIM1,0.0072179213
CTSA,0.1938478
PLTP,0.024393177
PCIF1,0.028466934
ZNF335,0.11635469
MMP9,0.0007834005
NCOA5,0.18667036
CD40,0.06446162
SLC35C2,0.12384947
ELMO2,0.12076838
TP53RK,0.014742587
SLC2A10,0.034295414
EYA2,0.22029845
ZMYND8,0.7103963
NCOA3,0.70682997
SULF2,0.38828108
PREX1,0.15899849
ENSG00000278231,0.00036775097
ARFGEF2,0.6065739
CSE1L,0.14178741
STAU1,0.4728283
DDX27,0.14069885
ZNFX1,0.19419128
ZFAS1,0.16691117
PTGIS,0.014103196
B4GALT5,0.65732694
SLC9A8,0.25226164
SPATA2,0.018946342
RNF114,0.2460022
SNAI1,0.009973931
UBE2V1,0.0
PEDS1,0.00017013485
CEBPB,0.11353344
PELATON,0.0006074568
PTPN1,0.5897177
RIPOR3,0.32969606
PARD6B,0.48697072
BCAS4,0.08414988
ADNP,0.65156597
DPM1,0.19425982
MOCS3,0.0097822575
NFATC2,0.18774973
ATP9A,0.33149463
TSHZ2,0.28838253
ZNF217-AS1,0.008497357
ZNF217,0.16332798
BCAS1,0.082724616
PFDN4,0.04161055
DOK5,0.13664089
CBLN4,0.0
FAM210B,0.04147784
CSTF1,0.027756013
CASS4,0.017968472
RTF2,0.1372345
TFAP2C,0.028460799
RAE1,0.07530664
RBM38,0.023615826
ZBP1,0.0054783616
PMEPA1,0.23520054
RAB22A,0.21512225
VAPB,0.25247094
STX16,0.008681648
NPEPL1,0.10127512
GNAS,0.7200575
NELFCD,0.10115515
CTSZ,0.17156738
ATP5F1E,0.34929946
PRELID3B,0.029919429
FAM217B,0.057631537
PPP1R3D,0.007424134
TAF4,0.164445
LSM14B,0.034819797
PSMA7,0.13522871
SS18L1,0.14964777
MTG2,0.14395888
OSBPL2,0.21397135
ADRM1,0.04522481
LAMA5,0.33258677
RPS21,0.059847914
CABLES2,0.015411285
GATA5,0.01256766
SLCO4A1,0.13405848
MRGBP,0.038587138
OGFR,0.101955146
TCFL5,0.04496796
DIDO1,0.36746377
GID8,0.07911433
YTHDF1,0.0844015
BIRC7,0.009755624
ARFGAP1,0.19235808
EEF1A2,0.0054809614
PPDPF,0.34717426
HELZ2,0.041455165
GMEB2,0.10562482
MHENCR,0.04383063
STMN3,0.025280662
ARFRP1,0.10043495
SLC2A4RG,0.22949989
ZBTB46,0.44329473
TPD52L2,0.17252031
DNAJC5,0.3482448
UCKL1,0.081230655
ZNF512B,0.076954804
SAMD10,0.013934812
PRPF6,0.2189292
C20orf204,0.0060307584
SOX18,0.03644576
TCEA2,0.08021504
RGS19,0.010614805
OPRL1,0.002376041
PCMTD2,0.24924016
PLPP2,0.03795388
MIER2,0.07565217
SHC2,0.0717144
TPGS1,0.04283435
CDC34,0.03801149
GZMM,0.0027996686
BSG,0.29470232
POLRMT,0.04665131
FGF22,0.0025574411
RNF126,0.07181417
FSTL3,0.07570662
PALM,0.16049895
MISP,0.04305007
PTBP1,0.29498896
PLPPR3,0.0029299734
CFD,0.00969715
MED16,0.0723022
R3HDM4,0.14026128
ARID3A,0.22432923
WDR18,0.08720495
TMEM259,0.4051749
CNN2,0.16736712
ABCA7,0.08256097
ARHGAP45,0.030402973
POLR2E,0.07713576
GPX4,0.27410394
SBNO2,0.35460043
STK11,0.17718858
ATP5F1D,0.16075392
MIDN,0.60427195
CIRBP,0.65553755
FAM174C,0.05359167
PWWP3A,0.22773145
NDUFS7,0.098259486
GAMT,0.04749654
DAZAP1,0.2513007
RPS15,0.40175906
ENSG00000268798,0.0040753796
C19orf25,0.15928946
REEP6,0.021560904
ADAMTSL5,0.0032406517
MEX3D,0.0185361
MBD3,0.12036257
UQCR11,0.030143177
TCF3,0.107065454
ATP8B3,0.0054870746
REXO1,0.1318544
KLF16,0.034543086
ENSG00000261526,0.008761867
ABHD17A,0.12372003
SCAMP4,0.12859653
CSNK1G2,0.17910384
BTBD2,0.20895378
MKNK2,0.16008174
MOB3A,0.1362629
AP3D1,0.30868927
DOT1L,0.28443167
PLEKHJ1,0.110138915
SF3A2,0.064175054
OAZ1,0.00025859106
LSM7,0.1019191
SPPL2B,0.23941578
TIMM13,0.08218595
LMNB2,0.022641575
GADD45B,0.4518743
GNG7,0.3698764
DIRAS1,0.0016199355
SLC39A3,0.00010458722
SGTA,0.12021449
THOP1,0.065197356
ZNF555,0.04154272
ZNF77,0.027667927
TLE6,0.013470696
TLE2,0.21762162
TLE5,0.4113233
GNA11,0.16031349
GNA15,0.03182311
S1PR4,0.0021506213
NCLN,0.10924733
NFIC,0.65561086
DOHH,0.024853548
FZR1,0.0968251
MFSD12,0.17349881
HMG20B,0.10015483
GIPC3,0.004969288
TBXA2R,0.02119174
CACTIN,0.022190612
PIP5K1C,0.11060008
TJP3,0.09557754
APBA3,0.031675085
MRPL54,0.062174384
MATK,0.010511875
DAPK3,0.118990816
EEF2,0.36530018
PIAS4,0.09307592
ZBTB7A,0.22459263
MAP2K2,0.12930235
SIRT6,0.05484909
EBI3,0.0057462053
YJU2,0.050913688
TMIGD2,0.0025125265
STAP2,0.06774787
MPND,0.02392065
SH3GL1,0.19949989
UBXN6,0.1050464
HDGFL2,0.08052753
PLIN5,0.21467203
LRG1,0.0
SEMA6B,0.028002819
TNFAIP8L1,0.045440715
MYDGF,0.079337865
DPP9,0.17336562
FEM1A,0.023106176
ENSG00000269604,0.0050102947
TICAM1,0.13134228
PLIN3,0.14635806
KDM4B,0.40900436
PTPRS,0.2781624
TINCR,0.028088385
SAFB2,0.35867268
SAFB,0.37049842
RPL36,0.4305284
MICOS13,0.11780995
HSD11B1L,0.0
LONP1,0.15532918
DUS3L,0.016749568
NRTN,0.0075084004
NDUFA11,0.0005339823
VMAC,0.0
ENSG00000267571,0.025211241
CAPS,0.14258626
RANBP3,0.12164198
RFX2,0.44346437
MLLT1,0.11981298
CLPP,0.038856402
ALKBH7,0.071911134
PSPN,0.00512193
GTF2F1,0.084870815
KHSRP,0.116446465
CRB3,0.021264074
DENND1C,0.012367463
TNFSF9,0.015233718
TNFSF14,0.019004151
C3,0.25810125
GPR108,0.01889946
SH2D3A,0.20067428
VAV1,0.029294752
ZNF557,0.05795003
INSR,1.1996435
PEX11G,0.02445977
ZNF358,0.055297572
MCOLN1,0.02812497
PNPLA6,0.12328552
XAB2,0.05616787
PET100,0.014748312
STXBP2,0.077756524
RETN,0.00030697824
MCEMP1,0.0
TRAPPC5,0.0054654386
CLEC4G,0.0
CD209,0.0010472828
CLEC4M,0.0007859539
EVI5L,0.099617064
MAP2K7,0.13599104
TGFBR3L,0.0005114016
SNAPC2,0.008408766
CTXN1,0.020164862
TIMM44,0.09195966
ELAVL1,0.22539137
CERS4,0.3935598
CD320,0.04230962
NDUFA7,0.0005616726
RPS28,0.24124523
KANK3,0.092127524
ANGPTL4,0.19455072
RAB11B-AS1,0.053764645
RAB11B,0.16762796
MARCHF2,0.1348139
HNRNPM,0.6047433
PRAM1,0.012051286
ZNF414,0.021807391
MYO1F,0.07480411
ADAMTS10,0.058995165
ZNF558,0.04387137
ZNF317,0.06597161
ZNF559,0.0
ZNF426,0.06256658
ZNF121,0.12288785
ZNF561,0.069052905
ZNF562,0.18898016
FBXL12,0.10173179
UBL5,0.11652758
PIN1,0.07656605
OLFM2,0.032605987
SHFL,0.09497382
ANGPTL6,0.0022668312
PPAN,0.0
EIF3G,0.09160987
DNMT1,0.104689546
S1PR2,0.0
MRPL4,0.091292776
ICAM1,0.19415957
ZGLP1,0.013801886
ENSG00000167807,0.010221338
FDX2,0.0
RAVER1,0.032592274
ICAM3,0.010027967
TYK2,0.18268704
CDC37,0.2767772
PDE4A,0.09037116
KEAP1,0.06455265
ATG4D,0.10758726
KRI1,0.08895531
CDKN2D,0.013085807
AP1M2,0.086978026
SLC44A2,0.2686112
ILF3-DT,0.09275245
ILF3,0.40681976
QTRT1,0.22059551
DNM2,0.8624789
TMED1,0.034375686
C19orf38,0.012199198
CARM1,0.11979348
YIPF2,0.06778394
TIMM29,0.04277652
SMARCA4,0.49029145
LDLR,0.28670946
KANK2,0.19422445
DOCK6,0.35929972
RAB3D,0.085144036
TMEM205,6.252588e-05
CCDC159,0.046509042
PLPPR2,0.025243174
EPOR,0.10382142
RGL3,0.6246087
ODAD3,0.016363706
PRKCSH,0.1415361
ECSIT,0.12497539
CNN1,0.006236419
ELOF1,0.04142129
ZNF627,0.17035843
ACP5,0.029482536
ZNF823,0.13038717
ZNF441,0.09295111
ZNF439,0.14451629
ZNF69,0.4112375
ZNF700,0.0
ZNF763,0.021060586
ZNF844,0.15020314
ZNF788P,0.072889805
ZNF625,0.0
ZNF136,0.101040386
ZNF44,0.53925616
ZNF563,0.03586139
ZNF442,0.051302936
ENSG00000268744,0.01597166
ZNF799,0.0
ZNF564,0.0
ZNF791,0.20174372
MAN2B1,0.054174118
WDR83,0.039727103
WDR83OS,0.0025589655
DHPS,0.04823162
ENSG00000268945,0.01682603
FBXW9,0.025103875
TNPO2,0.17419548
TRIR,0.18582751
GET3,0.05198976
HOOK2,0.36459163
JUNB,0.68699723
PRDX2,0.0
DNASE2,0.026687568
GCDH,0.096082866
FARSA,0.058855783
CALR,0.2981252
ENSG00000267458,0.07157198
RAD23A,0.106859006
GADD45GIP1,0.08109142
NFIX,0.086436585
LYL1,0.009891549
TRMT1,0.0655693
NACC1,0.07040971
STX10,0.047376424
IER2,0.8140001
YJU2B,0.28114235
MRI1,0.06266724
C19orf53,0.07797671
ZSWIM4,0.16784196
MIR23AHG,0.4496261
CC2D1A,0.119833
DCAF15,0.049994033
RFX1,0.17678842
IL27RA,0.029905897
PALM3,0.12017327
MISP3,0.015152629
SAMD1,0.029414114
PRKACA,0.09483175
ASF1B,0.008330746
ADGRL1-AS1,0.039033417
ADGRL1,0.10911089
ADGRE5,0.13488398
DDX39A,0.051057953
PKN1,0.1486598
PTGER1,0.03302472
GIPC1,0.3558731
DNAJB1,0.27058133
TECR,0.19866064
NDUFB7,0.15735087
ZNF333,0.07470632
ADGRE2,0.08652355
SYDE1,0.024117623
ILVBL,0.074732296
NOTCH3,0.099545024
BRD4,0.72699904
AKAP8,0.19775051
AKAP8L,0.46084166
WIZ,0.04436207
RASAL3,0.017379327
PGLYRP2,0.0053505995
CYP4F12,0.04730337
TPM4,0.5406287
RAB8A,0.06406928
HSH2D,0.03316385
FAM32A,0.04523893
AP1M1,0.120682396
KLF2-DT,0.025507227
KLF2,0.19982427
EPS15L1,0.3164884
C19orf44,0.08225447
CHERP,0.0
SLC35E1,0.0
MED26,0.0
SMIM7,0.00062476395
TMEM38A,0.056050014
SIN3B,0.20979467
F2RL3,0.01311889
CPAMD8,0.21544194
HAUS8,0.02569125
MYO9B,0.36957735
USE1,0.03787193
OCEL1,0.030424062
NR2F6,0.06283668
USHBP1,0.042654604
BABAM1,0.0
ABHD8,0.04580576
MRPL34,0.040166143
DDA1,0.07763957
GTPBP3,0.032722082
PLVAP,0.10490666
BST2,0.09030008
BISPR,0.0
MVB12A,0.08938445
SLC27A1,0.17498507
PGLS,0.0961747
COLGALT1,0.07530952
MAP1S,0.037004035
FCHO1,0.009725415
JAK3,0.042044826
RPL18A,0.01484271
CCDC124,0.0562196
ARRDC2,0.0694985
IL12RB1,0.012221846
MAST3,0.12845422
PIK3R2,0.0
IFI30,0.0
MPV17L2,0.009771118
JUND,0.6696414
LSM4,0.08519835
PGPEP1,0.2588056
GDF15,0.45181102
LRRC25,0.0033276503
SSBP4,0.16757128
ISYNA1,0.10532386
ELL,0.2994767
FKBP8,0.12481533
KXD1,0.08059705
UBA52,0.29462203
CRLF1,0.020288242
REX1BD,0.11703811
KLHL26,0.030967088
CRTC1,0.3909458
UPF1,0.13148816
COPE,0.09809134
DDX49,0.049693033
HOMER3,0.005637085
SUGP2,0.3600585
ARMC6,0.038752075
SLC25A42,0.1716367
TMEM161A,0.08523889
BORCS8,0.0005321423
RFXANK,0.0493248
NR2C2AP,0.008555044
SUGP1,0.1158135
MAU2,0.2924626
GATAD2A,0.5587322
NDUFA13,0.00430333
PBX4,0.10518047
GMIP,0.017587112
ATP13A1,0.06265978
ZNF101,0.038756747
ZNF14,0.13415414
ZNF506,0.006381776
ZNF253,0.11236982
ZNF93,0.030867722
ZNF682,0.11556236
ZNF90,0.21075518
ENSG00000267383,0.16131267
ZNF486,0.17440866
ZNF737,0.15076944
ZNF626,0.0
ZNF66,0.054851107
ZNF85,0.05498729
ZNF430,0.11885919
ZNF714,0.096596055
ZNF431,0.2377096
ZNF708,0.2158856
ZNF738,0.040778477
ZNF493,0.10583648
LINC00664,0.0011058107
ZNF429,0.23190337
ZNF100,0.09602363
ZNF43,0.2601928
ZNF208,0.25658906
ZNF257,0.029483123
ZNF676,0.06455322
ZNF730,0.026908547
ZNF91,0.6535543
ZNF675,0.11676138
ZNF254,0.52665114
ENSG00000268362,0.0
LINC00662,0.19955571
ENSG00000261770,0.0
LINC02987,0.13512562
UQCRFS1,0.11234905
POP4,0.029332444
PLEKHF1,0.009369353
C19orf12,0.1543753
URI1,0.3966981
TSHZ3,0.11713513
ZNF507,0.15396588
DPY19L3,0.2003737
PDCD5,0.052760076
ANKRD27,0.16512369
NUDT19-DT,0.0029744217
NUDT19,0.045736916
CEP89,0.1980912
RHPN2,0.5817416
GPATCH1,0.091976754
LRP3,0.024424074
CEBPA,0.0044732825
CEBPG,0.049667343
PEPD,0.20998736
KCTD15,0.044116408
SUNO1,0.0024178326
LSM14A,0.7107819
GARRE1,0.4710751
GPI,0.29980984
PDCD2L,0.010903835
UBA2,0.29366142
WTIP,0.10262079
ZNF302,0.16246282
ZNF181,0.033658564
ZNF599,0.0100864405
ZNF30,0.035568565
ZNF792,0.005486765
GRAMD1A,0.16221657
SCN1B,0.010810813
HPN,0.61354226
FXYD3,0.04962859
LGI4,0.009628884
FXYD1,0.0038230296
FXYD5,0.047455646
LSR,0.2080195
USF2,0.11746725
HAMP,0.0
CD22,0.025121741
FFAR2,0.0
DMKN,0.16183278
TMEM147,0.064126216
HAUS5,0.040472303
RBM42,0.038524874
COX6B1,0.1808597
KMT2B,0.14203432
U2AF1L4,0.0
PSENEN,0.0
LIN37,0.0
HSPB6,0.0024457192
PROSER3,0.10647451
ARHGAP33,0.028637266
APLP1,0.0044312202
NFKBID,0.10292466
HCST,0.0045141377
TYROBP,0.007834197
LRFN3,0.0149069615
SDHAF1,0.013693752
SYNE4,0.03442874
ALKBH6,0.019208476
CLIP3,0.018210458
POLR2I,0.02708402
TBCB,0.08178465
CAPNS1,0.22345218
COX7A1,0.020168876
ZNF565,0.15051058
ZNF146,0.2359436
LINC00665,0.10276207
ZFP14,0.18366492
ZFP82,0.064960696
ZNF566,0.120955035
ZNF260,0.06374076
ZNF529,0.1307068
ZNF529-AS1,0.122140616
ZNF382,0.034786027
ZNF461,0.0708419
ZNF567,0.068807065
ZNF850,0.03212077
ZNF790-AS1,0.13389446
ZNF790,0.11392827
ZNF345,0.15080088
ZNF829,0.0150554925
ZNF568,0.09012157
ZNF420,0.19460224
ZNF585A,0.0
ZNF383,0.08070478
LINC01535,0.0232554
ZNF875,0.23859099
ENSG00000276846,0.000836591
ZNF569,0.08639786
ZNF570,0.023439864
ZNF793-AS1,0.0057844617
ZNF540,0.0921525
ZNF571,0.067484245
ZFP30,0.11734967
ZNF781,0.0
ZNF573,0.13064165
SIPA1L3,0.9625478
SPINT2,0.11904842
PPP1R14A,0.012344906
C19orf33,0.053935558
YIF1B,0.044633888
KCNK6,0.05976295
PSMD8,0.1243715
SPRED3,0.027623307
FAM98C,0.034915213
RASGRP4,0.0019493216
RYR1,0.020971967
MAP4K1,0.009849525
EIF3K,0.23506595
ACTN4,1.248926
CAPN12,0.15536119
LGALS4,0.01508359
ECH1,0.076416306
HNRNPL,0.2836967
RINL,0.012332947
SIRT2,0.15276153
NFKBIB,0.03977179
SARS2,0.03037937
MRPS12,0.038087245
FBXO17,0.3739345
FBXO27,0.03522027
PAK4,0.25728193
LRFN1,0.0028017429
GMFG,0.037304312
SAMD4B,0.37789452
PAF1,0.040755637
MED29,0.06962882
ZFP36,0.6893218
RPS16,0.34434143
SUPT5H,0.27975443
TIMM50,0.04938857
DLL3,0.00368498
EID2,0.013785251
DYRK1B,0.05347658
FBL,0.04507937
PSMC4,0.07186848
ZNF546,0.05728292
ZNF780B,0.41944036
ZNF780A,0.040317632
MAP3K10,0.06669972
AKT2,0.4027629
PLD3,0.39892337
PRX,0.035368018
SERTAD1,0.09429366
SERTAD3,0.05065011
BLVRB,0.13539042
SHKBP1,0.05667604
LTBP4,0.06791513
NUMBL,0.033116136
COQ8B,0.110463835
ITPKC,0.38325316
ACTMAP,0.018267497
SNRPA,0.070078865
RAB4B,0.0
EGLN2,0.0
AXL,0.11058794
HNRNPUL1,0.20726319
TGFB1,0.22305176
CCDC97,0.058768373
TMEM91,0.0
B9D2,0.023681551
EXOSC5,0.009895571
B3GNT8,0.008009202
DMAC2,0.042513944
PCAT19,0.064598694
LINC01480,0.0009801527
ENSG00000268027,0.00020330958
CEACAM21,0.0075600324
RPS19,0.5153406
ARHGEF1,0.13100305
RABAC1,0.15559101
ZNF574,0.016710285
POU2F2,0.045171384
DEDD2,0.04182554
GSK3A,0.034753338
ERF,0.0004397174
CIC,0.06842915
PAFAH1B3,0.02528855
MEGF8,0.103232644
CNFN,0.0068564545
LIPE-AS1,0.18081139
LIPE,0.0341789
CEACAM1,0.21634243
ETHE1,0.17119132
XRCC1,0.05222214
PINLYP,0.026977168
IRGQ,0.0033172034
ZNF576,0.0
ZNF428,0.0737223
CADM4,0.026866399
PLAUR,0.13675116
SMG9,0.0615619
ZNF283,0.06607263
ZNF155,0.11204164
ZNF230,0.013944699
ZNF224,0.10018361
ZNF225,0.020524856
ZNF234,0.05151126
ZNF226,0.07533747
ZNF227,0.06154168
ZNF235,0.24942382
ZNF233,0.015714254
ZNF112,0.017779315
ZNF180,0.049185198
PVR,0.08251278
BCL3,0.15709604
BCAM,0.5074675
NECTIN2,0.5296186
TOMM40,0.0561712
APOE,0.11993746
APOC1,0.002562056
CLPTM1,0.18427874
RELB,0.25850055
CLASRP,0.31121424
ZNF296,0.005292328
GEMIN7,0.001345776
MARK4,0.23489836
PPP1R37,0.0
TRAPPC6A,0.07623295
BLOC1S3,0.0
EXOC3L2,0.13190317
ERCC2,0.055369727
PPP1R13L,0.18272033
POLR1G,0.009358201
ERCC1,0.2653193
FOSB,0.7676675
RTN2,0.011516499
PPM1N,0.0064127836
VASP,0.15343557
OPA3,0.27153572
GPR4,0.0
EML2,0.15592948
SNRPD2,0.08957744
FBXO46,0.13016167
SIX5,0.020040842
DMPK,0.1331842
DMWD,0.007772947
SYMPK,0.3688108
IRF2BP1,0.014943179
MYPOP,0.06246879
NOVA2,0.058306247
CCDC61,0.03816194
HIF3A,0.12028775
PPP5C,0.17126416
CCDC8,0.025602622
PNMA8B,0.0
CALM3,0.0931337
PTGIR,0.01406931
DACT3,0.007651007
PRKD2,0.24872576
STRN4,0.07990183
SLC1A5,0.044943314
AP2S1,0.0966857
ARHGAP35,0.4197294
TMEM160,0.0723352
ZC3H4,0.13988306
SAE1,0.16400202
BBC3,0.027780073
CCDC9,0.092964225
INAFM1,0.046551004
C5AR1,0.22987281
C5AR2,0.0099467
DHX34,0.18540895
MEIS3,0.010861187
KPTN,0.01636828
NAPA,0.27085185
BICRA,0.0
EHD2,0.04395637
NOP53,0.08849691
SELENOW,0.24958105
SULT2A1,0.0026783159
PLA2G4C,0.1307702
LIG1,0.068571255
ZSWIM9,0.061315957
CARD8,0.20457137
CARD8-AS1,0.004676581
ZNF114,0.008275538
EMP3,0.053418618
TMEM143,0.10105922
KDELR1,0.15182644
GRWD1,0.032990206
KCNJ14,0.032331385
CYTH2,0.12339976
LMTK3,0.0771471
SULT2B1,0.08779514
RPL18,0.31444272
SPHK2,0.08177397
DBP,0.018627616
CA11,0.033995453
RASIP1,0.07444823
FUT1,0.010656515
BCAT2,0.1198022
HSD17B14,0.14204492
PLEKHA4,0.10970518
PPP1R15A,0.25185633
NUCB1,0.2121908
BAX,0.10634982
FTL,0.44257718
GYS1,0.16668646
RUVBL2,0.05031198
SNRNP70,0.67437816
LIN7B,0.016902186
PPFIA3,0.020123051
HRC,0.0019069158
TRPM4,0.19366059
CD37,0.009992292
TEAD2,0.08340282
ENSG00000268157,0.006581566
PIH1D1,0.07205005
ALDH16A1,0.013148815
FLT3LG,0.0
RPL13A,0.41077122
RPS11,0.32356584
FCGRT,0.17702743
RCN3,0.079455264
NOSIP,0.1310543
PRRG2,0.039166484
PRR12,0.11454555
RRAS,0.05147599
SCAF1,0.06592475
IRF3,0.272961
BCL2L12,0.020007685
PRMT1,0.12626728
ADM5,0.0077898204
CPT1C,0.0060931575
AP2A1,0.18444529
FUZ,0.030419704
ENSG00000269194,0.005818761
MED25,0.1363663
PTOV1-AS1,0.029034374
PTOV1,0.1348796
PNKP,0.15522105
AKT1S1,0.0
TBC1D17,0.117827795
IL4I1,0.028662533
NUP62,0.0
ATF5,0.039235517
VRK3,0.20066814
ZNF473,0.040840194
MYH14,0.24693751
KCNC3,0.16031797
NR1H2,0.12668501
POLD1,0.01332376
EMC10,0.1919226
MYREM,0.0008242314
JOSD2,0.032586116
C19orf81,0.008717988
CLEC11A,0.024856636
C19orf48P,0.043207627
CTU1,0.013001141
SIGLEC9,0.0027548482
SIGLEC7,0.0013191254
CD33,0.0018118449
ETFB,0.10876547
NKG7,0.0071123643
SIGLEC10,0.0033417156
SIGLEC8,0.00012484074
ZNF175,0.055253454
SIGLEC14,0.0
SPACA6,0.17973135
FPR1,0.009735037
FPR2,0.00048258447
FPR3,0.016889565
ZNF577,0.15231222
ZNF649,0.028319806
ZNF350,0.050427765
ZNF615,0.04379002
ZNF614,0.031322006
ZNF432,0.14664665
ZNF841,0.000932309
ZNF836,0.03891549
PPP2R1A,0.26166195
ZNF766,0.105837815
ZNF480,0.09632727
ZNF528,0.10129767
ZNF808,0.12182541
ZNF701,0.13456166
ZNF83,0.69680184
ZNF611,0.40292948
ZNF600,0.046686873
ZNF28,0.05765046
ZNF468,0.0
ZNF816-ZNF321P,0.0
ZNF816,0.0006744853
ZNF160,0.28582892
ZNF415,0.017170921
ZNF347,0.09683466
ZNF677,0.044161625
ZNF845,0.028781723
ZNF765,0.10235264
ZNF761,0.12211733
ZNF813,0.039451137
ZNF331,0.32517368
NLRP12,0.006276704
MYADM,0.19900736
CACNG8,0.0025930444
OSCAR,0.004149752
NDUFA3,0.07852683
TFPT,0.029684307
PRPF31,0.10160411
CNOT3,0.061349846
LENG1,0.020482108
TMC4,0.20726755
MBOAT7,0.1707834
TSEN34,0.045937393
RPS9,0.49766216
LILRB3,0.0041608075
LILRA6,0.00019165757
LILRB5,0.0034668148
LILRB2,0.004241031
LILRA5,0.0013904786
LILRA4,0.0
LAIR1,0.017355453
TTYH1,0.0051254528
LENG8-AS1,0.08188304
LENG8,0.513759
LENG9,0.033942897
CDC42EP5,0.03573652
LILRA2,0.0017212888
LILRA1,0.0004222465
LILRB1,0.00417055
LILRB4,0.002940067
ENSG00000268734,0.0
NCR1,0.0043683853
RDH13,0.161484
PPP1R12C,0.20549533
TNNT1,0.0023395207
TNNI3,0.0013833412
PPP6R1,0.15694943
HSPBP1,0.049206693
BRSK1,0.019567149
KMT5C,0.036028977
TMEM238,0.011846492
RPL28,0.48747113
UBE2S,0.038956594
ISOC2,0.0695365
ZNF628,0.0155527275
NAT14,0.042652037
SSC5D,0.02849396
ZNF579,0.03836484
FIZ1,0.031084642
ZNF524,0.033581205
ZNF865,0.048619736
ZNF580,0.009896538
ZNF581,0.0
CCDC106,0.044102628
U2AF2,0.09621378
EPN1,0.2697553
ZNF787,0.108739205
ZNF444,0.12786733
ZSCAN5A,0.30596557
ZNF582,0.029528748
ZNF582-DT,0.004050042
ZNF583,0.03879545
ZNF667-AS1,0.06165472
ZNF471,0.09505483
ZFP28,0.03183797
ZNF470,0.03016174
ZNF71,0.029715963
ZNF835,0.0042667543
PEG3,0.0
ZNF264,0.12378257
ZNF805,0.021821542
ENSG00000268713,0.011924347
ZNF460,0.08080054
ENSG00000268205,0.17564093
ZNF543,0.011186912
TRAPPC2B,0.0
ZNF548,0.0
ZNF772,0.00051613624
ZNF419,0.0
ZNF773,0.016514387
ZNF550,0.024779141
ZIK1,0.0075252187
ZNF134,0.03480455
ZNF211,0.033373963
ZNF551,0.0
ZNF154,0.03209218
ZNF776,0.029710427
ZNF552,0.1379086
ZNF587B,0.0
ZNF814,0.22937405
ZNF587,0.13308772
ZNF417,0.0
ZNF418,0.042877875
ZNF256,0.013607889
ZNF606,0.06315849
ZNF135,0.111391366
ZSCAN18,0.20487237
ZNF329,0.073855765
ZNF274,0.20355842
ZNF544,0.0
ZNF8-DT,0.07189345
ZNF8,0.0
ERVK3-1,0.014751266
ENSG00000283103,0.027519058
A1BG,0.022625452
ZNF837,0.01903407
RPS5,0.2087444
ZNF584,0.023595603
ZNF324,0.04514469
ZNF446,0.03098451
SLC27A5,0.053614765
ZBTB45,0.024608565
TRIM28,0.12972313
CHMP2A,0.07314598
UBE2M,0.049449623
MZF1-AS1,0.052086603
MZF1,0.24929865
SEPTIN14P23,0.023902167
IL17RA,0.100459024
HDHD5,0.07564861
ADA2,0.04017298
ATP6V1E1,0.183172
BCL2L13,0.3567089
BID,0.05576883
MICAL3,0.6988513
PEX26,0.1501018
USP18,0.034887113
TMEM191B,0.003919972
DGCR2,0.25987974
ESS2,0.03496519
SLC25A1,0.07211475
CLTCL1,0.10918011
HIRA,0.09771482
C22orf39,0.0045162444
MRPL40,0.030962808
UFD1,0.085532025
CDC45,0.0020110128
CLDN5,0.045551587
GNB1L,0.027380124
RTL10,0.0
TXNRD2,0.1139799
COMT,0.2234987
ARVCF,0.042725295
TANGO2,0.16637218
DGCR8,0.117601864
TRMT2A,0.052388567
RANBP1,0.0525799
ZDHHC8,0.07414804
DGCR6L,0.04222803
KLHL22,0.22999242
MED15,0.4136052
PI4KA,0.5311416
SNAP29,0.09558807
CRKL,0.08628907
LINC01637,0.01210175
LZTR1,0.1022715
THAP7,0.035183303
THAP7-AS1,0.0129563445
HIC2,0.11996067
TMEM191C,0.0047835475
UBE2L3,0.25758222
YDJC,0.025569791
SDF2L1,0.040879264
PPIL2,0.2270778
YPEL1,0.0785928
MAPK1,0.51557285
PPM1F,0.12946138
PPM1F-AS1,0.020290265
ENSG00000274422,0.17415386
BCR,0.5553609
RGL4,0.008973789
VPREB3,0.00084469706
CHCHD10,0.17129192
MMP11,0.0062157777
SMARCB1,0.1892443
SLC2A11,0.011568457
MIF,0.0018860273
MIF-AS1,0.008737752
GSTT2B,0.026350057
DDT,0.114608936
CABIN1,0.46340227
SUSD2,0.028263988
GGT5,0.024481468
SPECC1L,0.014878553
UPB1,0.12674405
GUCD1,0.069400884
SNRPD3,0.15474851
GGT1,0.22807403
KIAA1671,0.6934251
ENSG00000279110,0.048819516
LRP5L,0.13608934
GRK3,0.20831758
HPS4,0.17484863
SRRD,0.022488475
TFIP11,0.058964547
TPST2,0.28168184
CRYBB1,0.0009884817
MIAT,0.004183624
MIATNB,0.178629
MN1,0.030513253
PITPNB,0.41998407
TTC28,1.236925
HSCB,0.10998794
CCDC117,0.04472593
XBP1,0.18053633
ENSG00000226471,0.27722067
ZNRF3,0.78165925
EMID1,0.08631426
RHBDD3,0.06847515
EWSR1,0.42123452
GAS2L1,0.03843388
RASL10A,0.006539419
AP1B1,0.2106997
THOC5,0.08482063
NIPSNAP1,0.13398443
NF2,0.21387477
ZMAT5,0.036644228
UQCR10,0.15450086
ASCC2,0.18552606
MTMR3,0.6427695
OSM,0.0019843394
CASTOR1,0.011377805
TBC1D10A,0.108512476
SF3A1,0.0789181
RNF215,0.13131292
PES1,0.0935197
TCN2,0.07642298
SLC35E4,0.0402274
DUSP18,0.10931156
MORC2,0.101631545
SMTN,0.11594546
SELENOM,0.1196206
RNF185,0.19875827
LIMK2,0.31109017
PIK3IP1,0.06401463
PATZ1,0.07439388
LINC01521,0.0065308018
DRG1,0.17291562
EIF4ENIF1,0.16170453
SFI1,0.24202673
PISD,0.58572334
PRR14L,0.45178282
DEPDC5,0.0009232626
YWHAH,0.053883456
RTCB,0.15779436
FBXO7,0.1801717
TIMP3,0.62434685
LARGE1,0.94289064
HMGXB4,0.17378771
TOM1,0.21193027
HMOX1,0.054004915
MCM5,0.022397188
MB,0.0014187869
APOL6,0.079199016
RBFOX2,0.92375493
ENSG00000279927,0.0026605416
APOL3,0.04650822
APOL4,0.0142296385
APOL2,0.07568161
APOL1,0.07011896
MYH9,0.76030207
TXN2,0.07368774
FOXRED2,0.02145427
EIF3D,0.10623082
IFT27,0.08055605
PVALB,0.012155981
NCF4,0.0058183805
CSF2RB,0.0056201834
TST,0.077059306
MPST,0.09860867
KCTD17,0.012394587
IL2RB,0.010917445
RAC2,0.00574826
CYTH4,0.01765323
MFNG,0.015785929
CARD10,0.072899334
CDC42EP1,0.055656303
LGALS2,0.05630652
GGA1,0.25179616
SH3BP1,0.0001644527
PDXP-DT,0.0074035455
LGALS1,0.038370524
NOL12,0.0035911417
TRIOBP,0.25082517
H1-0,0.09604926
GCAT,0.05732045
ANKRD54,0.058355168
EIF3L,0.27790284
MICALL1,0.08035064
POLR2F,0.08187455
PICK1,0.090391375
ENSG00000272720,0.006919558
MAFF,0.27031425
TMEM184B,0.18774068
CSNK1E,0.07139168
DDX17,1.4842845
CBY1,0.099462174
TOMM22,0.037579507
JOSD1,0.14053275
GTPBP1,0.14570664
SUN2,0.1315148
ENSG00000272669,0.0
DNAL4,0.0
NPTXR,0.024008371
CBX6,0.15243538
APOBEC3A,0.0034258028
APOBEC3C,0.0
APOBEC3G,0.011015381
CBX7,0.11874254
PDGFB,0.06424378
RPL3,0.40596765
SYNGR1,0.067912266
TAB1,0.09658177
MIEF1,0.049169872
ATF4,0.26995343
RPS19BP1,0.064706884
GRAP2,0.03505241
TNRC6B,1.4821627
ADSL,0.0003447106
SGSM3,0.043175705
MRTFA,0.8287663
SLC25A17,0.17914742
ST13,0.20954487
XPNPEP3,0.2724602
RBX1,0.19339348
EP300,0.5440125
L3MBTL2,0.07631707
CHADL,0.008094264
RANGAP1,0.13862196
ZC3H7B,0.21694103
TEF,0.11382129
TOB2,0.20756404
PHF5A,0.037026376
ACO2,0.38598308
POLR3H,0.049840514
PMM1,0.06153864
DESI1,0.09259545
XRCC6,0.2999193
SNU13,0.14996704
C22orf46P,0.043545954
MEI1,0.01585364
CCDC134,0.048161812
SREBF2,0.5669218
NAGA,0.021072207
PHETA2,0.0070886146
SMDT1,0.06575009
NDUFA6,0.057581805
TCF20,0.4069038
LINC01315,0.0036012586
NFAM1,0.018866409
RRP7A,0.087290086
SERHL2,0.030246774
POLDIP3,0.1378378
ENSG00000270022,0.01002928
CYB5R3,0.23559839
A4GALT,0.22252114
ARFGAP3,0.35833624
PACSIN2,0.6574236
TTLL1,0.060537063
BIK,0.01854099
MCAT,0.03191897
TSPO,0.11510728
TTLL12,0.025951356
SAMM50,0.068933405
PARVB,0.14499153
PARVG,0.013125594
PRR5,0.057976212
NUP50-DT,0.17099579
NUP50,0.13322371
KIAA0930,0.11028934
FAM118A,0.0835496
FBLN1,0.030272653
ATXN10,0.71792096
MIRLET7BHG,0.47436106
PPARA,0.5528153
CDPF1,0.009010317
TTC38,0.23917641
TRMU,0.1486287
CELSR1,0.42039755
GRAMD4,0.12712885
CERK,0.08918375
TBC1D22A-DT,0.018837318
TBC1D22A,0.9715424
BRD1,0.21596892
ZBED4,0.11256705
ALG12,0.036168605
CRELD2,0.042364754
PIM3,0.3005436
PANX2,0.015976902
TRABD,0.13483325
SELENOO,0.31106374
TUBGCP6,0.11099285
HDAC10,0.056807604
MAPK12,0.02086498
PLXNB2,0.4044583
DENND6B,0.12338762
PPP6R2,0.9151523
SBF1,0.1002177
LMF2,0.10123404
NCAPH2,0.057052515
TYMP,0.11971146
CIMAP1B,0.07010178
ARSA,0.08444323
SHANK3,0.22862771
ENSG00000225929,0.0
RABL2B,0.13119511
ENSG00000275464,0.00716115
ENSG00000275895,0.020672144
ENSG00000280145,0.004208243
ENSG00000277991,0.00044292575
ENSG00000278932,0.075405136
HSPA13,0.037482753
SAMSN1,0.07313179
NRIP1,0.46531814
USP25,0.74432224
MIR99AHG,1.1466562
CXADR,0.2382098
BTG3,0.12159061
C21orf91,0.066590965
NCAM2,0.025211284
ENSG00000226771,0.0
MRPL39,0.059309393
JAM2,0.046653196
ATP5PF,0.12266734
GABPA,0.10893615
APP,1.2766507
CYYR1-AS1,0.012897744
CYYR1,0.1381167
ADAMTS1,0.46805236
ADAMTS5,0.027107147
ENSG00000232855,0.05811148
N6AMT1,0.03742326
LTN1,0.25537363
RWDD2B,0.02446395
ENSG00000273254,0.0025923282
USP16,0.25550774
CCT8,0.079006255
MAP3K7CL,0.12219011
BACH1,0.83476186
TIAM1,0.14872667
SOD1,0.14082684
SCAF4,0.26971433
MIS18A,0.014117573
URB1,0.10187183
URB1-AS1,0.006833652
EVA1C,0.4773526
CFAP298,0.009743656
SYNJ1,0.23815018
PAXBP1,0.3185871
EPCIP-AS1,0.12327341
IFNAR2,0.0
IL10RB-DT,0.0082226945
IL10RB,0.016307132
IFNAR1,0.2201631
IFNGR2,0.31772238
TMEM50B,0.21119268
DNAJC28,0.014701095
GART,0.14213732
SON,0.9521272
DONSON,0.029591836
CRYZL1,0.0
ITSN1,0.5268243
ATP5PO,0.0
ENSG00000273102,0.0006828799
MRPS6,0.40144154
SLC5A3,0.0
KCNE1,0.027198043
RCAN1,0.30184385
RUNX1,0.6430735
SETD4,0.11933897
CBR1,0.058597352
CBR3,0.06527223
DOP1B,0.19687018
MORC3,0.4100806
SIM2,0.39231828
HLCS,0.6221785
PIGP,0.03772455
TTC3,0.85366
DSCR9,0.0019746027
VPS26C,0.16183113
DYRK1A,0.99699247
ERG,0.19833566
ETS2,0.46821746
PSMG1,0.031041833
BRWD1,0.8268186
HMGN1,0.22330575
GET1,0.1008014
SH3BGR,0.031657264
B3GALT5,0.050730832
BACE2,0.5890442
FAM3B,0.07708717
MX2,0.046038363
MX1,0.08757579
PRDM15,0.052776534
C2CD2,0.12899223
ZBTB21,0.096226476
ABCG1,0.1461409
TFF3,0.0128736
TFF1,0.01327824
RSPH1,0.055031836
SLC37A1,0.1536882
PDE9A,0.4511339
WDR4,0.08181478
NDUFV3,0.25797734
PKNOX1,0.26186725
SIK1,0.033125218
RRP1B,0.097092345
PDXK,0.42166215
CSTB,0.18175691
RRP1,0.054346487
AGPAT3,0.48861402
TRAPPC10,0.4039577
PWP2,0.0
LINC01678,0.0038812326
ICOSLG,0.012345852
PFKL,0.33488935
CFAP410,0.09368481
ENSG00000184441,0.014838928
TRPM2,0.019363286
UBE2G2,0.29406998
SUMO3,0.05618039
PTTG1IP,0.40631047
ITGB2,0.021693403
ITGB2-AS1,0.009453868
SLX9,0.03287587
ADARB1,0.20667504
POFUT2,0.10330719
COL18A1,0.8515042
SLC19A1,0.02534005
COL6A1,0.24275495
COL6A2,0.059129376
FTCD,0.7593445
SPATC1L,0.014691512
LSS,0.110475436
MCM3AP-AS1,0.047338333
MCM3AP,0.25982124
YBEY,0.054456845
PCNT,0.14853716
DIP2A,0.36497775
PRMT2,0.32200256
MT-ND1,0.0
MT-ND2,0.0
MT-CO1,0.0
MT-CO2,0.0
MT-ATP8,0.0
MT-ATP6,0.0
MT-CO3,0.0
MT-ND3,0.0
MT-ND4L,0.0
MT-ND4,0.0
MT-ND5,0.0
MT-ND6,0.0
MT-CYB,0.0
ENSG00000273748,0.39086637
ENSG00000278817,0.0097863525
ENSG00000271254,0.017399669
TNMD,0.0015628587
FIRRM,0.049487613
CFTR,0.06736998
AOC1,0.10717001
WNT16,0.0
HECW1,0.19705173
KLHL13,0.8508162
MTMR7,0.041988917
SARM1,0.08886602
CD38,0.028334092
SLC22A16,0.0019100385
ZMYND10,0.01082957
ABCB5,0.0071692676
ARX,0.000514042
SLC4A1,0.048579972
CALCR,0.20890705
HOXA11,0.0030416818
MEOX1,0.0034041991
REXO5,0.019842612
TSPOAP1,0.116507165
MPO,0.0006750606
PON1,0.0020799036
ABCB4,0.014122915
SOX8,0.0015621608
ITGA2B,0.0138945
ASB4,0.0033552817
KRT33A,0.0
ABCC8,0.011235543
CACNG3,0.0039681764
TAC1,0.0022936054
CACNA1G,0.001123612
DLX6,0.0
MAP3K9,0.15229307
BAIAP2L1,0.63709974
TTC22,0.03014097
CCL26,0.0017733062
USH1C,0.14867061
LGALS14,0.0
COX10,0.19429687
SCIN,0.6349443
MYH13,0.011688784
UPP2,0.3216137
PRSS21,0.0
PROM1,0.45399413
NOS2,0.0068908785
DNAH9,0.09223157
SLC13A2,0.036746956
CEACAM7,0.0007235404
TKTL1,0.0028710987
PAX6,0.001137397
CACNA2D2,0.02169096
BAIAP3,0.04430202
SELE,0.065571815
NOX1,0.0041236584
E2F2,0.0006140143
SYN1,0.0041267686
CAMK1G,0.006189159
TFAP2B,0.17083442
TFAP2D,0.00037180926
DLEC1,0.02678937
ADAM22,0.16864787
PLEKHG6,0.05358107
PGLYRP1,0.0010712428
MAPK8IP2,0.003937275
TENM1,0.42634907
PAX7,0.0002700243
MASP2,0.014558991
IYD,0.067750625
POMT2,0.079575986
MLXIPL,0.29035258
HHATL,0.0
GIPR,0.021624157
SLC6A13,0.32650816
PRSS3,0.017659772
FMO1,0.11502186
NME1-NME2,0.0010180883
SLC6A7,0.0025725754
MKS1,0.051803753
DPF1,0.001429206
ANLN,0.004714728
QPCTL,0.03264164
ZBTB32,0.0058510015
GABRA3,0.029945612
PRICKLE3,0.024030844
LTF,0.22579193
KDM5D,0.0007872323
SLC7A14,0.009001036
DDX11,0.057432175
MAMLD1,0.17564829
DPEP1,0.10618496
NPC1L1,0.0077821445
STMN4,0.0008501064
ISL1,0.0
IL20RA,0.018212838
CLCA1,0.0014281557
CLCA4,0.003012842
CNTN1,0.075423926
CYP24A1,0.32855174
SYT13,0.03682647
NCDN,0.018863332
ZFP64,0.18404037
CYP3A43,0.011404412
SLC7A9,0.09899169
NRXN3,0.31106043
C8B,0.0006119135
GABRA1,0.001737916
NLRP2,0.028490636
ABCC2,0.1702549
DEPDC1,0.0007917415
HSD17B6,0.0030572058
RTEL1-TNFRSF6B,0.0
FAS,0.0580652
KCNG1,0.0016450445
INSRR,0.010390362
BMAL2,0.09848979
IBSP,0.0028973352
MUSK,0.01683104
IKZF2,0.30914202
LRRC7,0.11373997
CLXN,0.00081334624
MYOC,0.0018273683
DEPDC1B,0.05350959
STAP1,0.04388592
OTC,0.0
CYP46A1,0.056285605
SLC18A1,0.0
USP2,0.13224429
CASR,0.52635175
HOXC8,0.0
TLL1,0.17030843
EDC4,0.0029431116
DNAH5,0.205771
C6,0.016626539
SOX30,0.0034687626
BEST2,8.579152e-05
RTN4R,0.002152593
CDH10,0.0039990703
MYO16,0.03247584
TDP1,0.08005812
SLC19A4P,0.0006921493
USH2A,0.04039915
ZPBP,0.018196126
TG,0.07465339
BARX2,0.05828916
ZIC2,0.0
ADRB1,0.0048316936
GUCA2B,0.0
MAGEC2,0.0
KATNIP,0.44275877
XK,0.0
ANO2,0.03436849
ROS1,0.0018041126
TNFRSF17,0.00076150167
LMO3,0.043880578
GUCA1A,0.0004380865
UTS2,0.0039850096
TNFRSF9,0.005013289
EPN3,0.022714736
FOXP3,0.0016697451
PPP1R3F,0.028971037
NEXMIF,0.2054162
ARHGEF5,0.032123115
SLC4A8,0.053813893
PTGER3,0.50163114
TNIP3,0.0048721563
COL23A1,0.10956716
RAD51,0.00048321378
POLQ,0.008748908
ALX4,0.002220298
FSTL4,0.17509477
METTL24,0.04419296
NNAT,0.00810697
MCF2L2,0.13045704
ENTPD2,0.018829668
PTPRN,0.0006138581
PLEKHH1,0.14964427
SPO11,0.000114575596
CHRDL2,0.0047730226
KCNH2,0.004129277
MCOLN3,0.057792064
ITIH4,0.01330173
ITIH1,0.0
ZNF280C,0.070391424
NPFFR2,0.0052714613
PHF21B,0.16338235
TRAF1,0.06408647
IL17RB,0.14203456
GYG2,0.02570276
SERPINB3,0.02265723
PKP2,0.09844671
MSH4,0.019192163
F7,0.00042380084
LAMC2,0.26056373
RASGRF1,0.013415188
CAMK2B,0.035835832
PSD,0.014591757
STYK1,0.043780673
CREB3L3,0.008399461
RIMBP2,0.1392368
COL11A1,0.017988542
PRDM6,0.033202987
WNT8A,0.00082206744
SPAG4,0.007992031
CDH3,0.116401166
ARSF,0.086935066
DGAT2,0.003647799
MRPS24,0.0
SEZ6,0.0044867694
SLC6A16,0.1457354
GSC2,0.0
ADCK1,0.09866404
DLX3,0.0005585222
DMRT3,0.00020535986
ATP2C2,0.05962862
BORCS8-MEF2B,0.042098712
LPAR2,0.018819861
POU1F1,0.0
CHI3L2,0.012844902
NTN1,0.0931051
GLP2R,0.0024863803
MCM10,0.004282505
ROPN1,0.0
SNAP91,0.0064402753
COL17A1,0.0033913236
SEC61A2,0.07847599
SLC9A7,0.14618878
CTNNA2,0.07811737
ZMYND12,0.012382276
NGEF,0.08274234
ASPM,0.0048032706
MPPED2,0.48796347
CLDN18,0.009865927
ACSM2B,0.62768555
DDX3Y,0.00075244356
PHKA1,0.06982469
CACNB1,0.017213553
STOML1,0.016403025
TRO,0.022160495
ZFY,0.0013953276
ATP2B3,0.002141444
FGFR3,0.30595446
STON1-GTF2A1L,0.051176183
PYGM,0.0047045704
PAGE1,0.0
TRPC7,0.0056252885
ADAM7,0.0025794513
GAL,0.00035011265
MAOB,0.17632376
DRD4,0.013796441
PLA2G10,0.009523397
HES2,0.007774832
GUCY2C,0.0067416574
SCT,0.00073877274
SPTB,0.037988618
ST6GALNAC1,0.0029691784
FRMPD1,0.021663953
CNGB1,0.004532533
ST6GALNAC2,0.059984773
CHAT,0.0005142141
TESK2,0.13988864
PTPN21,0.2428264
CAMK2A,0.03268331
EPHA8,0.0001998324
SLC12A3,0.58675617
TRPM5,0.0052156216
MS4A12,0.0
PRLH,0.0
MYO3B,0.5310013
SLC6A15,0.0014817213
SPP2,0.00041447452
RPS6KA6,0.19944386
ASIC4,0.0011908305
TRPC5,0.023396662
HMMR,0.00672039
TRHDE,0.515561
CYP2W1,8.078533e-05
MOV10L1,0.008401029
TP63,0.044433087
CLCN4,0.04052996
FNDC8,0.00022974542
GSDMB,0.036978714
ADAM11,0.0017773538
ABCB11,0.0036580614
DHRS9,0.009281852
TBX21,0.0031584827
GLI2,0.038435258
CDHR2,0.056179952
SNCB,0.00039462125
NOX3,0.0007491942
SLC12A1,0.6961536
ANO8,0.025087126
WSCD2,0.0063992566
KCNQ2,0.008949289
TACR2,0.001773476
SEMA3A,0.04798736
GTSE1,0.006479719
WNT8B,0.0020801611
ADD2,0.009175152
FGF4,0.0
CACNG5,0.0041791047
ATP12A,0.027403394
WDR62,0.010342394
SEC31B,0.07849097
TUBA3D,0.0015489791
PAX2,0.70274484
CAMSAP3,0.09189617
RAP1GAP,0.20923679
NMRK2,0.0016500062
ACTL6B,0.0010493691
PAK3,0.056820888
CAPN6,0.009587794
DCX,0.0013940688
SPAG6,0.016967697
TYR,0.0028120526
ACTN2,0.01360645
FKBP6,0.0021594132
SMC1B,0.009403306
LAMP3,0.004007984
ADCY2,0.045125373
RBFOX1,0.46793145
HOXA9,0.06674546
ZCWPW1,0.04846555
ADCYAP1R1,0.0
FGF20,0.0019143238
BRINP1,0.029107533
PKD2L2,0.026197515
MYH7B,0.016032774
BPIFB2,0.0002485884
TP73,0.0008314997
CLUL1,0.014194436
CDH17,0.006428554
OSBPL6,0.09921208
AFM,0.18180765
SCGN,0.007840993
RIMS1,0.028576093
MOXD1,0.036255904
DDX43,0.013408108
PTPRH,0.009825906
DCT,0.0030217143
EPHA6,0.07542284
SCTR,0.3159793
SLC4A4,0.66283244
RDH8,0.0007333378
MID2,0.08111787
DNAAF6,0.0007123072
COL5A3,0.008567281
SRCAP,0.012326999
CPB2,0.0036506376
CHRNA3,0.00046521134
KCNN2,0.043634612
IGSF9B,0.018514572
CFHR2,0.0
CXCL2,0.080090664
COL4A4,0.7019261
CDH7,0.0037027358
IMPG2,0.020468168
ARG2,0.18774262
CACNA1S,0.002316704
LRP2,0.7816411
AACS,0.11655752
SLC13A1,0.3597624
PCDHB4,0.0018172379
PCDHA6,0.0
PCDHGA2,0.0
IL12RB2,0.024303548
MPP4,0.0044140955
PGR,0.026959717
C1QTNF3,0.0
COL19A1,0.445005
KCNK2,0.013108318
SERTAD4,0.017837344
OPRK1,0.00040388358
SEMA5B,0.15411061
TRPM3,0.7604066
ENSG00000083622,0.0019540177
EPYC,0.0
ZNF671,0.02570877
ZNF416,0.004173885
ZNF586,0.3780201
HAL,0.015208642
SLCO1A2,0.010808297
APOB,0.0045457026
EFR3B,0.03927551
GCKR,0.006015928
CAD,0.058280487
BCORL1,0.095919244
OVGP1,0.012691682
IGSF9,0.0070200665
WNT11,0.0037356406
TTC39A,0.12960422
ORC1,0.006467627
RAD54L,0.0098617915
AQP6,0.016895598
EPDR1,0.05897387
HBQ1,0.0
CEACAM6,0.0006828747
FAT2,0.0109713925
HSD17B2,0.016838003
PPEF1,0.009767884
MYBPC2,0.00873336
ACHE,0.008657887
TMPRSS11E,0.0039599426
MT3,0.0002067278
GNAO1,0.02386657
L2HGDH,0.2890317
PTHLH,0.002631615
PHACTR3,0.11196525
AURKA,0.005437495
GP6,0.032192003
DNMT3B,0.032488886
TPX2,0.0055361036
SLC15A1,0.12511276
DOCK3,0.1699956
C3orf18,0.015848
ARHGAP28,0.20697911
DEFB127,7.94639e-05
SLC4A11,0.0469305
ZNF343,0.0022356512
CPXM1,0.0049156616
F11,0.1061961
SIRPG,0.0042742593
DZANK1,0.12329663
CFAP61,0.06887469
LHX5,0.0
RPH3A,0.015877327
CHGB,0.018363098
TBX5,0.0012013405
NOS1,0.150446
CMTM1,0.0
KCNH4,0.0050231623
BIRC5,0.002714164
LAG3,0.009039496
ANKRD24,0.049918
SI,0.00075482647
FETUB,0.0028378197
THPO,0.0056176055
KIF4A,0.010255387
PLEKHG2,0.09564708
PITPNM2,0.47709695
POU4F3,0.00011125963
NLRC4,0.011087716
LAMB4,0.0330824
NRCAM,0.19906653
SLC26A4,0.02702769
SLC26A3,1.0538301
IL5RA,0.004943891
ABCC6,0.21630485
SMPX,0.0002295473
MYO15A,0.014122305
PITPNM3,0.053551134
ORC6,0.007809331
ZFHX4,0.11799338
SLC17A6,0.0
CPA1,0.0003205244
RGS17,0.02756453
CMA1,0.0
JPH4,0.0053663813
MYH7,0.00019235762
CEBPE,0.0
RNF31,0.0031379422
RPGRIP1,0.011884042
TGM1,0.009178955
DAZL,0.0033159358
TBL1Y,0.003047073
TYRO3,0.060257938
CAPN3,0.0
TBX15,0.020396275
COL9A3,0.0060525993
TEKT2,0.0123513825
VNN3P,0.0017961974
OR1I1,0.0005915446
GABRP,0.034140896
KRT31,0.0
CDC6,0.001966118
NXPE1,0.0026181159
EPB41L4B,0.11758165
WHRN,0.12954564
PDE6C,0.0049920254
SEMA4G,0.04110816
TLL2,0.041523397
CYP26A1,0.0
TDRD1,0.011729703
IL11,0.045263287
MYO3A,0.06924859
TPSD1,0.0035070784
SMIM24,0.03981526
KCNK16,0.0
CRISP3,0.0009337298
PGC,0.0010895607
NCR2,0.0
MLN,0.0
ITPR3,0.24810222
ZNF184,0.03059219
CDC7,0.019706635
SYDE2,0.09124667
CATSPERG,0.15682694
STX1B,0.008724176
MAGEB2,0.00044361185
EFNA2,0.0020221563
CBARP,0.013626748
PCDH11Y,0.028944086
AMELY,0.0
CEP170B,0.0879747
HCN2,0.006204375
CDHR5,0.12765937
IZUMO4,0.019030685
MADCAM1,0.015033917
IGF2-AS,0.0
SERPIND1,0.008681596
CECR2,0.26233232
P2RX6,0.003188834
DERL3,0.00504036
SLC7A4,0.0005419517
DDTL,0.0020676104
SEC14L2,0.020757124
SEC14L3,0.00050864456
PRODH,0.0027932294
TOP3B,0.0681517
CRYBB3,0.0066785794
PLA2G3,0.0015828428
SEZ6L,0.007197313
ENSG00000100101,0.0052233157
GGTLC2,0.00032933644
SOX10,0.0025496117
SLC16A8,0.0037017611
CENPM,0.0036969816
SEPTIN3,0.005909921
SLC5A1,0.044911493
TPTEP1,0.0
SLC5A4,0.021962868
KDELR3,0.018008513
CYP2D6,0.0035967578
DMC1,0.0124756005
RSPH14,0.040817525
RAB36,0.04422331
C22orf31,0.0021334728
MIOX,0.5892167
NEFH,0.00060788274
CHKB,0.004140508
APOBEC3H,0.0026653623
RASD2,0.0006739699
ACR,0.003840389
CABP7,0.0
PNPLA5,0.00052550295
PNPLA3,0.0842251
CACNA1I,0.0011069387
UPK3A,0.0017216151
MLC1,0.0018631303
KCNK10,0.041344672
CTSG,0.0021220115
PRMT5,0.035018492
CDKL1,0.42238823
TRIM9,0.026241083
CCDC198,0.7804859
PLEK2,0.021107825
LRRC74A,0.0014015452
SAMD15,0.03241049
ISM2,0.007137764
CHGA,0.0038054127
SIX4,0.020344526
ASB2,0.0030367034
CEP128,0.2230062
SLC10A1,0.01828278
SERPINA4,0.0
SLC8A3,0.006598647
TCL1A,0.00022937989
BDKRB1,0.0058660787
PAPLN,0.28293124
CPNE6,0.00029527137
PRORP,0.0006967992
REC8,0.033994857
VSX1,0.00019312574
GINS1,0.022815578
NINL,0.5684272
SGK2,0.18573418
MYBL2,0.004349036
R3HDML,0.0024997008
HNF4A,0.17411944
RIMS4,0.0
PABPC1L,0.15845233
SALL4,0.005315308
BMP7,0.04047828
TUBB1,0.0035019333
HRH3,0.0
NTSR1,0.007847311
SLC17A9,0.007290314
NKAIN4,0.087923445
AVP,0.00042462684
COL20A1,0.00051586155
CHRNA4,0.058064286
PTK6,0.014982728
SPEF1,0.010160602
ISM1,0.05191818
SEL1L2,0.009628306
SLC52A3,0.037236854
ANGPT4,0.0015190544
RSPO4,0.009093999
PROKR2,0.00023927742
SNPH,0.021633605
MYLK2,9.35603e-05
SIRPB1,0.0
FERMT1,0.042147644
HAO1,0.0010159467
PDYN,0.0
TLDC2,0.010843375
PAK5,0.036277413
MROH8,0.05912959
OXT,0.0026053279
E2F1,0.0040116566
BPI,0.0038247735
CST9L,0.0
SLC32A1,0.0
CST4,0.0
SPINT3,0.00039474378
EPPIN,0.0
SYNDIG1,0.17121014
PIGU,0.20125008
TNNC2,0.006639535
CDH20,0.015795229
ST8SIA5,0.038438477
LAMA1,0.26410457
NOL4,0.044318803
H2BW2,0.0
VSIG1,0.0019915227
GPR143,0.038452275
MID1,0.5410074
RHOXF1,0.0066878553
GUCY2F,0.0060748006
ATP1B4,0.0
CHRDL1,0.016905803
SUV39H1,0.0048385845
PAGE4,0.0
GLRA2,0.0045447126
MCF2,0.006673344
F9,0.0009752314
CACNA1F,0.0023977305
SYP,0.018893668
BMX,0.020688467
LUZP4,0.0005408959
MTMR8,0.12850447
ZC3H12B,0.15126283
PPP1R2C,0.0
KCND1,0.0043150415
OPN1LW,0.000296266
SLC25A14,0.060192075
SCML2,0.026314963
RS1,0.002315838
RAB40AL,0.0017666057
GATA1,0.0017654613
PHEX,0.020290338
GPR50,0.0
JADE3,0.18801686
PCYT1B,0.011536968
BRS3,0.0
VGLL1,0.015337305
PCDH11X,0.04864118
FGD1,0.05005602
PORCN,0.0128189735
ITIH6,0.010731758
SRPX2,0.06939044
ZDHHC15,0.08416304
CENPI,0.007983711
DRP2,0.0016519572
TAF7L,0.005626391
NALCN,0.026453689
FGF14,0.25097066
HTR2A,0.0003428587
MLNR,0.00012878771
CDADC1,0.09721562
KLF5,0.1996697
FGF9,0.21875735
SGCG,0.00628993
ACOD1,0.00012813539
MEDAG,0.012760542
OLFM4,0.010251453
MSLN,0.023349196
MT4,0.00055754685
TSNAXIP1,0.025554262
ZNF423,0.12469473
CCL22,0.000345674
CCL17,0.0019781494
MMP15,0.04179677
CFAP263,0.036445055
PRSS54,0.0021328097
HAS3,0.010357795
SMPD3,0.0032759581
ESRP2,0.038205363
FA2H,0.13755846
SEC14L5,0.009354504
ABCC1,0.42394662
NOMO3,0.026139935
SLC7A5,0.10193381
RHBDL1,0.010196084
ZP2,0.000422671
MEFV,0.0016756422
PRSS33,0.0
EARS2,0.059698846
AQP8,0.0021477717
CORO7-PAM16,0.0
SALL1,0.123497136
TOX3,0.40437162
RPGRIP1L,0.09119025
IL21R,0.011497649
TMC5,0.08289683
SLC6A2,0.005275121
IQCH,0.32282406
CORO2B,0.12084704
AP3B2,0.034320306
ACSBG1,0.008567112
IGDCC4,0.038392555
CEMIP,0.040021885
CEP152,0.1482476
OCA2,0.020692777
TGM5,0.0013711106
ENTREP2,0.31722373
SCG3,0.0007882206
OIP5,0.01858998
RP1,0.43595988
INTS9,0.19767213
EYA1,0.01833132
TRPA1,0.0026643057
CALB1,0.085437894
POP1,0.05979106
DKK4,0.0
CCN4,0.020541957
STMN2,0.00096355256
GML,0.007056481
PYCR3,0.016485276
ANXA13,0.005435103
NEFM,0.0020544932
ADAM2,0.00028240192
FGL1,0.005979275
KCNN4,0.022186896
TULP2,0.007934252
DHDH,0.015870037
CGB2,0.0
LHB,0.0012654854
CGB3,0.0
TUBB4A,0.0025580598
KCNA7,0.0010936373
CKM,0.0048256917
ARHGEF18,0.0
SLC17A7,0.0
RNASEH2A,0.0022032692
KLC3,0.016191298
AMH,0.0037981695
DKKL1,0.0032107465
FCER2,0.0015730625
RSPH6A,0.0089218365
KIR3DX1,0.0011096536
EPHX3,0.007049187
CASP14,0.0033828418
SLC1A6,0.0037067393
AURKC,0.0025811575
CCNE1,0.004592888
LGALS13,0.0
CLC,0.0014951148
CCNP,0.043611705
SHD,0.0014121664
FSD1,0.0026903402
OVOL3,0.00091225863
ZFR2,0.007871787
CEACAM4,0.0008462307
CD79A,0.00013621713
LIM2,0.00038377993
ICAM4,0.0054772263
ICAM5,0.002593411
CEACAM5,0.0
CRX,0.0034542165
ATP1A3,0.0
ZNRF4,0.0
GRIN2D,0.010752463
SYNGR4,0.0017895731
ODAD1,0.005633824
SIGLEC6,0.0005128624
SIGLEC5,0.0
CABP5,0.00092018954
HAS1,0.0006229149
FAM83E,0.015956659
SPMAP2,0.0015198787
FGF21,0.0
CACNG7,0.0021151418
KLF1,0.0
MAST1,0.0036911448
SLC5A5,0.004162358
KCNN1,0.0049918196
RAB3A,0.0066996417
PDE4C,0.0
COMP,0.003398773
UPK1A,0.012389122
ETV2,0.00232062
ATP4A,0.000945328
GAPDHS,0.0023584377
MAG,0.0031313463
TMEM59L,0.0024762154
GRIK5,0.1109346
PIK3CG,0.011463816
ITGB8,0.88812643
DNAH11,0.0862596
DLX5,0.00063356827
STEAP1B,0.2902131
PALS2,0.35228118
ATP6V0A4,0.42928278
NPVF,0.0
MET,0.7286626
RNF32,0.018492956
WNT2,0.002487125
HOXA1,0.0028933433
HOXA2,0.005302484
HOXA3,0.1472612
HOXA6,0.0
ANKRD7,0.08391486
VIPR2,0.01079376
HOXA13,0.0004921134
EVX1,0.0
COBL,0.63713366
STX1A,0.021382554
CRHR2,0.0018229797
GHRHR,0.0041094315
CCL24,0.0003923159
NPTX2,0.0028400342
PTPRZ1,0.0038219402
HYAL4,0.0036611788
SPAM1,0.00028219062
TFR2,0.006471479
FSCN3,0.003628018
PAX4,0.0
FBXO24,0.005009852
PPP1R17,0.0011089896
MOGAT3,0.029844547
NOBOX,0.00043412542
MYL10,0.0
SFRP4,0.008935053
ACTR3C,0.50964516
POU6F2,0.027016291
MYL7,0.00079625455
GCK,0.0013374422
GALNTL5,0.0021914481
CLIP2,0.35517874
SPATA6L,0.35340056
SLC1A1,0.4429445
CNTNAP3,0.0691614
PRUNE2,0.61033916
OGN,0.0058931643
LHX6,0.0054923184
DNM1,0.2213326
RLN1,0.0005821089
ELAVL2,0.005297937
NCS1,0.121210165
KCNT1,0.0
CA9,0.00074842677
TYRP1,0.0050697858
LHX3,0.0
PIP5K1B,0.31074536
SH3GL2,0.17330834
DNTT,0.00020009954
CUBN,0.95853174
CDH23,0.026069133
TLX1,0.0
KAZALD1,0.0057126945
FGF8,0.00062250235
PITX3,0.0024653797
DKK1,0.0061839614
EBF3,0.004172198
SORCS1,0.0993113
DNAJC12,0.01525204
LGI1,0.0035844906
CYP2C18,0.0
CRYBA1,0.0016984385
RUNDC3A,0.00404565
CSF3,0.0009088897
RAPGEFL1,0.056995355
RNF43,0.15557332
WNT3,0.011894338
ASPA,0.24102175
KRT37,0.0
ENO3,0.017470062
CHRNE,0.008055584
SLC6A4,0.0063567655
ALDH3A1,0.0026056827
ASIC2,0.1662397
CCL1,0.0
PEX12,0.0058662505
KRT32,0.0
HSD17B1,0.014007072
DLX4,0.0013964118
PTGES3L-AARSD1,0.0009015771
RND2,0.0025251065
ALOX12,0.0054312916
PPY,0.0
MPP2,0.012481026
CACNG1,0.00029008993
EFNB3,0.0028390996
DPH1,0.027971307
RCVRN,0.0
MYH1,0.0012810666
MYH3,0.024110762
FOXN1,0.0007667095
PHOX2B,0.0
GABRA4,0.005635426
GNRHR,0.0025055534
UGT2B10,0.0004556035
CWH43,0.040011596
SULT1E1,0.00052385224
ODAM,0.0
SMR3A,0.0
NMU,0.002839227
CRACD,0.08469871
PF4V1,0.0010382492
UCP1,0.0002877965
IL2,0.0005203121
ANXA10,0.013680628
AADAT,0.019230235
CPZ,0.0
SLC2A9,0.38126564
NEIL3,0.0010157888
TBC1D19,0.7580236
CLNK,0.18871328
NKX3-2,0.0
GLRB,0.023101658
HGFAC,0.0025117877
LRP2BP,0.06379695
FAM149A,0.17234576
NCAPG,0.0006668553
PPARGC1A,0.7968045
DDX25,0.0077350517
DBX1,0.0
TECTA,0.020401092
JHY,0.17969568
B3GAT1,0.013400521
P2RX3,0.0010452853
NRXN2,0.013570388
CCKBR,0.0003103564
HPX,0.0046256264
FOLR3,0.0063963807
PANX1,0.065566316
APOA5,0.0
APOA4,0.0
UPK2,0.014424196
KIAA1549L,0.018581184
SLC1A2,0.021575348
SCGB2A2,0.00028324904
NAA40,0.0969348
SLC35F2,0.11104268
C11orf21,0.0005203121
ELMOD1,0.012651255
CALCA,0.008439168
EXPH5,0.3511724
POU2AF1,0.0082066385
PTPN5,0.001981816
ASIC1,0.0058566034
DAO,0.03652314
TSPAN11,0.022552751
IL23A,0.0043434226
SYT10,0.041481428
CYP27B1,0.0048386785
MYF6,0.0
MYF5,0.0
GLI1,0.0005164272
SLC6A12,0.22063144
WNT5B,0.043898173
TRPV4,0.271531
FOXM1,0.0066693663
PRR4,0.0
PRMT8,0.017834585
FGF6,0.0015030975
MYL2,0.0
RAD51AP1,0.0048330887
CUX2,0.0091941925
AKAP3,0.013070757
KCNA1,0.0009933703
GPRC5D,0.0035369904
GSG1,0.0045671323
RASAL1,0.24650869
ENDOU,0.0064493637
FZD10,0.0012767672
ADGRD1,0.017366514
IL26,0.00034076854
IFNG,0.0035928388
TIMELESS,0.028935999
GNB3,0.007146141
SLCO1B3,0.0
APOBEC1,0.0016998377
NANOG,0.019740125
GYS2,0.0064434214
ST8SIA1,0.030150212
AICDA,0.0
ENSG00000111780,0.001613474
RFX4,0.008715672
FRK,0.41768286
RSPH4A,0.012513746
MAK,0.13315742
ADTRP,0.036266193
FAM184A,0.21834008
GABRR2,0.021150185
UST,0.22715662
ULBP1,0.001039077
OPRM1,0.026637811
FANCE,0.007491679
TULP1,0.0013957128
SLC26A8,0.03641236
RHAG,0.0011294105
IL17A,0.0
IL17F,0.0
MDGA1,0.014296091
GLP1R,0.00496464
BACH2,0.4320908
TREML2,0.0
TSPO2,0.0016431115
GPR63,0.00823594
KHDRBS2,0.14574417
PRDM13,0.0
SIM1,0.38523883
HDGFL1,0.0
BVES,0.0032421194
COL9A1,0.0037905397
GPLD1,0.020807229
ALDH5A1,0.07420601
EYA4,0.17326082
NR2E1,0.0006229214
SLC17A2,0.007630846
ARFGEF3,0.19220616
SLC16A10,0.23904644
OR12D3,0.0
UNC93A,0.001869948
SLC22A2,0.19221374
PACRG,0.44096124
C6orf118,0.0064576017
MDFI,0.012997608
GUCA1B,0.013485779
PRPH2,0.012364141
IMPG1,0.0058471635
TTK,0.004940126
CCN6,0.006070178
PRSS16,0.004564657
MEP1A,0.0
TBX18,0.005088518
PCDHB2,0.0024096868
CEP72,0.028385885
KIF20A,0.00014187841
SLC4A9,0.11077081
LOX,0.008390107
CDH9,0.31217352
HAND1,0.0
PCDHB3,0.0020741369
PCDHB5,0.0046785306
PCDHB6,0.0018995176
PCDHB7,0.0010024586
PCDHB15,0.005105129
HAVCR1,0.15107481
GRM6,0.0026968003
ITK,0.03698908
THBS4,0.08678766
IL12B,0.0
BTNL8,0.013169788
GABRG2,0.0018833209
SLC27A6,0.022147695
IRX4,0.0
AGXT2,0.31645933
IL4,0.00012024505
IL5,0.003032237
FGF1,0.17107849
C9,0.036353588
CDX1,0.00076013
UNC5A,0.0034565178
CNTN3,0.31467006
KNG1,0.33407226
HRG,0.011046479
CLDN16,0.16127042
ARL6,0.083785616
RBP2,0.007724067
GRK7,0.0049863546
SERPINI2,0.02400052
LRRC31,0.0037047006
COL7A1,0.06927671
GNAT1,0.0
USP9Y,0.0029953204
HHLA2,0.08732659
MORC1,0.005430376
ROPN1B,0.0036673134
UPK1B,0.022732843
CSPG5,0.0018729708
CFAP92,0.060961287
NEK11,0.37690398
HEMK1,0.09080999
PEX5L,0.02047424
AADAC,0.00061645586
ABHD14A-ACY1,0.0047565755
PLCH1,0.24177188
ZBTB47,0.0084043
TNNC1,0.0028243444
CLCN2,0.024601908
NEK4,0.13698272
SLC4A3,0.023422552
IL1A,0.0017879966
CCL20,0.0049097054
KCNIP3,0.07133824
ZAP70,0.022438694
OTOF,0.003965471
CENPA,0.022626458
SLC30A3,0.0003220081
ITGB6,0.97599244
ASB3,0.030659363
PCSK4,0.049261842
GCG,0.0
APC2,0.0052832677
GRB14,0.4514436
TLX2,0.0
GALNT3,0.13014962
TACR1,0.05884715
ACADL,0.17271788
EVA1A,0.20231065
REG1A,0.00083289825
DNAH6,0.2359054
KCNJ13,0.01127236
NEU2,0.0
OTX1,0.00038299971
PLCD4,0.08922595
ZNF142,0.080312796
PRKAG3,7.7352095e-05
SMYD1,0.0
IL1RL2,0.0838688
SLC9A2,0.08562055
ABCB6,0.0003155239
SLC5A7,0.0042109834
TPO,0.0031009864
DLX2,0.0
LCT,0.002492135
LINC02566,0.0015776885
KISS1R,9.2605005e-05
CD207,0.00019695931
GRIN3B,0.007925927
VAX2,0.0057768906
ATP6V1B1,0.04267041
PRRX1,0.011596088
TNR,0.011234921
MORN1,0.16461785
TPSG1,0.0010184159
PAPPA2,0.40536463
NPHS2,0.11059332
CHD5,0.011637544
ELAPOR1,0.01906651
OPRD1,0.0013941157
TRIM62,0.047343414
DLGAP3,0.008507326
PRG4,0.00061911833
PDC,0.00416299
SLC35D1,0.18264993
PLA2G4A,0.09645863
PRAMEF1,0.0
PRAMEF12,0.0
RPE65,0.0
AMPD1,0.009640471
CTH,0.03573322
AGMAT,0.07767454
TNNI3K,0.0010470862
CFHR3,0.0014418015
TFAP2E,0.014852444
HAO2,0.09663479
NT5C1A,0.003392277
HPCAL4,0.011813758
BMP8B,0.0035912935
MYCL,0.0063018124
ZP4,0.000470865
KMO,0.11563619
KCNQ4,0.005631594
ST6GALNAC5,0.03477884
ACTL8,0.00042835352
PLA2G2D,0.0
CR2,0.010301425
CDC20,0.0023524836
MPL,0.0026809063
PTCH2,0.019550744
CCDC181,0.053085163
MROH9,0.012699941
FASLG,0.0022849336
TNFSF4,0.012259296
HSD11B1,0.007949539
PLPPR5,0.00040072863
PLPPR4,0.0025364428
SERPINC1,0.0010046663
PROX1,0.05985306
SLC5A9,0.055364013
CHRNB4,0.0088301115
MUC5B,0.0051743374
A4GNT,0.0010386729
TREH,0.05624477
MMP8,0.0
ZNF541,0.007588483
SLC8A2,0.00310625
KIF14,0.008038441
TNNT2,0.044901505
CRYGD,0.0
MREG,0.1223288
TNP1,0.0
CA14,0.00014687932
DNAI7,0.1421054
ATP10B,0.018606704
USP35,0.018022548
ELOVL4,0.008017324
CNR1,0.0028079893
SPACA1,0.0027370742
ZC2HC1B,0.0
ADGB,0.005582936
MYB,0.002740622
ALDH8A1,0.11661679
PMFBP1,0.023105383
GHRH,0.0002796069
OLFM3,0.007816835
PPL,0.23673047
HS1BP3,0.06987192
FGF23,0.0009313937
DNAH7,0.5231095
SATB2,0.28635874
TRPM6,0.21794702
GDA,0.34748212
TJP2,0.0112663265
TRIM67,0.0028367767
GALNT12,0.028864441
ONECUT2,0.012874647
PROX2,0.0016274183
VSX2,0.0005100496
BBOF1,0.17465359
ACOT2,0.012918516
PPP4R4,0.032112483
ZC2HC1C,0.03324902
GPR68,0.009721763
ESRRB,0.33013785
ZNF410,0.0006614053
GPR75,0.0
KLHL29,0.41212165
TECTB,0.0013505723
ELOVL3,0.0007056057
NKX2-3,0.0
PPP1R3C,0.009686791
CNNM1,0.0148032615
PRLHR,0.0
AVPI1,0.025707241
KCNIP2,0.020206327
CFAP58,0.011830278
CPN1,0.0026079174
C10orf95,0.0066712005
SFRP5,0.00023892097
HOXB8,0.0
CRHR1,0.0
HOXB1,0.00020574183
MSX2,0.004248418
EQTN,0.0047366503
INSL6,0.0052551446
INSL4,0.0
MLANA,0.011694809
CD274,0.013652996
IFNA6,0.0
IFNA8,0.0
GRIA2,0.00633918
CCDC170,0.024527727
MAGEB4,0.0
PCDHB8,0.0
PCDHB10,0.0026736527
PCDHB14,0.0050475
PCDHB12,0.0024226324
SLC25A2,0.0
TNN,0.004558417
TNFSF18,0.00072949607
GPR31,0.0
TTLL2,0.0030675558
SNX19,0.19130148
TP53AIP1,0.0016816906
TEX11,0.025496775
ARR3,0.0009292427
LYZL1,0.0018836764
IQSEC3,0.044788107
ENOX1,0.35943997
TNFSF11,0.0021817703
SPART-AS1,0.03366133
SOHLH2,0.001314766
MYOT,0.011488108
CHRNA2,0.0
ADRA1A,0.012476732
NPPB,0.0
TNFRSF8,0.0075152135
PRAMEF2,0.0
RDH10,0.25373283
EPX,0.0057569873
TBX4,0.0
TEX14,0.05473094
LRAT,0.04720361
MND1,0.02088032
TRIM6,0.0
ABCC11,0.0035489174
TAS2R8,0.00053786737
TAS2R10,0.0
PRB2,0.009210998
IAPP,0.00080978737
TAS2R7,0.0
BCL2L14,0.09796863
TAS2R9,0.0
ZNF549,0.06468749
RGSL1,0.009809953
LHX4,0.012007413
DPPA4,0.0010289038
CD80,0.0038732823
KIF18A,0.015431169
GJA8,0.0037973255
DEPDC7,0.049012292
GJB6,0.0012051329
GJA3,0.0034814756
ADGRB2,0.009073148
HCRTR1,0.003184408
GHSR,0.0
SLITRK3,0.0
CPXM2,0.15684175
ZSCAN20,0.018540503
CSMD2,0.043294024
HPCA,0.0012748995
SV2C,0.011937068
LINC00544,0.000617719
XPNPEP2,0.106812805
PAEP,0.013441937
OBP2A,0.0
TBX22,0.0006074484
FMOD,0.004195771
MYOG,0.0
PLG,0.23903574
PRM2,0.0
OPN4,0.0
PTGFR,0.13159189
LRRC39,0.024729263
RWDD3,0.0
OCM,0.0049591265
KIAA0087,0.00012900964
WIPF3,0.09338382
NXPH1,0.0011274728
NPY,0.003203696
HOXA7,0.027990324
TWIST1,0.006593336
SPINK4,0.005758344
TAF1L,0.0055727637
PHF24,0.0011506565
DNAI1,0.0580115
NUDT10,0.0012352106
SFTPA1,0.0
NEUROG3,0.0
CIT,0.20545787
ACTRT1,0.0
CCDC70,0.0
ATP7B,0.06109261
CENPK,0.020657554
NEUROD4,0.0
MMP19,0.015451214
HOXC13,0.0
HOXC11,0.0033920102
HOXC12,0.0
EEF1AKMT3,0.0015924731
SARDH,0.04355306
DBH,0.00063265406
STIL,0.027684055
HJURP,0.0010361382
SERPINA7,0.0
H2BW1,0.0
NRK,0.2486443
ESX1,0.0
MAGEA9,0.0
ATXN3L,0.0
ACVR1C,0.029274512
C4BPA,0.017795635
C4BPB,0.0011460348
RAB38,0.048486594
GPR83,0.00022874492
DAW1,0.007696687
INHA,0.012295232
MOGAT1,0.078749225
FAM124B,0.0014245703
MC3R,0.0
GCNT7,0.010048253
CTCFL,0.0021102142
PI3,0.0017759495
FAM209A,0.00998052
SLPI,0.52112436
WFDC3,0.017104689
KCNS1,0.002209532
SLC12A5,0.0004777811
ARHGAP40,0.061675232
SEMG2,0.00046859874
MATN4,0.0018334221
PLCG1,0.15864754
GDAP1L1,0.011900467
GTSF1L,0.0
ZNF831,0.024139384
EDN3,0.0008678132
PEDS1-UBE2V1,0.00011660978
CDH26,0.030818228
ANKRD60,0.0
RBPJL,0.0006608791
SEMG1,0.0
CIMIP1,0.00037569078
TP53TG5,0.013023845
PCK1,0.25965634
NEURL2,0.011844939
MAGEA10,0.00014199773
CHST8,0.0076690353
IL9R,0.0017740196
XG,0.01108907
IL17C,0.00017888201
POF1B,0.053751208
IRGC,0.00020125778
ZNF45,0.046768498
LYPD3,0.0071573155
PSG8,0.011217358
CEACAM8,9.7102944e-05
NDP,0.00032557294
CRISP2,0.00071090023
GRM4,0.0010763515
PACSIN1,0.005561836
BTN1A1,0.00045207728
SLC17A3,0.20966233
SLC17A1,0.5377407
PEX6,0.08458039
ENSG00000124593,0.0043095
UNC5CL,0.12323318
AARS2,0.037940923
H1-1,0.00094634615
H2BC11,0.0017659153
OR2B6,0.0
TCP11,0.0032565661
APOBEC2,0.00713389
DNAH8,0.021796383
KLHL31,0.0045649684
CPNE5,0.04189584
RPP40,0.0038363554
CRISP1,0.0021808578
OPN5,0.00041449777
GCM2,0.000951661
ENSG00000124835,0.0062202807
CXCL6,0.0048687635
TRIM51,0.0
MYRF-AS1,0.0019374382
MYRF,0.09238742
SCGB2A1,0.0029232358
WNT1,0.0
PIWIL1,0.009443287
SLC10A2,0.010744844
ABCC4,0.7296399
SOX21,0.0
HROB,0.005263426
KIF25,0.0035688342
AMELX,0.00019153461
GRK4,0.11394926
SOX9,0.17948571
TEKT3,0.003386706
MYH2,0.00023287408
SLC25A35,0.029365953
MIR9-1HG,0.0011020969
BARHL1,0.0
KIR2DL1,0.0
SRMS,0.0
LINC00029,0.0
NPBWR2,0.0
FNDC11,0.0026834381
BHLHE23,0.0
PLGLB2,0.00037254367
IL37,0.0
SLC25A23,0.0651617
GRIA3,0.057174254
ENSG00000125695,0.0017385349
CD70,0.005709439
TRIP10,0.20487277
TGM3,0.0028357147
GNRH2,0.0016908636
DEFB126,0.0
FOXA2,0.0
PAX1,0.0
CST8,0.0
NKX2-4,0.0
NKX2-2,0.0
CSTL1,0.0
CST11,0.0
PCSK2,0.007507056
GFRA4,0.00028779524
BFSP1,0.023037361
LAMP5,0.00021772987
LRRN4,0.01353001
OTOR,0.0
BANF2,0.0019329317
LINC02871,0.00043362303
SIRPD,0.0
DEFB129,0.0
CHURC1-FNTB,0.104892
GDF5,0.0021950458
MMP24,0.13760215
C20orf173,0.000114812756
FAM83C,0.0007344981
GRPR,0.0021363078
XRCC3,0.019714553
PROZ,0.023827653
SLURP1,0.0
IGFLR1,0.0043816925
GPR42,0.0
KIRREL2,0.0018221167
FFAR1,0.0
KRT36,0.00072693016
TSKS,0.0051420485
FLRT1,0.012385882
CSN1S1,0.0
STATH,0.0
HTN1,0.0
PRKCG,0.004220958
DACH2,0.11738755
SSX1,5.3392887e-05
SIX1,0.00410026
PLEKHG3,0.28451192
PZP,0.011379536
PRDM7,0.004492629
OMG,0.043125324
CTAG2,0.0
AVPR2,0.010727599
TMEM35A,0.0016771066
NXF5,0.012783503
ZC4H2,0.20304433
EDN2,0.010343085
ATP13A4,0.020392386
PLAAT1,0.0043437504
IL22,0.0
TSPAN8,0.056358337
BEST3,0.0051738997
TAS2R3,0.0
TAS2R4,0.0
TAS2R5,0.0011727572
CRYGN,0.0
LRRC61,0.03408192
TRPV5,0.015029128
AUNIP,0.0077929846
OR7A10,0.0
OR7C2,0.0
OR7C1,0.0036673585
SYNGR3,0.0037227927
PKMYT1,0.00044914955
WFIKKN1,0.015455958
CHTF18,0.022279032
GNG13,0.0
OR1E2,0.0
VIL1,0.034552272
TNFRSF19,0.20656168
GNGT1,0.21382429
SPINK2,0.00026069468
ADM2,0.010429231
ASPHD2,0.011509706
GAL3ST1,0.049977366
RFPL1,0.0
RFPL2,0.0035782934
GNAZ,0.017506482
MGAT3,0.022560788
ADORA2A,0.00013755486
RFPL3,0.00014737045
MCHR1,0.0
BAIAP2L2,0.1430423
GALR3,0.0007452364
APOL5,0.00037341303
IGLL1,0.0025806774
LIF,0.047331408
C22orf23,0.020112632
APOBEC3F,0.020025585
RIBC2,0.008484843
KRT17,0.08877701
RNF112,0.001663499
CPA4,0.0042343354
TAS2R16,0.0
CDHR3,0.3122994
VGF,0.0020859537
FOXP2,0.8412033
STRIP2,0.031990245
LRRC4,0.006365333
CCDC136,0.011992905
SMO,0.096561804
FEZF1,0.0
OPN1SW,0.0013502047
HOXD1,0.010354625
HOXD3,0.25986293
PDE11A,0.0
GAD1,0.090464555
HOXD9,0.09281107
HOXD10,0.16999233
HOXD11,0.013210137
HOXD13,0.0
CGNL1,1.1471075
ELL3,0.00019394259
ALDH1A2,0.43970945
CHAC1,0.0024377834
CALML4,0.0
THAP10,0.005588606
ACKR4,0.011504695
MYOD1,0.0
KCNC1,0.013074509
TPH1,0.00903203
CSRP3,0.001209205
E2F8,0.0013766225
SOX15,0.0016505588
PIMREG,0.000577342
USP6,0.021527495
SHBG,0.017104518
AIPL1,0.0039121546
KLK14,0.003204996
KLK10,0.0027282566
KLK8,0.0
AJUBA,0.0002176757
CDO1,0.0017881299
QRICH2,0.040889043
FOXJ1,0.009268675
AANAT,0.0024728843
ART1,0.0026528116
CHRNA10,0.010892208
SGO1,0.0051277736
TTTY1B,0.0
RPS4Y1,0.0009730333
TTTY1,0.0
VCY1B,0.0
VCY,0.0
CDY2B,0.0
CDH15,0.0008236822
INS-IGF2,0.0
LBP,0.006102848
SYT5,0.0023665375
GALNT8,0.0148790525
NXNL2,0.06615682
NALF2,0.004991971
GDPD2,0.0019623565
TSPAN16,0.010341868
ANGPTL8,0.002172995
ZSCAN10,8.448646e-05
DPP6,0.66731536
ACE2,0.08068884
GDF1,0.0
NCAN,0.0046324646
KIF1A,0.002005496
RSPH3,0.20624176
MAS1,0.0020324169
ACSBG2,0.009635038
FUT5,0.0
BMP15,0.0
STK33,0.6718753
EPO,0.00052228913
CACNG6,0.0012360564
UNC13A,0.011888163
KLHDC7B,0.028529696
IQCN,0.0850674
OR11H1,0.0
SULT4A1,0.006150798
SAG,0.0021204536
TNNT3,0.0016943763
CALY,0.0011936091
HBZ,0.0
MNX1,0.010045969
RBBP8NL,0.0029031052
PRDM12,0.0008269159
NPAS1,0.010422256
SESN2,0.1112937
SMPDL3B,0.016222894
CCDC62,0.0224596
DUSP9,0.06992432
SLC7A10,0.0030855816
PKDREJ,0.00052488875
HSD17B3,0.0022302344
NUTM2F,0.0014818988
FBP2,0.0024355252
POLN,0.07694213
TTTY9B,0.0
ULBP3,0.00020157851
EPS8L1,0.10962083
TTLL9,0.057440948
BPIFA2,0.0008468037
BPIFA3,0.0
GGT7,0.21110782
DEFB118,0.00013068606
EDA2R,0.013586471
C1QL1,0.014044046
GFAP,0.0
PYY,0.037253477
TEX101,0.00041879818
CCL25,0.00057381974
ENSG00000131152,0.0076176934
SLC34A1,0.17971967
IDO1,0.010829975
GJA9,0.0
CDX4,0.0
ADGRE3,0.052218698
C3orf20,0.016263103
NAPSA,0.179969
LRRC4B,0.010809706
GFPT2,0.04549232
PSMC3IP,0.0097103445
AOC2,0.0027600613
G6PC1,0.0885753
TTTY6,0.0
TTTY6B,0.0
KREMEN2,0.00047837564
BARX1,0.0
CA6,0.0016590164
RHOXF2,0.00014805436
CKMT2,0.050179005
KRT34,0.0
KRT33B,0.0
TNS4,0.04805614
PPP1R1B,0.008172727
FSHB,0.0
ZNF304,0.022545597
ZNF132,0.010281634
USP29,0.0006491151
NR0B2,0.031667076
LIN28A,0.00090062874
FAAP24,0.0048940657
LRRC9,0.024546662
ABHD12B,0.0053275544
GCH1,0.10007378
PODNL1,0.0029854078
ZNF20,0.0345638
BRME1,0.0065156324
RTBDN,0.0
MATN3,0.0072337384
CCT6B,0.032602213
SLC6A11,0.0010175625
FCRLA,0.0
SLX1A,0.000751663
CNGA4,0.0050886874
HHLA1,0.0012021605
IQCA1,0.16108285
SCLY,0.0007327363
POPDC3,0.00082544656
LANCL2,0.20302461
DDC,0.01771645
FTHL17,0.0
ENAM,0.033063885
SLC52A1,0.011140111
RGS22,0.026349619
ANKEF1,0.022636296
SCP2D1,0.0
SNAP25,0.17448492
SSTR4,0.0
RHBG,0.19549717
ATP1A4,0.003226002
BCAN,0.0
CRP,0.0014584226
HAPLN2,0.0013852682
FCRL2,0.0
ACY3,0.059304886
ALDH3B2,0.008233442
MMACHC,0.012615047
VSTM2L,0.013914841
BHMT2,0.30009615
KANK4,0.03263986
SYT4,0.0004040301
SLC14A2,0.23656736
NMUR2,0.0
PDE6A,0.009362363
ATP8A2,0.02333176
MTUS2,0.04020956
TPTE2,0.038359616
GPR12,0.0
MYH8,0.0017297784
CHI3L1,0.053573925
MYBPH,0.0031840228
CHIT1,0.002409227
TMCC2,0.00926978
DCLK1,0.053555537
CCNA1,0.007819761
RXFP2,0.0007979281
TRPC4,0.04529685
STOML3,0.0017150542
KL,0.22126475
RFC3,0.12940918
IRS4,0.0
RNF128,0.097599104
LGALS12,0.00067546207
PLAAT2,0.004536717
MYO18B,0.017224904
C1QTNF6,0.050047565
GGT2P,0.2992933
FAM83F,0.08039718
SEC14L4,0.010324888
KRBA1,0.031756986
LRRIQ1,0.24349503
SFTPD,0.013973722
DYDC2,0.0025519866
SPINK5,0.048511315
CA1,0.037772194
TEX15,0.0015104949
GSC,4.9553175e-05
UNC79,0.10855107
CATSPERB,0.3193432
VRTN,0.004789905
ADAM20,0.0
PEBP4,0.05226129
ADAMDEC1,0.0
IRAK2,0.13856836
CNTN6,0.06835699
CHL1,0.46200308
TRPM1,0.008063769
GNAT2,0.0012989105
REG4,0.00030721302
TSHB,0.0
SYT6,0.026523463
CHIA,0.00085112546
ADAM30,0.0
CD101,0.008426917
GRHL1,0.07905042
ANO3,0.044174735
FST,0.0030457254
CFHR4,0.0
CRB1,0.0657224
CFHR5,0.00034976608
ERN2,0.022543343
RAX,0.0
GRP,0.0
IL2RA,0.011563138
ANKRD16,0.05497689
HRH4,0.0029228071
SLCO1B1,0.00068403536
SPX,0.03262276
PRH2,0.000100216756
LRP4,0.29349938
MYBPC3,0.004228456
USP26,0.0015206623
SOX3,0.0
PIWIL4,0.06479672
MTNR1B,0.0
SPOCD1,0.008609943
HOOK1,0.21273509
CYP2J2,0.005991961
DSG3,0.0012831021
DSG1,0.00077048637
DSC3,0.0019171699
DSC1,0.0020355235
FHOD3,0.87450194
DAGLA,0.02792995
CBLIF,0.0031298003
TCN1,0.0004613024
CLDN10,0.5126776
ERCC5,0.0014114794
ADAMTS8,0.007892756
ACRV1,0.00045955178
KLB,0.002157548
PSAT1,0.03188147
CCNJL,0.1127743
MSI1,0.011006159
HNF1A,0.07869747
HRK,0.0070069153
DTX1,0.039404374
OCM2,0.0003736269
UGT2A3,0.08258376
CSN2,0.0
UGT2B28,0.0
GARIN1B,0.0040197447
KCP,0.25185612
HTR1B,0.00021772987
KHDC1,0.030147469
MRAP2,0.05888379
EPHA7,0.25871715
GJA10,0.00081697525
ELF5,0.028341588
PRPH,0.0
AMHR2,0.0006711045
LACRT,0.0
GLS2,0.025196088
FAM186B,0.0055447347
RDH5,0.0013888438
AGAP2,0.002320919
KRT85,0.0
TROAP,0.0013934303
B4GALNT1,0.0018033959
FAIM2,0.0018280861
MIP,0.0015836661
KCNH3,0.021809814
MAP7,0.7685076
TAAR5,0.0
NMBR,0.0041787527
SEMA4F,0.017508127
EGR4,0.00082967815
EMX1,0.1559533
BCO1,0.025349239
CHST5,0.0
KIAA0513,0.06855258
FBXL8,0.0061779963
SLC9A5,0.016005408
ZNF670-ZNF695,0.006728881
PCNX2,0.5509133
KCNK1,0.18057716
CAPN9,0.0042118803
RGS8,0.0003321263
KIAA1614,0.07253822
GPR55,0.0024922995
CHRND,0.0010542605
PAX3,0.00038445415
SLC19A3,0.10340554
WNT10A,0.0061057336
TSGA10,0.4601691
MFSD9,0.027255619
EDAR,0.06155725
GPR45,0.0
ARHGEF4,0.02682805
USP44,0.051736265
SLC41A2,0.2295793
VILL,0.029560007
PCDH8,0.0
CNMD,0.0026785077
SCEL,0.014967402
C7orf25,0.0012012523
SPDYE1,0.05543092
IGF2BP3,0.021553699
IL6,0.034158614
DGKB,0.06690409
NACAD,0.0019222208
PKD1L1-AS1,0.0012900548
MMD2,0.0049027535
RNASE2CP,0.0
NKX2-8,0.0
NKX2-1,0.0
ZFHX2,0.08103927
ABHD17C,0.20194228
MYCBPAP,0.010271479
CHAD,0.015242017
GH2,0.0
CSH1,0.0
BRIP1,0.02635378
RTP4,0.008114603
SCN2A,0.57805985
TBR1,0.0005217358
ERMN,0.00393051
GALNT5,0.0045824847
IL36G,0.0
IL36A,0.0
IL36RN,0.0
IL36B,0.000103933424
IL1F10,0.0
CFC1,0.0
GAD2,0.003728396
OR1J1,0.0
OR13C9,0.0
ZFP37,0.035014715
KIF12,0.59027296
GARNL3,0.18290254
WDR38,0.0008337746
GABBR2,0.017756125
HEMGN,0.0015384102
NR5A1,0.0
OR1L4,0.0
CTSV,0.009059226
LMX1B,0.052003637
DSCC1,0.007155079
IFNA21,0.0
DMRT1,0.0054771793
DNAJB5,0.008387902
SPAG8,0.016696148
TMEM8B,0.077280276
ARHGEF39,0.0031433627
IGFBPL1,0.00014985436
SLC22A7,0.19849354
CAPN11,0.0010179568
TINAG,0.39531523
HCRTR2,0.011794129
KIAA0319,0.01113783
GCM1,0.006022765
FOXF2,0.0
CLPS,0.0
C6orf52,0.012088394
FGFBP1,0.0021611368
FHDC1,0.03819513
MGARP,0.0012879776
TTC29,0.023963666
RAB30,0.1442732
NARS2,0.22046159
TTPA,0.013281594
SLCO5A1,0.015420206
NXPE4,0.00029024822
TMPRSS4,0.25856417
MMP7,0.41988087
MMP20,0.007874261
MMP27,0.0
CFAP300,0.040109146
TRIM29,0.040247526
BTG4,0.0020128356
POU2F3,0.01208436
ARHGAP20,0.036022894
MMP13,0.0011629229
TMPRSS13,0.0058562458
CASP5,0.0030249965
UNC13C,0.1525571
KIF23,0.1593498
ITGA11,0.03435525
KNL1,0.03462184
PAQR5,0.6577192
ITPKA,0.000155513
TMEM62,0.18206277
PAK6,0.01242119
DUOX1,0.0587533
SLC28A2,0.017188083
STRA6,0.04718372
CYP19A1,0.0035366805
BCL2L10,0.0019456518
SPTBN5,0.02471309
GCOM1,0.0029594142
BRDT,0.009222595
SLC44A5,0.16148482
CLCA2,0.0011844233
DNASE2B,7.56543e-05
CGREF1,0.006310322
LHCGR,0.0
SULT6B1,0.0032574048
SLC5A6,0.031591512
ABCG5,0.0076689506
SLC3A1,0.5023262
SIX3,0.0010136502
CENPO,0.02153163
TRIM54,0.015515742
CYP2C9,0.010810634
CYP2C8,0.011073324
LOXL4,0.0591837
LBX1,0.0
BTBD16,0.04149818
CUZD1,0.007562288
CEP55,0.0053122197
GPR87,0.007132173
PLA2G12B,0.019731596
ZNF365,0.026763674
ADAMTS14,0.0136080505
DNA2,0.069373995
MYPN,0.006466314
AOX1,0.055643372
MSTN,0.0028532064
CDK15,0.011663665
MDH1B,0.031823304
CHRNA1,0.0005191033
GUCA1C,0.003292293
CCDC54,0.00015502406
CILP,0.003512803
PARP16,0.078725524
HCN4,0.0012539116
PCDH10,0.005542516
ZGRF1,0.04755157
PRKG2,0.030534627
FGF5,0.0018615375
IL21,0.00074800715
BMPR1B,0.3514282
TRPC3,0.005622325
CXCL9,0.0006167242
CDKL2,0.16110216
EGF,0.55742574
C4orf17,0.0011909235
SLC39A8,0.08437106
MTTP,0.019514995
FBN2,0.03332059
TTLL8,0.00033524111
SHISAL1,0.0018010829
B4GALNT3,0.21187885
PDE6H,0.0
ERP27,0.046867598
ALG10,0.010335977
PIK3C2G,0.32565543
PLCZ1,0.013547404
SLCO1C1,0.002169378
TMEM117,0.71634734
PIANP,0.0008550706
SLC38A4,0.02942898
COL2A1,0.0
PPFIA2,0.18511279
ANP32D,0.0
INHBE,0.001096722
TPH2,0.0032765733
LGR5,0.007366444
PTPRQ,0.30955398
KERA,0.0
AMDHD1,0.024831004
SYCP3,0.019821474
ASCL1,0.0
TMEM132B,0.016636325
FAM222A,0.04269241
FOXN4,0.0052130288
PDX1,0.0
CCDC65,0.09920923
SLC39A5,0.13066807
RDH16,0.0012639889
DHH,0.0025737057
GPR84,0.0008203845
NPFF,0.0
CELA1,0.0017495079
BRCA2,0.020974914
KRT71,0.0
MORN3,0.022496238
SLAIN1,0.08910744
SRRM4,0.023459826
METTL21C,0.00014888869
RNF113B,0.00050534704
ZIC5,0.0
TTC6,0.040492002
SSTR1,0.0022969653
REM2,0.0034354208
CBLN3,0.008281869
TSSK4,0.0009313149
FITM1,0.003990235
MDGA2,0.036197465
SYT16,0.087793894
ADAM21,0.0015055996
RDH12,0.00807901
ESR2,0.1813916
KCNH5,0.010024133
STON2,0.39786524
FAM181A,0.0002481706
SERPINA10,0.00041611528
CLBA1,0.055756778
SLC25A47,0.0011746751
DUOXA1,0.01204486
DUOXA2,0.00206937
DUOX2,0.014357725
SLC27A2,0.24856542
HDC,0.010626791
GCNT3,0.22704934
DISP2,0.00072709075
PIF1,0.0024941368
CYP11A1,0.0049528102
CYP1A1,0.000467397
ADAMTS17,0.24429373
GOLGA6D,0.0
PCSK6,0.14173904
CCDC33,0.017286059
CELF6,0.0
CYP1A2,0.00010350783
LMAN1L,0.0
RHCG,0.069996364
RLBP1,0.00020093912
FANCI,0.024741858
WDR93,0.032639045
TICRR,0.0034939414
ST8SIA2,0.0049659414
SH3GL3,0.014634067
SEPTIN12,0.001320493
SLC5A2,0.15275528
ARMC5,0.037826974
MYLK3,0.022300718
ABCC12,0.0007326223
CHST4,0.011020579
CLEC18B,0.08953156
ADAMTS18,0.03700659
ADAD2,0.0
OSGIN1,0.02357142
RPL3L,0.001558053
GALNS,0.107800715
CTRL,0.00070887845
DPEP3,0.0
OR4D1,0.0
KIF2B,0.0
SPATA22,0.031936537
LRRC46,0.0052679963
RHBDL3,0.01027759
SPACA3,0.0012169841
CHCT1,0.0053307856
TAF4B,0.11842254
ASXL3,0.20452508
ADCYAP1,0.004417636
MEP1B,0.0072411373
SLC25A52,0.00031543
GAREM1,0.916331
GREB1L,0.11292819
SLC13A5,0.0041510058
CCDC40,0.16791338
CARD14,0.017134242
TTYH2,0.0122590065
CBX8,0.009767171
ZNF750,0.005101347
MAPK4,0.13269815
FBXO15,0.04546618
CBLN2,0.0009557548
GRB7,0.23134941
ARL5C,0.002455601
STAC2,0.09118133
CACNA1A,0.041758843
ZIM3,0.0027571332
CIB3,0.0021565098
ENSG00000141979,0.0192236
DMRTC2,0.00081698765
HUNK,0.23353074
DNMT3L,0.002676595
IL19,0.0009475783
NTN5,0.0039516217
CBLC,0.11006068
SLC6A3,0.002140271
FBN3,0.05241892
TM4SF5,0.004582662
SLC47A1,0.3983226
GPR32,0.0
ACP4,0.0
KLK3,0.0033251592
GARIN5A,0.0067818454
PTH2,0.0
ENSG00000142539,0.0
IGLON5,0.0020409974
SLC2A5,0.039360963
CFAP74,0.0045275493
CELA2A,0.0008971922
PADI3,0.0037963637
PADI1,0.01878784
ARHGEF19,0.007357664
MYOM3,0.10287888
CNKSR1,0.053142782
IL22RA1,0.008265993
C1orf94,0.00027651578
DMRTA2,0.0006265399
CELA3A,0.0016802694
AZIN2,0.048107088
BEST4,0.0021589051
DMRTB1,0.00024348786
SYPL2,0.0717733
BARHL2,0.0
SLC44A3,0.44098276
IGSF3,0.24717224
ZNF697,0.09699805
KCNA10,0.0
FNDC7,0.0025265757
PROK1,0.0003331325
GPA33,0.004914956
RXRG,0.00027577067
TBX19,0.04232683
XCL1,0.00083236775
MAEL,0.023523366
ILDR2,0.053332135
ADCY10,0.026127512
NUF2,0.013555725
NR1I3,0.030125417
F13B,9.393416e-05
FCRL5,0.0024127406
CASQ1,0.002456181
FAM163A,0.0047909985
LHX9,0.00018968021
PRUNE1,0.07217166
RORC,0.10921199
ADAMTSL4,0.03218266
SEMA6C,0.073463164
HORMAD1,0.0016733087
SYT14,0.065705866
KCNH1,0.032414727
DTL,0.004937308
DYRK3,0.066081375
VASH2,0.0066661756
HHIPL2,0.0012985995
FLG2,0.0023133522
CRNN,0.0
NUP210L,0.0340828
AQP10,0.0
PKLR,0.016546259
HCN3,0.018090246
FLG,0.002823057
ACTA1,0.0
LEFTY2,0.00034736242
CNIH3,0.21419992
WNT9A,0.015525858
REN,0.022043826
PPFIA4,0.045251876
SYT2,0.011803281
OSR1,0.0015523545
ABCG8,0.006562504
REG3G,0.0005064493
ABHD1,0.010186267
TRIM43B,0.0
TRIM43,0.0
ANKRD53,0.0038033773
NAT8,0.065732725
DQX1,0.00018879573
MALL,0.03940635
THNSL2,0.122830674
C1QL2,0.002387258
NT5DC4,0.0019078231
CNGA3,0.0002518223
LYG1,0.03632878
NXPH2,0.060461853
THSD7B,0.10010211
GPR17,0.0016482947
GALNT13,0.07491319
SCN1A,0.002288581
SLC4A10,0.019462865
ZNF385B,0.29950228
TMEFF2,0.026366465
CDCA7,0.001978605
DLX1,0.0004915773
PHOSPHO2,0.000973237
CCDC150,0.037609007
UNC80,0.014543002
PTH2R,1.6128008
CPO,0.031016553
ABCA12,0.018841483
NYAP2,0.009031934
ESPNL,0.0013892533
ANKMY1,0.21330877
CPNE9,0.007078653
FANCD2,0.040713016
MARCHF4,0.003407877
GADL1,0.009307545
OSBPL10,0.82039875
ACKR2,0.0068232506
GASK1A,0.0041462514
SLC22A14,0.02927677
STAC,0.12016658
CAND2,0.022036234
IL17RD,0.071716905
LRTM1,0.019165317
ENSG00000144785,0.032010194
ADGRG7,0.0022953243
MYH15,0.0035326348
TAGLN3,0.0019371201
PLA1A,0.027342465
IGSF11,0.1419891
NR1I2,0.005705353
BOC,0.109263584
TMEM108,0.061258696
MED12L,0.08796586
SPATA16,0.0077072605
FAM86B2,0.0016760351
AMT,0.0
NICN1,0.0
UCN2,0.0007475036
ENSG00000145063,0.00022853205
ENSG00000145075,0.0
STXBP5L,0.025050279
ILDR1,0.06475146
TM4SF19,0.0
MUC4,0.02238276
ECE2,0.0
VWA5B2,0.0009456203
SLC26A1,0.012953387
EPHA5,0.03098934
CORIN,0.024226232
SLC10A4,0.0016579488
SLC10A6,0.013931347
CABS1,0.0
ANK2,0.5915135
FABP2,0.0
CCNA2,0.0074085514
SFRP2,0.02289868
RNF175,0.007674018
GLRA3,0.0027832307
NKD2,0.0075502656
CDH18,0.043967567
ADAMTS16,0.24008562
SKP2,0.038737766
UGT3A1,0.06936774
SHISAL2B,0.0034437056
HAPLN1,0.0038941465
ANKRD31,0.025375918
LIX1,0.028305741
SPATA9,0.016845405
MEGF10,0.0027305265
ADAMTS19,0.08879423
CXCL14,0.24464801
LECT2,0.0013935786
SLC25A48,0.2073648
IL9,0.0
TIMD4,0.056860488
GABRA6,0.0054143877
GABRB2,0.049715083
SPINK7,0.0
GLRA1,0.00598861
CPLX2,0.0062487097
TENM2,0.24060073
MYLK4,0.043438684
FAM217A,0.033111364
PSD2,0.0011369276
LRRTM2,0.0035156938
GFRA3,0.0015922288
DCDC2,1.0032085
SLC17A4,0.026111003
H2BC1,0.0
KAAG1,0.0032211742
RASGEF1C,0.008741433
PRIM2,0.32320347
MLIP,0.023092257
LGSN,0.015881583
ANO7,0.014678188
CRIP3,0.009073389
TTBK1,0.009768303
TCTE1,0.002487876
CYP39A1,0.048701666
PRSS35,0.003804096
FAXC,0.023350365
GABRR1,0.018896708
TBC1D32,0.3279677
CLVS2,0.00087575836
GPR6,0.0
TAAR2,0.0
TAAR6,0.0
TAAR8,0.0
TAAR1,0.0
MTFR2,0.0037158947
SLC2A12,0.059020977
PNLDC1,0.0019283991
VIP,0.0044231694
SLC22A3,0.11574999
VWDE,0.019177807
SDK1,0.8287008
FERD3L,0.0
LINC00525,0.000451177
CDCA5,0.0052871318
IGFBP1,0.011977743
SSC4D,0.045377843
POMZP3,0.08116763
TRIM50,0.025999622
ASB15,0.010893935
ZAN,0.0059040533
AGBL3,0.14270566
STRA8,0.013196735
ZC3HAV1L,0.017666202
EPHA1,0.02541654
CNPY1,0.000862372
ASB10,0.0011482462
NLGN4X,0.06072232
SHROOM2,0.20139343
RAB19,0.015827183
LANCL3,0.0
SYTL5,0.0
SPIN2A,0.0011485614
AKAP4,0.0
CCNB3,0.021330027
ZNF157,0.008432843
RAB41,0.0
LPAR4,0.00038525884
AWAT2,0.00012011448
ITGB1BP2,0.0017002338
CPXCR1,0.0
NXF3,0.002798115
RIPPLY1,0.0
RADX,0.031008698
FRMPD3,0.005584318
HTR2C,0.0114823375
IGSF1,0.014504242
ARHGAP36,0.0
GPR119,0.0
FATE1,0.0
MAGEA4,0.0
CHRNB3,0.006618251
CHRNA6,0.00960438
GNRH1,0.010611929
STAR,0.00017234005
SNTG1,0.06425158
PXDNL,0.13022763
ST18,0.043017507
RGS20,0.009544166
CRH,0.00045234966
TRIM55,0.087677084
PMP2,0.00025148998
PRDM14,0.0011574752
SLC26A7,0.22169957
PSKH2,0.0020325053
ATP6V0D2,0.25435296
DPYS,0.2819406
RSPO2,0.009239383
FAM83A,0.007991424
GSDMC,0.0060158903
FAM135B,0.07205103
TTTY7,0.0
TTTY7B,0.0
ARHGAP39,0.10383017
VLDLR,0.05633272
CER1,0.0008772071
IFNA5,0.0
IFNA16,0.0
IFNK,0.0
SHC3,0.06677596
PLPPR1,0.35939932
OR13C4,0.0
ACTL7B,0.0
CRB2,0.03203877
OR5C1,0.0
ASTN2,0.7403201
HMCN2,0.018417561
IDI2,0.0011178638
INPP5E,0.038235176
LCN9,0.0
CACNA1B,0.014025514
PROSER2,0.23858902
SLC39A12,0.0057239435
TMEM236,0.010282816
ST8SIA6,0.021282448
CDHR1,0.0012635522
LRIT1,0.0
RGR,0.00066593295
ANKRD1,0.009639565
VAX1,0.0
NPFFR1,0.002199062
PLEKHS1,0.015704155
CYP17A1,0.013180528
INA,0.00081447035
NKX6-2,0.0013484883
ADAM12,0.09773532
GAS2,0.10148571
SLC5A12,0.4187829
LRRC4C,0.20169334
SAA4,0.0027220605
SCGB1A1,0.0024899142
SYT8,0.031603813
ZNF214,0.039944638
ZNF215,0.04388618
GLYAT,0.31909928
OR5F1,0.0
CCDC81,0.013644308
KLHL35,0.0018224748
TENM4,0.33331776
TTC12,0.17229334
NCAM1,0.034400675
DRD2,0.010009203
C11orf52,0.0
HTR3B,0.002621977
GLB1L2,0.025919905
P4HA3,0.04492519
GRIK4,0.02611973
GGTLC1,0.0
ADAM33,0.0107182255
SLC22A8,0.09570417
TMC2,0.011142138
ZP1,0.0
OOSP2,0.0
MS4A3,0.0007593438
PLCH2,0.07195161
CHEK1,0.015732164
KIRREL3,0.031019708
SCN2B,0.0011401906
DUSP15,0.08584882
C20orf144,0.00075180054
KIAA1755,0.035152204
SPATA25,0.0009609323
OCSTAMP,0.00080205465
CNBD2,0.022248266
SPINT4,0.0025764827
CDH22,0.022604544
ENSG00000149656,0.029994493
GPHA2,0.0007157356
SLC22A9,0.006218447
TLCD3B,0.0023697226
DOC2A,0.028418189
HMGA2,0.04275937
MMP3,0.0017850684
CNKSR2,0.009456502
CNTN5,0.09430471
MKX,0.0058090487
FXYD4,0.22202359
TRIM48,0.0
OR8K1,0.0
OR5M9,0.0
PCDH15,0.25467664
KLHL1,0.012458922
CDH8,0.009418768
LYPD6B,0.20787896
WDR17,0.09377759
SPATA4,0.0033756238
CNDP1,0.013699206
DLG2,1.1762213
CCDC83,0.004350837
PPP1R1C,0.018366005
POU2AF2,0.0013955955
PIH1D2,0.033935513
TEX12,0.0
CIMIP5,0.0063002254
FREM2,0.3596104
ABCB9,0.06137065
DHX37,0.05383002
TKTL2,0.0
PRSS53,0.0
SLC7A11,0.016025601
NOCT,0.13212217
ENKUR,0.016482573
GPR158,0.020125762
LYZL2,8.572607e-05
KCNA6,0.0
THRB,0.9344081
ABTB3,0.30924326
RAD9B,0.0064635645
AKAP6,0.32061
NPAS3,0.619685
ALLC,0.023361068
KCTD14,0.005120538
THRSP,0.0020136836
MSGN1,0.0
ADAMTS12,0.030231418
ATP6V1G3,0.015872143
SLC25A31,0.001180401
ANO4,0.04569625
DRD3,0.004380748
MMAA,0.08252421
POU4F2,0.0
DPYSL4,0.0009874558
ITIH2,0.004638986
KCNJ1,0.23776013
CENPU,0.007845769
SERP2,0.044159275
SLC35F4,0.023104869
GABRA2,0.07191913
CCDC175,0.012133156
PABPC3,0.025160126
CCL28,0.033338383
BEND6,0.0049980357
TMEM132D,0.15483719
RBM46,0.004275683
MCHR2,0.007614723
AP1S3,0.45952958
TUBA3E,0.00042577786
ASTN1,0.0064503183
CFC1B,0.0
POU4F1,0.0
CYSLTR2,0.032517333
GRID2,0.05632174
RIT2,0.011240734
SPC25,0.03988649
G6PC2,0.0011719472
PTH,0.0023919877
SH2D6,0.0046090744
KCNK13,0.091260396
SPOCK1,0.36784518
FAM151B,0.07887747
HOMER1,0.33432022
BOLL,0.0017990293
ZNF547,0.0
OLAH,0.004587285
ZSCAN1,0.008216963
TRIM36,0.011522981
GRIA4,0.037078377
IGSF10,0.0023322653
DSPP,0.00016037359
DMP1,0.0014656257
MEPE,0.007157541
CCNO,0.018775808
DDX4,0.0035273945
CLEC4F,0.0050324905
CATSPER3,0.0013028156
DYNLT5,0.0070454697
DNAI4,0.2800276
ANKRD22,0.021777589
SLC16A12,0.52817285
PANK1,0.1959039
BMP3,0.025570083
GRM1,0.035677608
CNTNAP4,0.012252658
PART1,0.009805809
LMNTD1,0.01599602
NRSN1,0.011778944
JAKMIP1,0.007780142
ZIC1,0.0030451326
TEKT5,0.0034433668
ACMSD,0.3416155
ACOXL,0.13321573
CLGN,0.0054358393
BMP6,0.14209498
RGPD3,0.02415765
OR14K1,0.0
PTPRR,0.036715504
CCDC148,0.7304688
FEZF2,0.0
ADGRF1,0.2747861
ADGRF4,0.003221306
FRMD1,0.12506106
FAM81B,0.017112203
PLEKHG4B,0.009790876
C16orf89,0.04784192
TEX29,0.010133223
SPACA7,0.0017964098
ADPRHL1,0.030298421
FBXL2,0.43053225
GOLGA8F,0.0
PTPRD,0.6373702
TGIF2LX,0.0
CIBAR2,0.0006915922
SPMIP4,0.030751603
TMPRSS11D,0.003989211
SPHKAP,0.007692463
MCOLN2,0.048719604
ANKFN1,0.0779783
HS3ST3A1,0.043309845
GDPD1,0.04001519
ASB17,0.004550291
SLC5A10,0.16611241
AK5,0.021895025
CABYR,0.008664478
CHST9,0.16068344
DNAAF1,0.048569232
JPH3,0.006646579
ROBO3,0.032543436
PANX3,0.00016915417
NRGN,0.027750725
CDH12,0.05440085
GPR15,0.0
CERS3,0.01113074
GAL3ST2,0.0060315444
ABCA10,0.2227458
ENPP3,0.078451216
C4orf19,0.813277
UCHL1,0.06484847
FAM167A,0.02888149
WNT3A,0.0033344608
PPP1R3A,0.0028044006
ASZ1,0.0023200305
GPR26,0.0004751214
CFAP210,0.075290896
MMP21,0.00063378137
C10orf90,0.0095868595
MAGED4,0.0
SRSF12,0.030334854
PSMA8,0.0025983434
TMSB4Y,0.0
CHODL,0.10638909
TMPRSS15,0.006946465
WNT7A,0.015767684
SKA1,0.0026629397
USP43,0.38639152
EME1,0.00024924448
EPHB1,0.09721202
ZNF18,0.03483524
CA10,0.40758
SEPTIN14,0.0064843944
DKK2,0.01378805
RSPH10B,0.0024365021
FBXL18,0.1287053
CNTNAP5,0.059862953
ODF1,0.00025273467
OR4K1,0.0
GPR78,0.0021865775
TRIM74,0.0015398948
MAGEC1,0.0
GRIA1,0.009854905
LRGUK,0.12960729
ZKSCAN2,0.012987101
XAGE2,0.0
TTN,0.06133368
KDM8,0.019096082
PDZD9,0.002978833
FLACC1,0.059539426
C2CD6,0.047073387
SPAG17,0.2606204
FMN2,0.15039533
CYLC2,0.0
SAXO1,0.03310003
SLC24A2,0.01823
TRIM42,0.00042301297
PXYLP1,0.11575437
ADCY8,0.01831828
RAET1L,0.00090603594
AFF2,0.05373367
GRIP1,0.9317427
KIF5A,0.008785839
NAT2,0.0009925661
MAGEA8,0.0
CFAP70,0.33064967
GNA14,0.2833441
FAM161B,0.014237681
WIF1,0.0014720432
GPR61,0.0
MMP16,0.030896738
ADAMTS3,0.106062904
ALX3,0.002472166
CFAP418,0.014170099
PPEF2,0.0028517414
CFAP161,0.11520355
ART3,0.004268537
SLC28A1,0.3531504
NAA11,0.0069362647
CLDN17,0.0
CLDN8,0.033902973
SORCS3,0.10125072
FUT6,0.16781478
TDRD9,0.04277019
FGF18,0.008936727
SH3RF2,0.08392229
GDF6,0.0026196626
PPP2R2B,0.35976648
KCNS2,0.0004856898
PABIR3,0.08556873
FBXO43,0.0032860625
HKDC1,0.21885213
LRFN2,0.0069848048
NODAL,0.0011274018
PRG3,0.0
UNC5D,0.30639458
GLYATL2,0.006310771
IGKV1OR-2,0.0
FRRS1,0.068772055
SASS6,0.035681967
COX6A2,0.00091651897
ITGAD,0.0033382815
ADGRG4,0.0021277028
ZIC3,0.0
B3GNT7,0.005774503
BUB1B,0.006524538
SST,0.0075669484
GHRL,0.01947558
SHCBP1L,0.0030666725
NMNAT2,0.02270932
ATP2B2,0.007950783
LYZL4,0.0015195678
SLC6A1,0.008904805
TMEM171,0.043391448
KLHL40,0.0
C8A,0.0007296296
SYN2,0.06687567
NRG1,0.4183456
CDCP2,0.0
HTR5A,0.00016545935
CLDN12,0.14866929
TMED6,0.0
CLEC18A,0.0054807765
CFAP107,0.00038845962
CLEC18C,0.012839875
ARMC12,0.0015974663
IL34,0.031052977
CACNA1D,0.59126955
ARSL,0.07647934
HYDIN,0.43700868
ZNF19,0.17199747
CCNB2,0.012660854
PWWP3B,0.018958883
KCNJ6,0.036551137
KCNJ15,0.66735595
LCA5L,0.061837755
C9orf43,0.005246269
PALM2AKAP2,0.09186857
DGKI,0.178928
TMEM268,0.035715874
SVOPL,0.14673282
SNX22,0.009789987
SLC34A2,0.1738753
ACAN,0.0015063591
GAREM2,0.0032366696
DPYSL5,0.0032775863
DRC1,0.03126474
CIB4,0.022549806
MEGF11,0.058394667
ANKRD61,0.0032157423
EXTL1,0.0027148917
SLC30A2,0.034542542
TRIM63,0.00786324
GRHL3,0.015069246
NLRP14,0.019834982
PTPDC1,0.1548057
GALNT14,0.83194643
LRRC43,0.0304769
XDH,0.045340933
DZIP1L,0.13609096
FANCC,0.5871646
ESYT3,0.023444572
TENT5B,0.014479667
RNF207,0.06695365
GPR153,0.012381105
SLC13A3,0.41788903
GPRASP2,0.0132126985
CDC25C,0.0057613994
RIBC1,0.009144485
CATIP,0.042467747
KCNB1,0.021425253
CD1A,0.0
CD1B,0.0
DNAH3,0.029047396
CD1E,0.0
HMHB1,0.00015809515
CPA2,0.0042681335
CPA5,0.00056795
POM121L2,0.00080880016
PFKFB1,0.027144939
ALAS2,0.0023029817
PAGE5,0.0
PKD1L1,0.0
SLAMF8,0.0011443959
HTR6,0.0009818394
ITLN2,0.0003119942
PLA2G2F,0.0019509286
SPATA2L,0.07797716
NPM2,0.019881284
FGF17,0.005590165
VWA5B1,0.09327459
SLC5A11,0.12838753
MPZ,0.005508252
WFDC8,0.0013476998
WNT9B,0.0105601195
RAPGEF6,0.008566068
SV2A,0.0056498125
LAD1,0.08584616
TNNI1,0.0136827305
PRAC1,0.0
HOXB13,0.0
KCNE2,0.0060276617
CIART,0.006689156
CLIC6,0.11185852
IGF2BP1,0.022169134
GIP,0.0007881198
ENSG00000159239,0.010223702
GJD2,0.0002088793
ACTC1,0.00045615353
CHAF1B,0.016553655
CLDN14,0.13876401
GOLGA6A,0.0
SCUBE1,0.020745926
PLA2G4D,0.0005243451
M1AP,0.022194063
IRX6,0.013440113
CES5A,0.0026063533
CELF3,0.0007274959
LCE2B,0.0
TGM7,0.002262991
SPRR2G,0.0
PGLYRP3,0.0
ISL2,0.0
ADGRG5,0.026121106
DRC7,0.011616152
SPMIP8,0.005305126
UROC1,0.0009057016
LRRC36,0.052009005
AGRP,0.00034722488
CARMIL2,0.0010613264
C16orf86,0.010794963
PIP,0.00018728482
FAM131B,0.0012035215
LYPD5,0.004121693
ZNF222,0.0
NPR2,0.02148198
ZNF221,0.01814842
TNFRSF13C,0.0018372838
ATAD3B,0.136912
FNDC5,0.004553314
ANKLE1,0.0011738585
CILP2,0.00011690647
TFF2,0.00023574346
TMPRSS3,0.012983659
UBASH3A,0.005921598
CBS,0.0005477174
U2AF1,0.033901278
CRYAA,0.0
HSF2BP,0.018320693
GATD3,0.008439911
AIRE,0.0015580504
LRRC3,0.0028291761
C21orf58,0.024145385
S100B,0.0
CLDND2,0.0
CACFD1,0.051387366
LCN1,0.0
C19orf47,0.025460761
HIPK4,0.008462327
CFAP157,0.019296959
SPTBN4,0.060359664
COX6B2,0.004282064
TMEM190,0.005495466
NLRP4,0.00079847116
PLPP7,0.02268905
MPZL3,0.15697059
TLCD1,0.023045022
S100A1,0.054851852
CXCR5,0.0023329186
NLRX1,0.051639676
CHRNB2,0.00027930544
PAQR6,0.019819573
MYL3,0.037774585
LRRC71,0.0
FCRL3,0.0014104154
FGFR4,0.09213301
CYP3A7,0.0
CYP11B1,0.0
LY6K,0.007829351
TONSL,0.019067163
RECQL4,0.0048175673
COL26A1,0.07356319
FOXH1,0.00085376325
TEKTL1,0.0007056372
SH2B2,0.045350056
FBXL13,0.1906452
SCGB3A1,0.0013730553
CELF5,0.012160093
USP41P,0.0031546592
CCDC116,0.0003058747
NPHS1,0.15101044
THAP8,0.01293145
LRRC56,0.024153246
GRIN2C,0.0038355782
KLHL10,0.0019487307
KASH5,0.002206678
HCRT,0.0024359077
DCD,0.0
SIGLEC11,0.0
MPP3,0.044102903
CD300LG,0.008123856
IZUMO2,0.0011704434
NAGS,0.013931941
ASB16,0.015164244
SHANK1,0.0038219297
FAM171A2,0.004120326
DBF4B,0.060841233
PLCD3,0.058263447
AQP5,0.0017471451
RACGAP1,0.020166326
OR7G1,0.0
KRT84,0.0
KRT82,0.0
SYCE2,0.010071143
SPC24,0.00940864
IP6K3,0.010104025
ALOX15,0.00028813127
TREML1,0.00024469435
ZNF653,0.00041915008
RNASEK-C17orf49,0.00018070529
TNFSF13,0.00025795528
FGF11,0.008313597
CCDC42,0.0012826235
PRR35,0.010234286
WDR90,0.081092946
CCDC78,0.0026883013
MSLNL,0.0025230504
SSTR5,0.0
MEIOB,0.008449565
HS3ST6,0.0032636593
TEDC2,0.0026757484
CCNF,0.01208343
NTN3,0.0
PAQR4,0.0017625125
SAXO4,0.014801754
GNG3,0.00033569924
LBHD1,0.0077008563
ITIH3,0.0002506394
FGF19,0.0
CYP4A22,0.00857227
PDZK1IP1,0.3316844
BEND5,0.0
SLC1A7,0.00028887636
FAM151A,0.06500555
PARS2,0.009238662
CIMAP2,0.006153122
BSND,0.016229853
PRKAA2,0.53588337
ZSWIM5,0.3292323
SLC45A1,0.035504468
RAVER2,0.15556204
CTRC,0.00068509334
KNCN,0.0
TMEM82,0.01861613
DRAXIN,0.0041819
LRRC38,0.0042179157
MATN1,0.003904363
TSSK3,0.024772283
UBXN10,0.017984388
TTLL10,0.012427125
SCNN1D,0.041172292
CCDC27,0.00045684035
IL23R,0.0034273614
DIRAS3,0.016577195
C1orf87,0.013320499
LRRIQ3,0.038627304
LRRC53,0.00013037627
LHX8,0.0
B3GALT2,0.0026852863
NTNG1,0.21271078
AKNAD1,0.0055620936
DNAI3,0.07567893
ATXN7L2,0.020799411
HFM1,0.060808737
BRINP3,0.12788902
GFI1,0.00034059864
CADM3,0.0015579087
TRIM58,0.0034518116
SLAMF9,0.0
OR2M5,0.0
KCNJ9,0.0
VANGL2,0.031571094
SLC9C2,0.018267589
C1orf74,0.004700692
LMX1A,0.00076086004
LRRC52,0.0029078901
GARIN4,0.0011405945
AXDND1,0.06332721
TDRD5,0.044745896
SPATA17,0.20799516
NBPF20,0.014152725
WDR64,0.013234575
KLHDC8A,0.00062800053
OXER1,0.021911437
IKBKE-AS1,0.0043686284
IL24,0.003450207
PIGR,0.1429431
FCAMR,0.024498852
OBSCN-AS1,0.01850858
TRIM17,0.007084323
LINC01931,0.01515912
LRRTM1,0.0
KCNF1,0.0019296997
LRATD1,0.073259845
KCNJ3,0.31693813
NEUROD1,0.0
DUSP19,0.009007438
ZSWIM2,0.00011618555
VSNL1,0.014981931
ANKRD30BL,0.080290996
TEKT4,0.0016612051
EN1,0.0
CFAP221,0.57863283
CCDC140,0.0
SGPP2,0.42247263
XIRP2,0.013998835
BIRC8,0.0
PDHA2,0.0
STPG2,0.73773265
NEURL3,0.043934904
ANKRD23,0.08747798
BNIPL,0.019202856
TMOD4,0.0
LCE3D,0.0
SMCP,0.0
IVL,0.0019410885
SPRR3,0.0042900234
SPRR2D,0.001042518
BMP10,0.0
PGLYRP4,0.00014738219
TDRD10,0.04566162
FZD5,0.03633807
CRYGC,0.0
CFAP141,0.0018116435
NPPC,0.00044650855
ALPP,0.0
GABRG1,0.00273317
ALPG,0.0
GABRB1,0.049281847
ALPI,0.0013299956
LENEP,0.0
DCST2,0.0070803226
DCST1,0.00231409
INAVA,0.11930131
LINC01116,0.040284146
KBTBD8,0.003922356
TAFA4,0.00960776
CCKAR,9.238048e-05
IGFN1,0.004031282
TEX55,0.0
PDCL2,0.0032333178
TMEM169,0.035585187
TRIM46,0.014139365
CXCR1,0.0
TSACC,0.0105734365
STK36,0.09645757
ADORA1,0.05440422
NEK10,0.17473423
FEV,0.0
CRYBA2,0.0
IHH,0.005306463
CIP2A,0.02989116
RETNLB,0.00051292527
FCRL4,0.00019504376
GLB1L,0.03913769
DPPA2,0.002044346
FCRL1,0.0018300608
NUAK2,0.28771448
SPTA1,0.00032124243
AIM2,0.0021541368
EFHB,0.017491268
SLC2A2,0.088678345
CTLA4,0.003772797
CD200R1,0.007300055
CADPS,0.027898451
NKX6-1,0.0
CDS1,0.20521586
PTPN13,0.98120254
SYNPR,0.01733843
C3orf49,0.00530013
C4orf36,0.010150303
ATXN7,0.0
ERICH6,0.023929749
CLRN1,0.001355115
DCLK3,0.00051236775
FANCD2OS,0.012455058
CXCL3,0.031071335
CXCL5,0.0006648056
PPBP,0.0069557275
PF4,0.003196402
PLSCR2,0.11008699
CCDC158,0.04105813
TCF23,0.00070435647
DNAJC5G,0.0005688318
UCN,0.009987527
PLB1,0.029740771
SPDYA,0.065754965
TGM4,0.0017492331
SLC6A20,0.06949572
RTP3,0.00027568146
FBXO40,0.0016803142
GRIK3,0.0040416853
CFAP100,0.013851205
CAMK2N2,0.0018164996
RHO,0.0
IGF2BP2-AS1,0.014754632
SFMBT1,0.16630122
ZDHHC19,0.0015269702
SLC51A,0.027360292
OTOP1,0.0026648603
EXO5,0.019477334
CLDN19,0.026781041
SLC9B1,0.05494352
CDC25A,0.005226588
FBXW12,0.005492893
PLXNB1,0.43344393
BSN,0.016164737
CAMKV,0.0
MST1R,0.022211187
GRM2,0.000216774
ETNPPL,0.0062666945
PITX2,0.0035281824
PRSS12,0.021882406
NDST3,0.03183715
SMIM43,0.0
ADAD1,0.0002392714
HPGD,0.19006969
ASB5,0.0048341695
SPMIP2,0.020287666
NPY5R,0.0054294937
FHIP1A,0.64365965
HHIP,0.01127415
SLC45A2,0.079045884
ELOVL7,0.31884247
ZNF474,0.0008857877
ADGRV1,0.21478678
F2RL2,0.0011863185
ANKRD33B,0.32596678
F2RL1,0.053806897
PRDM9,0.0015946205
SCGB3A2,0.0027461778
SPINK1,0.23992957
HTR4,0.007827528
ESM1,0.037658636
CDC20B,0.0044167954
SPZ1,0.0
ENPP6,0.13912848
CAGE1,0.0036603832
EGFLAM,0.010593737
TMEM174,0.025812969
CARTPT,0.0
FAM170A,0.0
KLKB1,0.18931118
TERT,0.0003888266
SLC6A18,0.021132154
FOXQ1,0.06733206
LINC01600,0.029756099
ADGRF2P,0.00089073513
IL3,0.0
CSF2,0.0
GDF9,0.00312507
GJB7,0.0043705073
GRIK2,0.10150952
FABP7,0.0
TLX3,0.0
TXLNB,0.008728115
CALHM4,0.0029211605
TBXT,0.00066656625
TMEM200A,0.03791951
IL22RA2,0.00029438428
DACT2,0.0129371155
PDSS2,0.67175424
SPMIP7,0.010534629
H2AC1,0.00072917057
IL31RA,0.0026822349
RAET1E,0.008627318
PI16,0.0045750393
TBX20,0.0006624932
MATCAP2,0.1085407
HCN1,0.017617354
MYOZ3,0.006655904
NEUROD6,0.0
GPR85,0.004072228
KCNK5,0.13810976
KIF6,0.074620694
SLC29A4,0.020409953
TEX47,0.0
STEAP1,0.0084863
SP8,0.0
USP49,0.14211105
IQUB,0.15478083
SHH,0.025921699
FNDC1,0.0033369665
SLC13A4,0.020532567
SLC35G3,0.0
C8orf48,0.003075803
SUN3,0.0062607825
C7orf57,0.009416672
HNF4G,0.21295956
SBSPON,0.08583445
EN2,0.00018174163
KCNV1,0.002538988
CSMD3,0.020938301
DEFA5,0.0
DEFA4,0.0
DEFA6,0.0
TMEM74,0.007177115
GPER1,0.014891854
UNCX,0.008037291
TMEM184A,0.11389632
SPAG11B,0.0
SLC7A13,0.037176684
GBX1,0.002280968
OSR2,0.0047381874
DCSTAMP,0.00014453047
FREM1,0.47059464
SPMIP6,0.012170838
MYORG,0.014547454
CCDC171,0.43858227
DIRAS2,0.016906232
NIPSNAP3B,0.03141722
PRKACG,0.0
ZMAT4,0.015511078
NKX6-3,0.0
MAMDC2,0.26319516
PRSS37,0.0
CPA6,0.033088543
C8orf34,0.09073643
TMC1,0.04555939
SSMEM1,0.0009720372
TRPV6,0.041897435
LLCFC1,0.0
CFAP47,0.107754245
METTL27,0.022767998
SHOC1,0.1024255
CXorf58,0.008601802
PTCHD1,0.0060889544
RNF183,0.03261651
ASB11,0.0010718539
PCDH19,0.023714963
VEGFD,0.016419815
OR1Q1,0.0
OR1K1,0.0
ZNF367,0.02922706
NLGN4Y,0.0066574593
HDX,0.14283596
SLITRK5,0.0016694412
MELK,0.01299225
ARMC3,0.05572684
FAT3,0.06580152
DEUP1,0.038271632
SLC7A3,0.0
GPR101,0.0
CLDN2,0.1005147
LRFN5,0.030130329
LRRC18,0.0
TSHR,0.028179215
PHYHIPL,0.23104876
PHOX2A,0.00019058744
MBL2,0.0
GJB2,0.0047945348
HEPACAM,0.00015621477
SKA3,0.0045648166
DDIAS,0.003266415
PKNOX2,0.075722486
RPL10L,0.0
MAGEC3,0.0035097045
ZNF22-AS1,0.0028811672
EML5,0.096843496
TMEM63C,0.0038581311
NGB,0.0
NOXRED1,0.051226832
CDX2,0.0
AMER2,0.0005280122
AKR1E2,0.018635157
SSX5,0.0
SSX3,0.0
OTX2,0.0
FAAH2,0.4682701
DRGX,0.0
OXGR1,0.0033695782
UCMA,0.00016756922
SOHLH1,0.0
SLC18A2,0.014178925
QSOX2,0.04940922
FRMD7,0.005500026
AK8,0.082818575
SPACA9,0.02531923
GFI1B,0.0020739718
ZMYND19,0.019020163
RET,0.0017371721
OR4K2,0.0
SLC39A2,9.445148e-05
RNASE7,0.0011569286
C12orf50,0.00057791994
PPP1R36,0.028532425
VWA2,0.018162675
SALL2,0.009095653
PRAP1,0.004600717
ERICH6B,0.001494678
CYP2C19,0.0
ZFYVE1,0.14961629
SPMIP5,0.0028849822
ANKRD2,0.0061321137
E2F7,0.0024552762
OTOGL,0.0677071
LARGE2,0.081355415
RAPSN,0.0038940217
AGBL2,0.038839098
SMCO2,0.0032873808
SERPINA12,0.00079381216
PDZRN4,0.03908989
SLC6A5,0.0006904764
CCDC38,0.014455893
NELL1,0.32718238
C1QL3,0.005875166
CACNB2,0.43357217
ABTB2,0.7496367
LIPC,0.14556319
PASD1,0.0018826654
TMCO5A,0.0006835252
GPR176,0.06097346
IL25,0.0
CMTM5,0.0
GLB1L3,0.002570113
ADAMTS15,0.023355428
SVOP,0.008906822
SPATA19,0.0
AMN,0.18432006
PPP1R14D,0.005150692
C16orf78,0.0012967472
DEPDC4,0.040548284
LRTM2,0.0
OPN1MW2,0.0
TRMT61A,0.030601861
ASPG,0.029452099
SENP8,0.070584014
GABRB3,0.24321648
TBATA,0.0003418303
DNAAF8,0.007402473
CLMP,0.0339228
SCN3B,0.0077551203
ZNF202,0.042831574
MYRFL,0.276456
TMEM100,0.0010929598
SYNPO2L,0.0036735898
NUDT13,0.04026579
CCDC182,0.0
NETO1,0.0018586233
MSS51,0.026292413
RAG1,0.028967138
POTED,0.0
WDR88,0.019056758
OR10A5,0.0
OR2D2,0.0
MOGAT2,0.0047587743
SERPINB7,0.0037067272
TUB,0.09699214
LMO1,0.013223367
WDR72,0.9330375
TRIM66,0.2556521
TMEM130,0.026579065
C16orf46,0.0
NDST2,6.8830326e-05
CLEC3A,0.0010723593
CLEC4D,0.0006545062
A2ML1,0.007891172
BEAN1,0.047414247
SLC38A8,0.0032277752
CPLX4,0.00069485424
GALR1,0.011450982
TMEM135,0.51727176
IQCD,0.036251243
CDH16,0.49532
CFAP52,0.044222187
MC4R,0.0
SERPINB12,0.0
CHRFAM7A,0.012261585
MMP10,0.00030078043
TVP23A,0.010302736
TMPRSS5,0.008975426
PLEKHA7,1.3659382
ZCCHC18,0.00047974818
HTR3A,0.0006961124
ACSM1,0.037132703
YPEL4,0.0018559459
LDHC,0.006507264
LDHAL6A,0.009272411
LDHD,0.029082403
PLIN1,0.0027266575
SCNN1G,0.1354419
ANKDD1A,0.068404995
PLK1,0.013474288
CACNG2,0.0054957704
TAC3,0.0002732943
MYO1A,0.00041603556
CHP2,0.0018302142
OR4D6,0.0
ELFN2,0.024072994
MIR202HG,0.0
SCG5,0.009852877
GREM1,0.0040517123
NYAP1,0.0017101954
MS4A6E,0.0020951831
MS4A5,0.017063709
EPB42,7.246718e-05
TGM6,0.0022843366
MS4A8,0.0011897713
CCDC178,0.31435388
MS4A15,0.0005732457
TCP10L2,0.0026695083
NAT16,0.00033186923
TERB2,0.0007422322
NKX3-1,0.0033098857
SGSM1,0.24265888
ENSG00000167046,0.0013075589
B4GALNT2,0.032582562
TTC16,0.00498858
SUN5,0.00046972802
BPIFB6,0.0
TMEM92,0.011134319
ACSF2,0.37851733
ANKRD40CL,0.00091560325
DOLPP1,0.012226259
CCDC103,0.0
TBC1D21,0.0
PRRX2,0.0082118055
UGT1A6,0.0
ISLR2,0.003659955
PRR15L,0.03349182
C16orf92,0.00037191744
GOLGA6C,0.0
NOD2,0.003006067
SNX20,0.0023104912
LOXHD1,0.012846619
RBFOX3,0.008490565
ART5,0.0011270276
OR51E2,0.0
MMP26,0.023534546
OR51B5,0.0
OR51I1,0.0
OR51Q1,0.0
ZNF23,0.002331943
ZNF646,0.019507078
GNG8,0.0009842715
LPO,0.0048770118
CA4,0.06019627
SMG8,0.0004902196
JSRP1,0.0033500122
NIBAN3,0.0044031413
PROCA1,0.03896423
LALBA,0.0
DHRS13,0.017504018
CORO6,0.0046274466
RHEBL1,0.0046723774
ZNF610,0.029965518
AQP2,0.27841592
GPD1,0.055741828
CYP2S1,0.009346694
ANKRD33,0.0003146906
LAIR2,0.0009710778
TMEM145,0.0012343976
ZNF526,0.019455057
KIR3DL1,0.00022754172
NLRP7,0.009067254
DNAAF3,0.0039045452
PSCA,0.13443084
ATCAY,0.0062854686
LY6D,0.0013635062
CHAF1A,0.036603294
PLIN4,0.023606943
SERPINF2,0.11641549
GGT6,0.05845176
KLK1,0.008327576
KLK4,0.00012704032
KLK2,0.0012413831
KLK5,0.0009474469
KLK6,0.023237254
KLK11,0.00094874884
KLK13,0.00031590695
ACER1,0.009716871
RCOR2,0.0020559714
ENSG00000167774,0.0025238101
SOAT2,0.0050316527
CABP2,8.352288e-05
TBX10,0.00035311753
OR8J3,0.0
OR5I1,0.0
TEKT1,0.024011865
EVPL,0.066913374
MGAT5B,0.025193073
CYP7A1,0.00046728662
TOX-DT,0.003883594
GSDMA,0.0017169788
KRT24,0.0009942233
SOST,0.014660903
DNASE1L2,0.0077193105
CASKIN1,0.0032153102
ZNF597,0.010662876
VWCE,0.017756859
BSCL2,0.0
PLAAT5,0.0035237123
TTC21A,0.07385773
ENTPD3,0.02280453
ULK4,0.73240924
SLC22A11,0.10558045
MAJIN,0.014182997
SCARA3,0.05608653
PBK,0.0012959518
SCARA5,0.0031531053
PNOC,0.0037557643
OR1F1,0.0
OR2B2,0.0
KCNJ4,0.00022514586
FAM83B,0.21542399
H3-4,0.0
OR2C1,0.0
PTGDR,0.0055022696
GNG4,0.019531187
KCNV2,0.008255377
PTF1A,0.0
FOXI1,0.021685356
KIF5C,0.025697462
MOBP,0.00319293
PPDPFL,0.0
XIRP1,0.0
INSM2,0.0
SCN11A,0.019313533
LINC00917,0.0
BDKRB2,0.0
MTNR1A,0.0
KCNG4,0.0002449199
HR,0.0036415665
TXNDC2,0.0
LGI3,0.00078693515
SFTPC,0.0009172523
PHYHIP,0.026986532
CCDC110,0.012178638
MTCL1,0.24495009
GBX2,0.0
HJV,0.004044551
SCGB1D1,0.0
MYL1,0.00017747929
CHRM1,0.00067621673
CRYGA,0.0
DYNLRB2,0.038521294
ADAM29,0.0023944324
ADAM18,0.0062619257
GDNF,0.0062855734
MUCL3,0.0014197731
WFDC13,0.0
VWA3B,0.014503863
UGT3A2,0.0009168556
KCTD19,0.0059777936
LRP1B,0.55064374
WFDC12,0.0015494906
LINC01620,0.0019127944
CA7,0.0010551824
TSPY2,0.0
CXXC4,0.013982463
TCTN2,0.081253976
SHOX2,0.0
LCMT2,0.009098569
IL12A,0.0015338358
NSG1,0.0027752388
OR13J1,0.0
HTR1E,0.001825496
FSTL5,0.032323863
SOX14,0.0
SFTPB,0.0034558973
BTNL3,0.0026116238
PLA2G4F,0.06793503
CTRB1,0.005011332
CTRB2,0.0
TRIM49,0.0
SPRY3,0.012878089
STXBP6,0.068228856
TM4SF20,0.00204626
GRM5,0.0586309
JMJD7-PLA2G4B,0.0031745194
NTSR2,0.0
COL4A3,0.9329757
KLK7,0.008534636
VCX3A,0.00068203325
ZBBX,0.036666688
ACTBL2,0.0005989697
ROR2,0.18080114
VXN,0.050144456
ODAD2,0.015076344
GOT1L1,0.0
PCSK9,0.002005052
GSG1L,0.0092809135
IL13,0.0005689722
NPIPB12,0.02521899
OR10G3,0.0003104344
RAB3B,0.012019885
OR6F1,0.0
RSPO1,0.0007116115
GCSAML,0.0031299898
RAB24,0.023475813
CXCL10,0.0005370082
NPIPB3,0.0798454
SH3TC2,0.01423277
CXCL11,0.0
GPRIN1,0.0040678945
HSPB3,0.0
NR0B1,0.00031716147
STK32A,0.17999125
IL1RAPL1,0.08492006
C22orf15,8.392257e-05
OR5AU1,0.0
MINAR1,0.003917406
PDILT,0.002768275
UMOD,0.72963756
GP2,0.20182607
ELSPBP1,0.0013782787
RNASE3,0.0
RSPH10B2,0.004218869
KCNK9,0.0017526216
RASSF6,0.24012679
COL22A1,0.02853396
SPRR1B,0.00048173577
SPRR1A,0.0
OR4K14,0.0
OR4K15,0.0
CRCT1,0.0
ZNF280A,0.000341538
MUC15,0.0145773245
CT55,0.00024842744
GJB1,0.033884276
DTWD2,0.22839744
VPREB1,0.0
BNC1,0.00932482
GKN1,0.0002680521
CKAP2L,0.0021755744
PROKR1,0.0
APLF,0.16026059
RGPD8,0.07417531
DRD5,0.0
BUB1,0.0025012733
CHRNA5,0.0050301864
MT1B,0.0
GP9,0.00032944718
ACTRT2,0.0
NRG4,0.056496434
TMEM266,0.07807471
NLGN1,1.2611016
TAS2R1,0.0010532255
RBMY1F,0.0
TACR3,0.019062266
GSX1,0.0
PCDH7,0.28640696
ONECUT1,0.0008639524
CTNND2,0.042874366
MUC17,0.0020466135
AHSP,0.0
WNT10B,0.0008800208
CALML6,0.0007239977
MUC3A,0.019413732
PYDC1,0.0
TM4SF4,0.007101423
S100G,0.00040596584
OTUD7A,0.28140938
FRMPD4,0.0284771
HSFY2,0.0
TAS1R3,0.0005216249
TIGD4,0.018994559
MYO7B,0.122869946
CNTROB,0.06312142
ZPLD1,0.15477154
SERPINA9,0.0
FAM153A,0.014151164
GPR37L1,0.001989011
NSG2,0.006343584
SPDYE5,0.09291634
SERPINA6,0.011703657
FOXD4,0.0009903901
GPR25,0.0
FAM88B,0.012524192
VGLL2,0.0
HOXD4,0.0
HOXD12,0.0
GYPA,0.0039094025
SLC16A5,0.39315572
NANP,0.015582995
ANKK1,0.005202981
ADRA1B,0.056781955
FABP6,0.005247349
USP50,0.07281872
MRGPRX1,0.0
MRAP,0.0035641296
C7orf33,0.0005726424
CNGB3,0.05027122
SLN,0.0
LGALS9B,0.0
FRMPD2,0.025988623
PRDM10,0.12644641
CST5,0.0
CST2,0.0
EMX2,0.30533755
CST1,0.00043296383
SP7,0.0004771822
TCAF2,0.069540694
SEMA3E,0.037502445
LRRN2,0.17486735
DCLK2,0.20697336
ZNF804A,0.08689374
KRT78,0.00070366985
ADORA2B,0.018012362
SDR9C7,0.00017969937
TMT1B,0.0060151787
KRT86,0.027432678
KRT75,0.0
KRT6C,0.0
SPATA24,0.01988118
MZB1,0.0019143069
KRT4,0.00028813045
SLC23A1,0.03866852
KRT74,0.0
NPAS2,0.39280054
KRT72,0.0
KISS1,0.0018475037
COX7B2,0.0048762076
KRT83,0.0
IRX1,0.021764785
SIX2,0.0
DLGAP1,0.5381025
OR9K2,0.0
FOXA3,0.029136328
GARIN3,0.0
SLC26A5,0.10014799
SGCD,0.14716473
RASA4B,0.0
CAVIN4,0.0058502005
OR10A3,0.0
HOXB9,0.0
TTLL6,0.022684544
POLH,0.09314987
SYT9,0.06852016
RBMXL2,0.00037219824
GPR37,0.0010611961
TPD52L3,0.0
OR10A4,0.0005646337
DYDC1,0.0022200304
OR10A2,0.0004899557
HTRA3,0.0062404308
LMOD2,0.000745688
BFSP2,0.0027671766
FSHR,0.021722209
CEL,0.011311814
PPM1D,0.22481081
PSG6,0.0
PLA2G1B,0.0004817796
TRH,0.0
TPT1-AS1,0.0
OR7G3,0.0
OR7G2,0.00091756094
TEX13B,0.0
PKHD1,2.3996294
OR1M1,0.0006613439
NCBP2L,5.8453068e-05
MBD3L1,0.002306576
PGK2,0.0
OR8B12,0.0
CEACAM3,0.00032336343
DCDC1,0.34789243
HAS2,0.008413208
PLAC1,0.008385838
DDI1,0.0
LINC00208,0.0
HS6ST2,0.23374638
OR4D5,0.0
PYGO1,0.07010503
LRRC8E,0.015794497
PKIA,0.0844972
TSNARE1,0.1698138
PATE1,0.0
OR13H1,0.0
C8orf74,0.0005395101
ALK,0.058529153
KYAT1,0.12129677
OBP2B,0.0
HSFX1,0.0005067576
FUT3,0.051802058
KCNG3,0.028053446
OR2K2,0.0004378869
RLN3,0.0
NAIF1,0.010111293
RBKS,0.31459653
OR2M4,0.0
GRIK1,0.05382854
MUC7,0.0046712058
OPRPN,0.0
SMR3B,0.00091545604
CSN3,0.0
CLDN20,0.015353262
CDC42BPG,0.030234318
UGT2B7,0.6687763
SHCBP1,0.01859391
SOSTDC1,0.013917912
NPTX1,0.00032045765
ZNF440,0.18225195
KCNK3,0.100437455
ESCO2,0.0021331129
KRT15,0.01163611
KRT38,0.0
TPPP,0.02023277
KCND3,0.07987856
APLN,0.006122223
KRTAP4-4,0.0
KRT13,0.031122414
XAGE3,0.0
KRT9,0.0
XAGE5,0.0
KRT20,0.0
GLOD5,0.0077546663
KSR2,0.37063166
KRT27,0.00060235173
CDK5R2,0.0
OR1L6,0.0026508714
DLK2,0.00079198997
SPACA5B,0.0
OR1L3,0.0
NLRP5,0.0035109213
SPACA5,0.003590675
MROH2B,0.0008784617
OR1L8,0.0031072549
OR1N2,6.936969e-05
COL24A1,0.041500617
OR1N1,0.0
RXFP1,0.025981171
LPAR3,0.0033218674
NEUROD2,0.0004650535
OTP,0.0006789162
ECEL1,0.0070689567
OR2AT4,0.0002800146
RAB4B-EGLN2,0.0016613232
DSCAM,0.04646496
DNAI2,0.0054184017
NMUR1,0.0043249433
P2RY6,0.0821051
SHANK2-AS3,0.00074694
LKAAEAR1,0.0
DEFB4A,0.0
ANO5,0.10053974
SPATA46,0.00022887795
VAT1L,0.051670548
SYCE1,0.00045460323
NXNL1,0.0
NHLH1,0.0011409764
SLFNL1,0.026967678
UTF1,0.0
KNDC1,0.044803612
WDR87,0.0010621405
PCDHB1,0.003602257
ANGPTL7,0.0021749781
FBXL14,0.03544754
FAM90A1,0.003810939
RRM2,0.0032443127
IFNB1,0.0
PRND,0.0
KLF17,0.002069246
ADRA1D,0.0014282111
FRMD5,0.08635046
AQP4,0.007610712
CYP4F11,0.0074435985
LGALS9C,0.0
FBXW10,0.0043106196
OR10H3,0.0
OR10H2,0.0
OR52A5,0.0004018736
SCG2,0.004517128
CYP4F22,0.007200011
FOXB1,0.001661122
ZNF57,0.021344986
C11orf40,0.00020588221
LDHAL6B,0.00016815367
ZNF556,0.023352308
ZNF554,0.042883076
ANKRD20A4P,0.026938543
REG3A,0.0
GAP43,0.0009534007
REG1B,0.0
EPHX4,0.0076448694
SERF1A,0.0035354572
LRRC15,6.252588e-05
SPMIP9,0.0
SLC9C1,0.13125068
OR1A1,0.0
OR1A2,0.0
OR8I2,0.0
LCE1D,0.0
CCL11,0.0008068776
MTBP,0.053580415
PRL,0.0
OR4C11,0.0
MBOAT1,0.17665231
OR8U1,0.0
OR4X2,0.0
GPR22,0.00010891946
CXCR6,0.002102933
AZU1,0.0011436057
ATOH1,0.0
C5orf34,0.017523237
C1QTNF4,0.0057578147
NEGR1,0.091983795
MACROD2,1.1955174
CDY1,0.0
OR10V1,0.0
SPTLC3,0.48655972
B3GALT1,0.00020455323
OR5A1,0.0
OR5A2,0.0
CSDC2,0.08559095
ABCG4,0.001508817
CDY1B,0.0
CFAP53,0.046302628
OR5B12,0.0
OR5B2,0.00024523737
NHERF4,0.13679032
OR9I1,0.0
ARNT2,0.40667075
PRSS27,0.006070259
MYOZ2,0.004866884
DNAJB7,0.0011646794
CLP1,0.010849342
INSL5,0.00038190518
EFCAB3,0.029140966
RSPH9,0.007423323
OR9G4,0.0001451529
OR5AR1,0.0
FUT9,0.14919922
OR5AP2,0.0
HSFY1,0.0
RAB40A,0.018597191
MAB21L4,0.015862217
OR8J1,8.973208e-05
OR5T3,0.0
ACOT12,0.022455161
CARNS1,0.0013785143
OR10H5,0.0016270148
FAM170B,0.0
NIPAL4,0.0018720923
MUCL1,0.0021984193
SNTG2,0.0748876
FNDC9,0.0016159647
RND1,0.03737996
OR10AD1,0.0
AGAP5,0.08843145
MOS,0.0
MS4A10,0.00046370577
GARIN2,0.012765667
LRRC20,0.03337867
PURG,0.012515408
TMEM217,0.044377416
COL6A5,0.0005828476
OR5B3,0.0
EFCAB12,0.01644053
OR10W1,0.0
RAB43,0.0
FADS6,0.0039155986
HOXC5,0.0
SNX32,0.014611013
OVOL1,0.013458788
CES3,0.049548607
KRT2,0.0
METAP1D,0.073681615
LVRN,0.006710809
MRGPRD,0.0
SLC22A13,0.009079245
XKR3,9.34547e-05
FRG2C,0.0008553737
HPSE2,0.117177606
ARPP21,0.025592275
CFAP184,0.0
EVC2,0.18596084
DELEC1,0.012870593
RXFP4,0.0
CCDC63,0.0017679274
LRRN3,0.02254499
ACSM6,0.010618064
ADAMTS20,0.007890605
ABCD2,0.008911718
AHSA2P,0.0
ABLIM3,0.096788496
MAB21L3,0.011194559
TUBB8B,0.00013200601
SYT12,0.049258363
C11orf86,0.001990617
LIPM,0.00023532414
GPR151,0.0
DMRT2,0.03228751
ZNF483,0.15388685
PLAC8L1,0.024305006
SLC2A14,0.018052375
OR10K1,0.00016823383
GPR148,0.0
CST9,0.0
KCNK7,0.0025629138
ENSG00000173366,0.0
NDNF,0.072338335
IQCF1,0.00044941128
GLIPR1L1,0.01231299
INSM1,0.0
DAB1,0.5907353
IHO1,0.018089509
RNASE8,0.0
THAP2,0.01641299
TMEM196,0.0020937594
RNASE11,0.0
TNFRSF10C,0.0032364058
CIMIP2C,0.0071771075
ADGRF3,0.023580413
NLRP13,0.001288823
XCR1,0.00044543482
CCR9,0.0038273938
PC,0.17163993
UGT2A1,0.0007170448
GPRC6A,0.001098648
TRAPPC3L,0.003959352
APOBEC4,0.0007710156
TAS1R1,0.00692533
HES3,0.0
SPDYE2B,0.010991399
OR1L1,0.0
ADGRG2,0.024300233
SPATA3,0.0033660186
MUC13,0.015992492
WFIKKN2,0.0001250238
TOP6BL,0.55462664
FAUP4,0.0
SPMIP3,0.0040324633
TOPAZ1,0.0035490107
TDRD12,0.003928844
CCDC13-AS1,0.0022916158
TIGD3,0.0015359768
KCNH6,0.043117426
MARCHF10,0.03732647
ENSG00000173862,0.0032405667
PHOSPHO1,0.0010511335
SPTBN2,0.1289367
KRT28,0.0
SWSAP1,0.013569497
SLCO4C1,0.16654195
CIMAP3,0.0104183275
RAX2,0.0
LRRC63,0.013343452
TCAP,0.00932988
CEP19,0.0075716325
CBY2,0.0008787728
TENT5D,0.01139151
SPATA31G1,0.00052339723
RGMB,0.028494282
FAM53A,0.03522014
NWD2,0.006261678
GSTA3,0.0
ENSG00000174171,0.01423451
ARL13A,0.0032806285
REP15,0.0113409655
ZNF80,0.00047642633
EVX2,0.0
TNK1,0.015354248
DIRC1,0.00054040435
SLC16A11,0.004360312
SLC16A13,0.02390917
GLIS1,0.22192852
OR2Y1,0.0
CHRNA9,0.0013370137
SLC6A19,0.097496726
EXO1,0.003557867
CRMA,0.0
MIR1-1HG,0.0
TRHR,0.00017459191
ABRA,0.0
STARD6,0.003095862
GOLGA6L2,0.0
VWC2L,0.013882427
ZCCHC12,0.0
CNTNAP2,0.13198583
GALNTL6,0.071432926
LINGO2,0.14569107
BBS1,0.00012558475
IGDCC3,0.00565633
SLC26A9,0.010081242
MFSD4A,0.17350498
TTC9B,0.00045608394
MYO1H,0.017306717
TMEM81,0.0027783457
KLK15,0.0040046293
IL20RB,0.027073357
GOLT1A,0.041734457
NPAS4,0.0
ZNF497,0.023138234
TRAM1L1,0.00615797
UGT8,0.2699912
KY,0.009554187
ZNF266,0.13374098
OR7D4,0.00026771225
SLC29A2,0.04972114
BRSK2,0.0016486739
GRIK1-AS1,0.007377195
LEP,0.00036790033
FGFBP3,0.0043598674
WDR49,0.05943682
PCP2,0.017221427
ODAPH,0.00216681
CD248,0.0062383832
ADGRE1,0.0041954513
DNAH12,0.04283842
CNIH2,0.0030860603
AMY1B,0.0
NLRP6,0.0019522952
CATSPERD,0.010389185
SLC66A1LP,0.019790137
OR9G1,0.0
C3orf33,0.0032933238
OR5M3,0.0
ASPHD1,0.056662716
P2RY14,0.022428868
GPR171,0.005338843
GPR149,0.0035444777
OR5J2,0.0
ZIC4,0.0
OR10AG1,0.0
OR4S2,0.0
FBXW8,0.26069513
CA5A,0.0069107423
ZG16,0.0
SLC22A1,0.035596456
TEX36,0.014260505
CHST2,0.010393547
DSG4,0.0004559391
RTP1,0.0
SPSB4,0.015732847
RAG2,0.0022629881
WFDC5,0.00063944235
OR2T1,0.0
TMEM51-AS1,0.10070341
ABO,0.19730723
FAM182B,0.07528135
PPM1E,0.16600233
INHBC,0.004058283
HIGD2B,0.00072550814
NPPA,0.0015013005
GAL3ST3,0.002106776
C1orf127,0.0017437447
VWA3A,0.035024174
CCNE2,0.00434912
ANKS4B,0.028077383
CST6,0.04526078
GRAMD2A,0.03656571
PROP1,0.0
ISX,0.0030255252
APOF,0.0
CHRNA7,0.05366412
OR10P1,0.0
PCSK1,0.00651015
RFESD,0.011452222
OR52W1,0.0
DPP10,0.05880981
CLCF1,0.061613336
TSGA10IP,0.0007567107
GPR152,0.0
UBQLNL,0.0
UBQLN3,0.0
PNLIP,0.0010049001
LIPT2,0.0036151835
LONRF3,0.14992386
UCP3,0.011503364
P2RY2,0.0076915445
FOSL1,0.13831414
ENSG00000175604,0.0036424142
OR4B1,0.0
RMI2,0.021731086
PRM1,0.0
TEX26,0.00018853464
GPR156,0.019812593
CCDC197,0.0004261491
B3GNTL1,0.049124304
RBMXL3,0.0
LINC02873,0.0021675827
LINC02915,0.0005435922
TTLL11,0.102750935
LINC01106,0.04271758
ZBTB44-DT,0.08478423
LINC02694,0.18931602
PRIMA1,0.010680023
CBLL2,0.0
CCDC168,0.009460479
ETV4,0.036934398
CALCB,0.076920055
CREG2,0.011431511
TMEM270,0.0011470228
HOXD8,0.073455445
TSPEAR,0.017353276
DOK7,0.03954717
LRRN1,0.028123608
KLHL38,0.0
LINC02880,0.0011289475
PLEKHD1,0.016679864
ASCL3,0.0
AMIGO3,0.0
ZNF613,0.026594203
C11orf16,0.0077786483
TMPRSS7,0.0009043558
MBLAC2,0.016604818
KCNE5,0.0004316441
ZNF683,0.002534242
CRYBG2,0.02603959
DLEU1,0.0
MC5R,0.0
GPX2,0.03293988
HSF5,0.010315963
FOXG1,0.00038257698
ENTHD1,0.003195312
CIDEA,0.00032663895
OR11H4,0.0007030082
OR4D11,0.0
LRRTM4,0.05529326
OR11H6,0.0
ZNF404,0.0144386
OR4K17,0.0
OR10H4,0.0
RPP38-DT,0.0
OR51B6,0.0
ACBD7,0.001614172
OR4L1,0.0
ANAPC2,0.03922908
OR4K13,0.0
HMGB4,0.0
OR4F21,0.0
OR4K5,0.0
OR4N2,0.0008055381
OR4M1,0.0
FOXR1,0.0
ENSG00000176320,0.00074274495
ENSG00000176349,0.0009476169
TAC4,0.017226152
PRR18,0.0
B3GNT4,0.0028069029
HSD11B2,0.35624397
DMRTA1,0.017534224
EID2B,0.013502882
GJC3,0.0013335074
RIMS2,0.4252825
VPS37D,0.018502172
ZNF575,0.007943765
OR5AN1,0.00022495346
ENSG00000176515,0.0063895774
PHLDB3,0.10322879
OR4C5,0.0
OR4C3,0.0
OR4S1,0.0
CNTD1,0.015937243
DCAF4L2,0.0
OR4X1,0.0
CNBD1,0.030192982
KBTBD11,0.050159886
MAP3K19,0.01494286
LINC02914,0.0
HORMAD2,0.00730182
FOXL1,0.0037395183
TGIF2LY,0.0
LRRC37A,0.054719444
OR4F17,0.0
BDNF,0.021916363
CCDC121,0.008032897
ZNF843,0.006013094
TTTY14,0.092556216
PFN4,0.0027119378
OR51V1,0.0
MAGEB6,0.0
CDK5R1,0.0035819544
LINC00303,0.0010945501
TCERG1L,0.009337573
NCKAP5,0.67708796
MAGEB18,0.0
DEFB104A,0.0
OR52E2,0.0
DEFB103A,0.0
OR51L1,0.0
LRRC37A3,0.49619216
MIR7-3HG,0.0
ENSG00000176868,0.00850246
GRIN1,0.0009796285
SOX11,0.0010460344
OR51G2,0.0
OR51A7,0.0
OR51T1,0.0
OR51H1,0.0
MAMSTR,0.017541548
C8G,0.0026889185
FUT2,0.020383045
OR51S1,0.0
OR51F2,0.0
EFCAB5,0.062401973
GCNT4,0.014461451
MUC20,0.015311086
LY6H,0.0005100344
TRIM60,0.004617548
ENSG00000176984,0.0
FMR1NB,0.0031366786
DEFB104B,0.00011892987
C19orf18,0.06333317
IFNW1,0.0
ACER2,0.19496454
SCN4B,0.0019806295
DSCAML1,1.0503354
ZDHHC22,0.0
IRAG1-AS1,0.0071482486
PRDM16-DT,0.15044509
FAM9B,0.004973782
CETN1,0.0
NUDT4B,0.0047882497
OR2T35,0.0021192608
OR14C36,0.0
RIMKLA,0.015411327
CLVS1,0.028717855
OR2M7,0.0
OR2T12,0.0077993977
SPACA4,0.00021780342
OR2T33,0.0
LINC01561,0.0018001974
TRIM72,0.0026578857
DEFB103B,0.0
DEFB4B,0.0
KCNA3,0.0010295839
OR2AJ1,0.0018697204
GJD4,0.00034059864
FBXO39,0.0032572893
CLDN22,0.00060926203
KCNA2,0.00062568474
BEND2,0.001169957
LINC00469,0.000715612
FLJ13224,0.00036495063
CCDC71,0.016720725
C10orf71,0.00021217465
ENSG00000177359,0.0
LRRN4CL,0.00053441076
UMODL1,0.0044178753
UBE2U,0.017517453
MIEF2,0.022648375
NIM1K,0.012832142
CD19,0.00026672878
ERICH5,0.01985849
OR2T8,0.0
OLIG3,0.0016529397
OR2G3,0.0
RBM44,0.016357027
OR2G2,0.0
ZBED2,0.002338394
VCX2,0.0
ST8SIA3,0.0
RPRM,0.0003693666
OR2B11,0.0001249322
NHLH2,0.0
C1orf167-AS1,0.0
FAM187B,0.000979072
SAMD12,1.1604174
PIDD1,0.05801177
ENSG00000177596,0.0
ZNF491,0.03289378
HASPIN,0.0001568675
PGBD5,0.06425512
C12orf54,0.0017675665
CASC2,0.26144147
MBOAT4,0.002371364
TEX44,0.0
SRRM3,0.008780898
DEFB114,0.0
SUMO4,0.0
MAGEB10,0.00033022187
OR4F4,0.0
NAALADL2,1.5833533
ENSG00000177699,0.0006320998
SLC35G5,0.0018354238
YIPF7,0.015357492
FAM87B,0.00015391663
RAB4A-AS1,0.0
MYOZ1,0.001551117
TMEM78,0.0
KCNJ10,0.038399883
TENM3-AS1,0.028698927
PCDHB9,0.003305663
ZNF619,0.012055831
CCDC184,0.0017209249
CAPZA3,0.0020221868
MAMDC4,0.031730708
CENPBD1P,0.0073232916
CIMAP1A,0.0
LCN15,0.0003342648
DPY19L2,0.3608241
SPATA31E1,0.0
ZNRF3-AS1,0.019582566
CIMIP6,0.015987873
GPR150,0.0
TSPYL6,0.00025503713
LRRC75B,0.13392058
CALHM5,0.009102322
PRSS42P,0.005786111
GRAMD1C,0.3418802
HTR3C,0.0019671882
TSSK6,0.0076930737
ENSG00000178107,0.0
GOLGA8Q,0.0010031369
PPP1R42,0.058324944
FAM27E5,0.0
AMER3,0.0009338835
SPINK6,0.0
ZNF454,0.024178185
ZC3H12D,0.016439615
VN1R1,0.0
SH2D4B,0.0077400017
TMEM151B,0.0
SLITRK1,0.0
LINC02907,0.0
FAM230I,0.0009252
PRM3,0.0
TNP2,0.0
SPAG11A,0.0
TMPRSS9,0.033197276
AQP11,0.0219837
KCNG2,0.015727142
SHISA3,0.013806223
OR2D3,0.0
CALML3,0.0009994608
CALML5,0.0
PLEKHM3,0.2869666
ZNF223,0.0
HTR1A,0.0
CCDC185,0.0
DNAJC22,0.06071463
NEUROG2,0.0
CEP295NL,0.0
BEND3,0.026165035
CTDP1-DT,0.013636824
TIMM23B-AGAP6,0.13862108
GLDC,0.39335066
LINC00314,0.00025318426
MCMDC2,0.025119832
TUBAL3,0.0028745492
UCN3,0.000876573
AMBN,0.0012740408
CA8,0.18905154
ERBB4,1.7348638
OR6B3,0.0
DEFB125,0.0
PSAPL1,0.0
OTOS,0.0
C10orf53,0.0
ZNF713,0.0
DYNAP,0.0005007601
GP5,0.00017253625
LMO7DN,0.0017406348
STX19,0.0051920107
ERFE,0.009109322
CPN2,0.005998622
C5orf46,0.0
CD300LB,0.0019780817
GDPD4,0.008941988
RIIAD1,0.0035459574
ADORA2A-AS1,0.099867746
H1-8,0.00083678006
TMEM52,0.0019566726
TMEM139,0.058303926
RNF186,0.016247496
RFLNA,0.072547875
FOXE1,0.0005612883
TPRX1,0.0027168542
LGALS7B,0.0
ERICH3,0.005005088
EXD1,0.0056599993
AURKB,0.0015977194
TAS1R2,0.0
C14orf39,0.009160903
KLHDC7A,0.024169303
ENSG00000179028,0.0
TRIML2,0.0025828697
OR13D1,0.0
IGSF22,0.0058898316
C9orf50,0.0039012989
ZFP42,0.0007935643
ENSG00000179066,0.0
CCDC89,0.0026237932
FAM133A,0.0026575706
C12orf42,0.010046878
HTR1F,0.0013109393
TMTC2,0.73254144
HES7,0.00079311803
C10orf67,0.073505685
LINC00670,0.0059806886
MTUS2-AS1,0.00068116887
CYP11B2,0.0
ALOXE3,0.0017199991
PXT1,0.0059808814
GGN,0.0013018565
HNRNPCL1,0.0
SIGLECL1,0.00038507892
LINC00311,0.0
CDH4,0.08439601
ENSG00000179253,0.0
PCARE,0.0007386193
DAND5,0.00080871
TMEM151A,0.00012522413
NSUN7,0.20390055
RTL3,0.0
FAM156B,0.00058922963
RAB39A,0.0078169545
ARID3B,0.13681401
TMEM31,0.0027998455
CATSPERE,0.18933426
GPC5,0.4854254
LINC00174,0.0
DNAJB8,0.0
HNRNPCL4,0.0
IL6-AS1,0.00018521392
SLC24A3-AS1,0.0009451847
LINC01699,0.0
MKRN3,0.023301458
OR9A2,0.0
ALOX12B,0.0021294586
SLC17A8,0.0019258551
HTR1D,0.0001368474
LSMEM2,0.013791319
RNF151,0.0
PLD6,0.0076249763
GPHB5,0.0
GRM8,0.11592574
OR2AP1,0.0
OR6C4,0.0
TPPP2,0.0049117166
RPRML,0.00031784238
ARL14,0.038931586
LINC00305,0.0006016725
OR6C2,0.0006185696
WDR97,0.01157687
NLRP8,0.0032167155
APOBEC3B,0.0
SYCN,0.0
ENSG00000179755,0.0
ATOH7,0.0016977371
LRRC3B,0.0013489339
FAM216B,0.0021142117
MRGPRX4,0.0
MRGPRX3,0.0027156328
PIK3CD-AS1,0.0
NKPD1,0.0008982113
RNF227,0.0041427924
ABCA13,0.13513449
NLRP11,0.0022795806
CFAP276,0.0021022558
B3GNT3,0.06225327
NRXN1,0.021082638
OR10A7,0.0
ZNF784,0.02000391
ZNF648,0.0009251488
CCR8,0.00016563927
LINC00652,0.0005564236
GOLGA8J,0.0
PSTK,0.039342977
OR1E1,0.0
OR1R1P,0.0
GARIN5B,0.0
C3orf80,0.0
NKX2-6,0.0
TMEM150B,0.03582105
LINC02870,0.0004983162
ANKRD18A,0.1276099
WFDC11,0.0023874594
TMEM86B,0.031527977
OR3A1,0.0
TDRD6,0.030386502
REDIC1,0.05018046
CSNK1A1L,0.00787802
ACTA2-AS1,0.0
TH,0.00024009355
WFDC9,0.00031129125
MYL11,0.005374377
F2,0.0020940206
GARIN6,0.0
RRH,0.009828517
SLC9A4,0.028339446
PRNT,0.00010782073
ADGRD2,0.0005975132
GPR139,0.0010958362
TMEM277P,0.0011092084
PLD5,0.0686576
WFDC10A,0.0
PNPLA1,0.04889595
ALX1,0.005041443
KCTD4,0.00012828465
TIGD2,0.024307745
ITPRID1,0.007956452
DEFB124,0.0009949924
KRTAP9-7,0.0
ATP5F1EP2,0.0
LINC00304,0.00029851458
HARBI1,0.020217948
DEFB123,0.00036111634
CYP8B1,0.016443139
OR6K6,0.0
TPRXL,0.0
SERTM1,0.0
ENSG00000180458,0.0
OR10Q1,0.0
GLIPR1L2,0.021085324
DEFB119,0.0017789558
ZSCAN4,0.0007467084
BHLHA15,0.0
RNF182,0.026050126
LINC02908,0.0030714823
FUT7,0.00062029954
EIF2S3B,0.025604425
SKIDA1,0.007848971
MB21D2,0.25050628
GSX2,0.0
SLC47A2,0.2049005
OR2A4,0.0
MAB21L1,0.0
C3orf22,0.0045849537
OR10K2,0.0
LINC02363,0.0024771527
CHRM4,0.0
SHISA2,0.011987495
S1PR5,0.0021324053
CLRN3,0.03261854
AGTR2,0.0
ANKRD30B,0.008386209
OR51E1,0.0006145256
ZFP3,0.031566143
ARSJ,0.21085773
MAP3K15,0.19652635
BHLHE22,0.0
MAP6D1,0.0
CSNK1G2-AS1,0.000799763
ZNF443,0.0
LINC01559,0.0018297309
LINC01555,0.00040745208
CXCR2,0.001849562
DEFB112,0.0
GREM2,0.026390987
C11orf42,0.0015617658
CAPS2,0.25281718
TTTY11,9.2331225e-05
OR56B4,0.0
GPR62,0.00013348744
OR56A1,0.0012636132
ZNF572,0.0066202306
OR52E4,0.0
OR52N2,0.00018796248
GPR137C,0.035166003
C1orf105,0.0036050275
OR52N1,0.0
OR52N5,0.0
OR56B1,0.0008459766
AEN,0.022964055
FKRP,0.077877365
CHRM2,0.013895667
OR52N4,0.00011886226
MAPK15,0.038807556
ADIPOQ,0.00019100371
LINC02878,0.0
ENSG00000181123,0.0014937212
ZNF707,0.04279384
MUC16,0.0033556062
FER1L6-AS1,0.0009472778
PENK,0.0
C4orf50,0.003540967
TMEM132C,0.046944086
SLC25A41,0.0032537826
OR5AK2,0.0
TMEM132E,0.019885851
NME9,0.042756002
SPEM1,0.0
HEPHL1,0.01342041
OFCC1,0.0
OR5M8,0.0
CCL13,0.0
CFAP65,0.008888854
UTS2R,0.0
DDN,0.023721581
SAGE1,0.0006732764
SOX2,0.0012415429
OR6T1,0.0
MAB21L2,5.144553e-05
FANCB,0.006836161
EDDM3B,0.0
EDDM3A,0.0
LINC03040,0.005671555
TMIE,0.0047879266
OR52D1,0.0
OR52H1,0.0
FDCSP,0.0
SLX1B,0.0
ANKRD62,0.0070327674
TNFSF15,0.022269938
ZFP41,0.001100493
GPR88,0.0
OR8H1,0.0
OR5T1,0.0
OR5T2,0.0
OR2Z1,0.00016809402
OR8K5,0.0
OR8H3,0.0
OR8H2,0.0
GPR3,0.0010195086
TMEM252,0.040577505
CIMAP1D,0.0025084347
OR5AS1,0.0006402581
ACTL9,0.0
ADGRB1,0.0010872625
LINC00471,0.006714636
CELF2-AS1,0.0
OR6S1,0.0
TIGIT,0.015299485
FTMT,0.0
OR4C6,0.0
LINC02724,0.0
OR4P4,0.0
GINS3,0.010673082
OR4C15,0.0
OR4A15,0.0
OR4A16,0.0
OR52K2,0.0
NEUROG1,0.0
LINC00301,0.0
PNMA8A,0.014803948
ENSG00000182021,0.0
ADIG,0.00074343063
USH1G,0.0
MGAT4C,0.03263926
TRIM49B,0.0
OGFRP1,0.006473953
OR52A1,0.0
PTCHD3,0.0
OR6B2,0.0
TMEM30B,0.04365802
ZNF716,0.0005806251
KCNIP1,0.08851129
ENPP7,0.0042732283
MRGPRG,0.0
ASB18,0.0031243025
CRYGB,0.00029306632
HHIPL1,0.0034449552
ZAR1,0.0
CYB5D1,0.039481796
KCNA4,0.0005619439
GABRG3,0.062708214
PRR34,0.0059809154
NLRP10,0.001233166
IZUMO1,0.0039520976
TMIGD1,0.0013249676
B4GALNT4,0.002124995
DCAF4L1,0.0040384294
MBD3L3,0.0
ZSCAN22,0.0074991453
GLTPD2,0.005824345
KIAA2012,0.011106469
PRAMEF8,0.0
LIPF,0.00089745753
OR5P3,0.0
DAOA,0.0
ZNF804B,0.2784243
CD300LD-AS1,0.0026867012
FAM87A,0.0
PIEZO1-AS1,0.008429995
NXPH4,0.00025614715
CACNB4,0.27706575
IFNL1,0.0
PGBD4,0.019316277
CDY2A,0.0
OTOL1,0.0
KCNK4,0.0010810271
TEX19,0.0
XKRX,0.007729683
LHFPL1,0.0039456855
TBPL2,0.0056694723
CAV3,0.003771461
RNASE10,0.028430823
SPNS3,0.039787117
NXPH3,0.00074396306
EPHB3,0.009236301
VCX,0.00056253566
EPGN,0.0018585831
LINC00334,0.004549792
KRTAP11-1,0.0
HS3ST4,0.023594888
TSPAN10,0.018086378
OR2V2,0.00021644871
RXFP3,0.0
OR10G7,0.0
CCDC172,0.0030893828
OR4Q3,0.0
NTM,0.065166526
KCNB2,0.03459387
PPP1R27,0.0012086383
BRICD5,0.03921473
GALR2,0.0
RESP18,0.0
SLC35D3,0.0
MAFA,0.0012859895
GRID1,0.046371467
ENSG00000182776,0.0
OR2T29,0.0027152426
CCDC87,0.00044687436
GSTA5,0.00058773725
C1orf116,0.039137304
MAGEB17,0.0
KRTAP13-2,0.0
FAM230E,0.00026080688
OR4F15,0.0027284662
GALNT9,0.09394657
PRKCZ-AS1,0.001468967
ADGRG3,0.014811169
GLUD2,0.010068729
TMEM95,0.0004535779
TCHHL1,0.0
RGS7,0.093863375
SLC25A18,0.010862429
TCEAL7,0.0019398564
WFDC10B,0.00785399
OTOP3,0.00046292954
CIMAP1C,0.0005309661
SOX1,0.0
OR4M2B,0.0
ZNF320,0.014100771
C12orf60,0.06924131
OR1G1,0.0
SLC25A21,0.15183207
OTOP2,0.000724081
CYLC1,0.0033732625
PCP4,0.031048033
RGPD6,0.0032138035
WBP2NL,0.17679799
IGSF5,0.0053031896
NKX2-5,0.0
FREM3,0.01599123
NEB,0.039940055
BEGAIN,0.014236561
FAM43B,0.0015062655
CSMD1,0.14882256
CALHM3,0.00026875746
PTGDR2,0.0
RIPPLY3,0.0041137217
PRORY,0.0
ANKRD20A2P,0.0011480671
GPR19,0.0050205765
GJD3,0.0
ENSG00000183154,0.00020795788
CALN1,0.075243816
GABRR3,0.0014997014
C2CD4C,0.0063227345
CHST6,0.0035952278
POTEC,0.0
GDPGP1,0.0
CTNNA3,0.10075494
WT1-AS,0.0
RIMBP3C,0.0
PRR36,0.011426521
LINC01547,0.010411254
OR51B4,0.0
ABHD16B,0.0
OR52E8,0.0
CCDC60,0.04498231
PLGLB1,0.049311686
PRSS40A,0.0
OR5P2,0.0
FAM9A,0.0
MAGEA2B,0.0
TMEM121B,0.0
ENSG00000183308,0.105959125
OR2T34,0.00018659935
OR52L1,0.0
EPHA10,0.005364798
SPDYE4,0.0
REC114,0.012965879
BOLA2,0.002685853
CABCOCO1,0.046291225
GBP6,0.0012722166
OVCH2,0.02584878
SYNDIG1L,0.0010700085
TTTY8,0.0
OR56A4,0.0
PMCH,0.0
TMEM89,0.0023621423
TEKTIP1,0.035165403
RIPK4,0.15240571
LRIT3,0.0067748623
TFDP3,0.0
GRIN2A,0.03883781
URAD,0.0002052408
FLJ40288,0.0049529066
SH2D7,0.0008821255
TREX2,0.0004830784
GPR132,0.21011914
COL18A1-AS1,0.009319863
KLRC4,0.0
ACSM5,0.046141803
C10orf120,0.0005517299
IZUMO1R,0.0
ENSG00000183562,0.0
PCBP3,0.07391394
PGPEP1L,0.0
H3C13,0.0
GKN2,0.0
CCR3,0.008466423
DGCR6,0.0
GOLGA8G,0.00018473978
PRR32,0.0
TP53TG3,0.0
RP1L1,0.003892484
KRTAP8-1,0.0
C15orf32,0.0031296266
HOATZ,0.0
ZNF530,0.008338252
MARCHF11,0.0045412886
KLHL25,0.061072346
TAFA1,0.17734142
PSG9,0.012208222
CMKLR2,0.006761693
LINC00518,0.00027132884
BMP8A,0.004886451
EFHC2,0.09750306
NOG,0.00040914674
MRGPRX2,0.0005256028
OR4N4,0.0
IFNL2,0.0
OPCML,0.098892294
FIGLA,0.0023337302
BPY2,0.0
ACP7,0.004160227
KREMEN1,0.16320406
TRAIP,0.00664678
CHEK2,0.06222454
FOXL2,0.0
AIFM3,0.0038588366
KCTD16,0.24537088
SLC35F3,0.14605305
KCTD8,0.3562465
TUBA8,0.01179121
NPIPA5,0.016392896
BPY2B,0.0
EMILIN3,0.0016229495
CCR4,0.00094534084
LIN9,0.04938623
NCF4-AS1,0.00030254092
ANKRD45,0.02826309
CFAP91,0.21890807
PNMA3,0.009978063
GPR39,0.38216355
IQGAP3,0.006861874
CNGA2,0.0
SCN5A,0.0035078595
ARSI,0.020490883
UTY,0.004431931
NPIPA6,0.008805221
LRRC55,0.00027432627
DNAH2,0.022329208
SDR42E2,0.0064935633
TRBV21OR9-2,0.0
KCNH8,0.042950112
PP2D1,0.009099111
TMPRSS2,0.28922534
OR2T10,0.016338991
DSCR4,0.0
KRTAP20-2,0.0
CTAG1B,0.0
DIABLO,0.0
TBX1,0.006238723
SREBF2-AS1,0.006351171
TRIML1,0.002193436
ENSG00000184115,0.0
OR4F6,0.0
CNTN2,0.003579786
SPRR4,0.0
OR10J5,0.0
C1QTNF12,0.01944586
OR1D2,0.0
KCNJ12,0.014846292
GPR173,0.10476863
DGAT2L6,0.0019570799
OLIG1,0.0046356823
NDUFV1-DT,0.0020964986
ALDH1A3,0.14023103
H2AC21,0.00075722387
POU6F1,0.11047677
LINC00315,0.0
DEFB108B,0.00014139156
SIX6,0.0
PRKD1,1.300664
ZDHHC23,0.0511643
MROH7,0.00064099336
OR51J1,0.0
S100A7A,0.0
SRPK3,0.0005236848
GDF3,0.0007452876
IQCF2,6.432127e-05
EFNA5,1.2882481
MRGPRE,0.0
KRTAP19-1,0.0
H1-5,0.0004705693
SPATA32,0.00690431
MAP7D2,0.04023732
ACTRT3,0.002814054
PLA2G6,0.14744253
PABPC1L2B,0.0
A3GALT2,0.013768877
OR4N5,0.0
KCND2,0.049312092
LRRC19,0.06785155
KNTC1,0.06925361
CCR10,0.0031207956
NCMAP,0.088181935
BPIFC,0.004468834
C1QTNF8,0.0
OR56A3,0.0012695302
FOXO4,0.013849953
POU3F2,0.0
FOXD4L1,7.2486335e-05
GAST,0.00057791185
NUTM1,0.002729534
CEND1,0.0015464379
C6orf58,0.0033358112
DHRS7C,0.0006030757
SPEM2,0.0
SLITRK6,0.0037642075
ENSG00000184566,0.0
PIWIL3,0.0011916525
TAFA3,0.0003712615
C14orf180,0.0005066122
FAM167A-AS1,0.006837006
KCNH7,0.108236745
NELL2,0.030417586
PRSS55,0.012692487
ODF4,0.0
FOXD4L4,0.0
CDCA2,0.005219735
RALYL,0.5839165
H2BC21,0.00616008
CLDN6,0.0064761294
OR51M1,0.0008458335
SEPTIN5,0.00022536972
LRRC26,0.0001297522
SERINC4,0.0
RNLS,0.2641615
KRTAP6-1,0.0
DDX53,0.0
PRSS40B,0.00016888781
DYNLT2,0.014499763
SATL1,0.022723855
OSBP2,0.24236016
B3GALT5-AS1,0.0035394547
TRARG1,0.0011929682
PRR23B,0.0
ZBTB7C,0.26862618
LINC00308,7.30799e-05
TMEM186,0.015322538
SDR42E1,0.019319005
SRY,0.0
ENSG00000184906,0.0
CLCNKB,0.30692106
DMRTC1B,0.001158297
NUTM2A,0.00046573835
LCN12,0.06037018
OR6A2,0.005549587
WT1,0.08184376
AQP12A,0.0
FAM227A,0.11794292
OR6C70,0.0
MUC6,0.021069286
CHRM5,0.026684625
SORCS2,0.12853287
TTTY13,0.0
IFNE,0.014240572
SLC22A10,0.034749385
RFX6,0.00051980076
ROBO2,0.24006583
NT5C1B,0.0
LRRC14B,0.0
MROH2A,0.010167893
SPDYE16,0.04692703
ANKS1B,0.45291632
SGCZ,0.024838174
EFCAB10,0.024185965
C5orf47,0.004422407
UFD1-AS1,0.0024608092
KRT76,0.0
MANEAL,0.007263709
MYADML2,0.0008913125
H2BC13,0.0
INPP5J,0.08100136
NPY2R,0.0
MIXL1,0.0
MFSD6L,0.0046320558
NOMO2,0.03569715
LINC00482,0.00735645
AQP12B,0.0
ZNF479,0.0009386457
LINC00313,0.0
PRSS57,0.0025428922
WASIR1,0.0
MC2R,0.00035421914
GP1BA,0.0042278445
MAGEA11,0.0006540873
PPIL6,0.11770328
ZNF74,0.014132301
CIMIP4,0.0005863098
CDNF,0.03349307
NOTUM,0.001297368
KLHL33,0.0025508017
RBM11,0.024397122
GALNT17,0.14453602
NUPR2,0.019861301
SPPL2C,0.0
SFTPA2,0.0
RGPD2,0.009588087
C12orf56,0.031402066
SCN10A,0.0022449913
TMEM105,0.0022414706
PRKN,1.4189752
HS6ST3,0.15268424
OR2V1,0.0
OR7A17,0.0006691851
MAPK11,0.040377375
LINC00158,0.004847201
IFNLR1,0.10158369
FAM47A,0.0
KPNA7,0.0067268144
KRT6B,0.0
ROR1,0.27108175
L3MBTL1,0.09822224
SV2B,0.01808371
FAM131C,0.012318589
SPATA45,0.0057732128
PDE6G,0.0037536218
DLK1,0.00010693134
LSAMP,0.16405073
SPATA8,0.0
DBX2,0.001439787
PDIA2,0.0002641326
SHC4,0.03223933
KRT79,0.00043577515
SMIM23,0.00021598469
PMEL,0.0138431005
SYN3,0.09697019
POU3F1,0.0
SNAI3,0.013065277
ZBTB3,0.014358919
LYG2,0.009091039
MORN5,0.0066375383
EP400P1,0.0
PRAME,0.003247132
TEX56P,0.009455663
TTTY8B,0.0
ZNF696,0.01425985
ADARB2,0.12790875
SRL,0.018922154
C11orf87,0.0
CLDN24,0.0
KCNQ5,0.05425838
KCNIP4,2.020883
SPATA31A6,0.0
NLRP9,0.0045590415
NAT8L,0.02971955
OR6C76,0.0
NPAP1,0.014675859
HDHD5-AS1,0.024736619
LINC01405,0.00028567004
CCDC190,0.0037819976
TMEM210,0.0
NPIPB4,0.24366294
TMPRSS11B,0.0001131803
ATP6V0C,0.0
PRSS38,0.0030564836
BPY2C,0.0
FFAR3,0.0
TAS2R60,0.0
POMK,0.03219419
KLHL34,0.00021075211
RTN4RL1,0.053111333
OR4C46,0.0
CALHM1,0.0
KRTAP5-5,0.0
NKAIN3,0.08600755
FAM186A,0.009741541
SHOX,0.0028798224
LCE3A,0.0
LCE3E,0.0
CCIN,0.0
GRK1,0.00087568944
DEFB128,0.0
SLITRK2,0.0058673704
PLK5,0.0037768984
LEMD1,0.05410238
ATP4B,0.0004350736
ZNF225-AS1,0.004308616
ZNF284,0.006882907
HTR3E,0.003862766
KRT73,0.0
TAL2,0.0023519604
MATN1-AS1,0.0060939435
ZPBP2,0.0
KRT5,0.0036535342
NBPF6,0.0
HTR3D,0.00042939562
OR4F5,0.0
AGBL4,0.8470313
ARGFX,0.0011881408
CYP2R1,0.070397474
LRRC70,0.0
OR5D14,0.0
CYP4F2,0.030794049
TEX38,0.002315183
OR5D18,0.0
TAS2R42,0.0
PRR30,0.0
DEFB131A,0.0
UBL4B,0.0
CYP4Z1,0.015630458
KIF18B,0.0033390569
BPIFB3,0.0
BPIFB4,0.0007660707
SAPCD2,0.0044348612
SLC51B,0.007345312
LCE5A,0.0
SOWAHB,0.0034993135
LCE1E,0.0
ZNF749,0.0076516294
KLHL32,0.13933855
BTLA,0.0043935343
ZNF17,0.0
KDM4D,0.015546664
GPAT2,0.0017928713
PABPC1L2A,0.0
GABRA5,0.0026583287
OR10T2,0.0
PRELID2,0.23138466
RGS9BP,0.00054203445
TMEM212,0.0021039518
SLC36A3,0.0012095763
SLC36A2,0.2071051
MINAR2,0.0016872413
SERTAD4BP,0.0
CYP4X1,0.024448916
KRT26,0.00029743602
GOLGA8R,0.0022059288
FCAR,0.0023968595
TRDN,0.008883011
OR6P1,0.0
KRT3,0.0
ZNF501,0.0063893045
SPATA12,0.009693927
TMPRSS12,0.007636607
FAM228A,0.0016768295
DEFB132,9.031857e-05
AKAP14,0.0023004753
PCLO,0.7156323
KLK12,0.0002621125
MYT1L,0.019081999
OR9Q1,0.028723478
CLCNKA,0.24274182
OR9Q2,0.00040051452
FAM86B1,0.014797598
CYP4F8,0.0019885274
CYP4F3,0.1251933
DEFB105A,0.0
FOXD2,0.008481344
CEACAM19,0.1375429
DEFB107A,0.0
DEFB106A,0.0
SPATC1,0.020634465
DEFB105B,0.0
HPDL,0.0
KTN1-AS1,0.032531697
FSD2,0.013498895
KIF24,0.030135376
CARMIL3,0.008594217
PRG2,0.0
MAGEE2,0.0
CYP27C1,0.013682439
CFAP73,0.013874472
CCDC73,0.047959886
OR10H1,0.00043784088
MPPED1,0.0008270296
FSCN2,0.0036888698
FOXI2,0.00015074709
ZNF732,0.006773313
SPATA31D3,0.0
FOXE3,0.00026035807
HYAL3,0.0021568078
KCNK18,0.0
IFNA10,0.0
VSIG10L,0.0074283057
CXCR3,9.186824e-05
CDRT15P3,0.0012268503
KRT16,0.0010459609
SELENOV,0.002724609
LCE1A,0.0
KRT14,0.0008212028
TRABD2A,0.016294548
KRTAP17-1,0.0
PDZD7,0.014154698
QRFPR,0.03975644
ERCC6L,0.008091831
OR13F1,0.0
OR5D3P,0.0
TMEM17,0.0073041394
FGF3,0.0
C1QL4,0.0012622388
RTN4RL2,0.0058682538
SERPINA11,0.00040627914
P2RY4,0.0
ZACN,0.0006205673
KRTAP22-1,0.0
KRTAP19-6,0.0
KRTAP6-2,0.0
OR13C8,0.0
TMEM232,0.5149547
LINC01551,0.0024068903
KRTAP19-2,0.0
KRTAP19-4,0.0
KRTAP15-1,0.0
KRTAP13-4,0.0
EFCAB6,0.38843217
KRTAP19-5,0.0
KRTAP23-1,0.0
ACTL7A,0.0
KRTAP21-1,0.0
RHD,0.04189328
LINC00207,0.0
ESPN,0.14837867
PNLIPRP1,0.0
KRTAP21-2,0.0
SAMD7,0.001962766
GPR141,0.0
TMPRSS6,0.003074033
CYP4A11,0.12858596
TMPRSS11A,0.004424721
TMEM262,0.0
OR2AK2,0.0
DEFB106B,0.0
CCK,0.0051721833
HEATR4,0.06657173
SLIT1,0.00827582
LYPD6,0.067585975
VSTM2B,0.0018727115
FOXD3,0.0
SPATA21,0.021027775
ANGPTL5,0.0022774516
H1-7,0.0
LCE4A,0.0
LCE2A,0.0
KRTAP12-1,0.0
LCE2C,0.0
ENSG00000187185,0.027907753
DAZ3,0.0
LCE2D,0.0
ENSG00000187229,0.00929137
LCE3B,0.0
KRT12,0.00015100598
MAGED4B,0.0
NPSR1,0.01945985
FAM9C,0.0003516405
KRTAP9-8,0.0
CIDEC,0.00040163833
DCC,0.18842627
PCDHB13,0.007860758
LUZP2,0.017378202
LHFPL3,0.31352112
H1-6,0.0
KCNJ11,0.002487258
CDHR4,0.00045476825
PLEKHG7,0.03134804
H2AP,0.0
ATP13A5,0.0034985484
PRR27,0.00017009668
IFT140,0.2103766
POTEG,0.0019954506
PRAMEF10,0.0
AGMO,0.14810315
SBK2,0.00012484074
CYP26C1,0.0005450971
NANOS3,0.0062526036
FOXD4L3,0.0
NHLRC1,0.001003187
DPPA3,0.00021418021
COX8C,0.0
PLEKHN1,0.029365974
ZNF385C,0.010472522
LINC02583,0.0010066325
OR5W2,0.0
MYMK,0.0010067945
RGPD1,0.006917604
SAMD11,0.038736075
C5orf52,0.00096088974
HAPLN4,0.0044616875
ERC2,0.29692045
B3GLCT,0.178467
ERAS,0.0039731255
AMTN,0.0
EZHIP,0.0
OR2T27,0.0
SLC18A3,0.0
KBTBD12,0.043422703
DNAJB13,0.014423329
AMY1C,0.0
NHEJ1,0.00065434113
FANCA,0.09285731
OR52B6,0.00052356924
C9orf153,0.047203206
SSX7,0.0
KRTAP10-8,0.0
LIN28B,0.0065137143
DIPK1C,0.0005560874
DNAH17,0.02674262
TMEM72,0.28757334
SPATA31F3,0.000535165
ZNF70,0.01590199
ZFP69B,0.005039335
TMEM202,0.0
ZFP69,0.017410815
HELT,0.0032820785
RTL4,0.00045137852
C2orf78,0.00074095617
PLSCR3,0.0019231916
P2RX2,0.0
ASCL4,0.0
OR6C75,0.0
CCDC157,0.05043549
TTC24,0.0
GFRAL,0.0072207707
FYB2,0.27801943
SHISA7,0.0
LRRC74B,0.0011982286
DMBT1,0.0014050483
CLEC17A,0.0012218736
OR51I2,0.0019191473
LCN10,0.0
LDLRAD2,0.0075912285
C2orf66,0.00021500495
OVCH1,0.016159495
ENSG00000187951,0.0
DNER,0.33635986
CPSF4L,0.021645434
KLHL17,0.02249535
ZCCHC13,0.0
FAM230D,0.0
PLA2G2C,0.0030576228
ZSCAN23,0.040071916
C17orf99,0.0043241857
OR7D2,0.0013516039
SNHG28,0.0
RTP5,0.0
S100A3,0.0
C19orf67,0.000113773975
ZNF490,0.120426685
CLCN1,0.0039757523
NRN1L,0.0013582371
NWD1,0.024907792
RNF133,0.0
TMEM221,0.00084327784
TREML4,0.0
WNT7B,0.0418135
SCGB1C1,0.0
PRSS45P,0.0
PLA2G4E,0.0013829176
GPR89B,0.16360115
FAM25A,0.0009794902
EYS,0.08341931
DAZ1,0.0
OR2AG2,0.0030018664
TMEM215,0.0
NUTM2G,0.008397927
KRTAP10-6,0.0
OTOG,0.0012795522
CIMIP2A,0.00062056957
TMPPE,0.0
HEPACAM2,0.018428959
SMTNL2,0.13368088
LINC00265,0.078002214
NUTM2B,0.0008734206
NCR3LG1,0.038920764
POTEE,0.0
ENSG00000188223,0.0007677028
ZNF793,0.11065706
AGAP4,0.23674941
SLC9A3-OT1,0.0
PLA2G2A,0.0
IL17REL,0.000802076
OR7A5,0.0
C15orf62,0.0006703779
FAM230G,0.0
RUFY4,0.0023923265
IGFL1,0.0
PEAK3,0.0012956996
LRRIQ4,0.004932379
ENO4,0.03493367
SBK1,0.012424511
OR6C6,0.0
BSPH1,0.0010976637
SLC38A3,0.0077349306
OR6N2,0.0
ENSG00000188365,0.0004974524
PRR19,0.0026525764
GPR15LG,0.0023331295
H3-5,0.00189056
IFNA2,0.0
JAKMIP3,0.0040781708
PPP3R2,0.0
PDCD1,0.0004389914
CLEC2A,0.0
GPR21,0.0
DYNLT4,0.0011712117
IGHV1OR15-9,0.0
MAGEB5,0.0
NANOS2,0.0
CERKL,0.060073074
SLC24A5,0.006350362
INSC,0.0037575753
SERPINA5,0.011394669
LCTL,0.0012902564
NCCRP1,0.0031826398
KRTDAP,0.0026929532
MIR3667HG,0.07141479
FAM83G,0.042107787
CFAP77,0.044158835
OR2G6,0.025989853
NDOR1,0.04952747
FBLL1,0.00038882683
NKAIN2,0.082901694
KRTAP1-1,8.162279e-05
PAQR9,0.0
CLEC20A,0.00397678
CFAP54,0.19529338
FAM72B,0.004881781
ASAH2,0.003349283
HMX3,0.0
IGFL3,0.0
GOLGA8M,0.039073948
ZNF177,0.0
RTL6,0.01982044
RNASE9,0.0
SAXO2,0.0643077
LINC00319,0.0
RHCE,0.0114759365
C2orf80,0.0016447094
IDO2,0.011617445
SLC4A5,0.0
OR56A5,0.0
CYP51A1-AS1,0.0075179744
KRTAP24-1,0.0
ZBED10P,0.0
QRFP,0.0
DUSP29,8.368376e-05
OSTN,0.0016205116
VWC2,0.016034018
FAM221A,0.0478922
FSIP2,0.045214105
NOXA1,0.117578596
TMEM198,0.007496568
BCL2L15,0.028420936
FZD9,0.0003824934
OPTC,0.0007104276
PLET1,0.011735724
ADRB3,0.0
SKOR1,0.004206338
CATSPER4,0.0011839034
PLA2G2E,0.0
TMCO2,0.0020922218
SHISA6,0.12452422
TMEM201,0.02448237
HMX2,0.0019282982
SNTN,0.004357403
ZDHHC11,0.06374993
CNR2,0.0075424067
LINC00910,0.01998457
SLX4,0.03304104
GLRA4,0.0005453433
ENTPD8,0.022260599
BEND4,0.0015326545
FAM78B,0.050851636
TMC3,0.002580295
KLRG2,0.029539932
ASTL,0.0024270948
ENSG00000188897,0.0586052
BSX,0.0010295983
GJB3,0.009509599
INSYN2A,0.088782504
TRMT2B,0.15936862
CFAP126,0.0062878854
NYX,0.00043805916
UTS2B,0.005282644
C9orf152,0.0065994253
MSANTD1,0.013153106
AADACL3,0.00010068443
SLC15A5,0.0027942343
LIPI,0.0029771216
LRRC66,0.021590132
HUS1B,0.0
SBSN,0.0
KIR2DL4,0.0
MAGEB16,0.0
VHLL,0.0
DUSP21,0.0
RNF222,0.00039019313
CGB5,0.0
FAM111B,0.0018841932
GAGE2A,0.0
VSTM1,0.0011623505
FAM25G,0.0010373192
PRSS48,0.010088545
IL1RAPL2,0.37401262
SP6,0.002787083
ANKRD34B,0.011213428
FAM47B,0.0
NKAPL,0.006989347
FSCB,0.0005872306
ABCA15P,0.0
ZNF527,0.02790723
ZAR1L,0.0023910294
KRTAP10-12,0.0
OR14I1,0.0
KRT77,0.0
DCAF8L2,0.003442657
LINC00994,0.0011855443
ENSG00000189229,0.03361932
NUGGC,0.04647579
LINC00943,0.00039690454
SPANXN3,0.0
TRIM64B,0.0
DRICH1,0.06541828
LINC01164,0.0
GJB5,0.00052592444
ALKAL2,0.012918178
FOXR2,0.0
ENSG00000189316,0.0011808546
BNIP5,0.0005613335
SPANXN4,0.0
TOGARAM2,0.018456377
SPATA31D4,0.0
KIAA0408,0.0
TBC1D28,0.0017974494
CXCL17,0.017609844
OTUD6A,0.000459306
SH2D5,0.0009471621
SPATA41,0.0014289288
ZFP92,0.003700791
RASSF10,0.014001841
GJB4,0.004047039
OR2L13,0.0
SYCP2,0.04998962
ZNF724,0.002364824
MYBPC1,0.0036717604
PAX5,0.0034138002
SPAG16-DT,0.003466971
OR5K4,0.0
OR6M1,0.0
SPOCK3,0.016155321
ZNF699,0.032860745
CFAP119,0.022516415
OR8A1,0.0014808255
VN1R2,0.0
MYT1,0.0056471755
SERPINA3,0.0
ZNF79,0.026140234
PLEKHG4,0.008968488
KRTAP4-3,0.0
LINC03042,0.002371304
COLCA1,0.026767248
KIF19,0.0010322832
OR6K2,0.0
ZNF681,0.018637175
OR10J1,0.0
CTSE,0.0019401835
SRGAP3,0.44889194
KRTAP5-3,0.0
SULT1C3,0.00031980412
OR2T2,0.008097163
OR2C3,0.0
LINC00615,0.0
OR10S1,0.0
SFTA2,0.040690426
OR10J3,0.0
LINC00523,0.0
GRM7,0.0514222
BECN2,0.0
ATP2A1,0.03178551
STK31,0.02509
CGB7,0.0
NLGN3,0.0051094084
OR8D1,0.0
ADH7,0.0001346044
ZKSCAN7,0.032841116
ZNF729,0.0009640446
CPNE4,0.13515483
ELAVL3,0.0008920938
C9orf163,0.0014441638
NUDT11,0.0004370003
SLC35F1,0.06155264
INCA1,0.004980449
ZNF774,0.022015883
SPANXD,0.0
THEM5,0.0007063302
NOXO1,0.0066843177
PRTN3,0.00021404166
NBPF4,0.0
CRYBA4,0.0015093617
ASMT,0.0075309514
NPIPB15,0.025416275
ZNF775,0.0042299265
RFX8,0.014940489
FGF16,0.00068271393
GK2,0.0
ESRRG,2.1221004
ARL9,0.004579404
OR2T3,0.0
SPTSSB,0.03318388
CCDC196,0.011593698
HBG2,0.0
ENSG00000196566,0.0015944565
PFN3,0.0
OR5AC2,0.0
AJAP1,0.14921696
MBD3L2B,0.0
SLC22A25,0.012517278
POTEF,0.00058511447
ZNF846,0.3178086
MMP1,0.018438175
UGT2B15,0.00034707066
LUADT1,0.00041621402
HRH1,0.5112261
ZNF502,0.02572354
SLC30A10,0.0082621565
FAM180B,0.00068224553
TRPV1,0.062431682
ALKAL1,0.0016079366
LCE1B,0.0
LINC01560,0.0067858435
H2AC13,0.0
CLPSL2,0.0021999087
S100A2,0.18562002
LINC02991,0.00023764292
POU3F4,0.005092354
OR14A16,0.0
OR52K1,0.0
H2AC11,0.00013014037
SPINK14,0.00045285525
SPRR2B,0.0
CHRNG,0.0016596417
ZSCAN16,0.008669731
ENSG00000196826,0.052831728
OR11G2,0.00043107482
POTEI,0.0028137227
PATE2,0.00021450616
KRT39,0.0
TOMM20L,0.007857269
RGPD4,0.010498132
H2AC7,0.0
SCN8A,0.066532336
LAMB3,0.17257315
H2BC26,0.0013325646
ENSG00000196893,0.00055501016
SPMIP10,0.00030059848
HCAR1,0.0021179805
TMEM26,0.02670097
OR2T4,0.0
ZNF705A,0.0
SCOC-AS1,0.036382012
SMIM10L2B,0.0057831802
GPRACR,0.0
FAM163B,0.0
NPIPB9,0.003035005
ZNF398,0.13960685
SIGLEC15,0.0011279801
KRT35,0.0
LCE1C,0.0
HRG-AS1,0.22100474
SLC6A17,0.015749037
IFNL3,0.0
ZGPAT,0.0023245849
ZNF679,0.00080297823
OR8B8,0.0
ADAM32,0.034953866
H3C12,0.00040388736
SULT1A2,0.025454711
MAGEA6,0.0
LINC02291,0.0004126695
ADGRA1,0.0022250337
PIWIL2,0.012933731
CYSRT1,0.0036347692
SLC22A4,0.09294741
ENSG00000197210,0.003578028
ZSCAN5B,0.0005545981
OR1J2,0.0
SLC2A7,0.0011790367
LINC00336,0.002336136
C6orf141,0.0061069876
IL27,0.0010543277
GUCA2A,0.0
RAD54B,0.01245998
ZNF165,0.04313569
HMGA2-AS1,0.059837323
OR10D3,0.0
TMEM132E-DT,0.0
ZNF833P,0.051338896
LYPD2,0.0
ZNF98,0.25063667
ZNF786,0.08011778
S100A7L2,0.0
ENSG00000197376,0.0
ZNF860,0.01661916
OR6N1,0.00078142935
DIO3,0.0
CYP2B6,0.039970648
H3C4,0.0
DCHS2,0.015261347
VEPH1,0.22496141
FABP12,0.0
SHPK,0.0002854333
OR51D1,0.0
OPALIN,0.0008613702
OR13G1,0.0
OGDHL,0.31823403
CYP2F1,0.0003477002
OR2L5,0.0
ENSG00000197462,0.0
GYPE,0.009592697
COL13A1,0.019837048
ZNF695,0.0
PCDHB11,0.0032895172
GALP,0.0010503489
ZNF665,0.03914289
LINC00477,0.0
SLC28A3,0.014468973
FAM177B,0.052923553
OR6Y1,0.0
CARINH,0.0
SSPOP,0.017356988
ELANE,0.000645603
COL4A6,0.1336258
ANKRD13C-DT,0.03590327
KCNMB2,0.0049727843
ENSG00000197585,0.13404936
DMBX1,0.0
OR11L1,0.0
ENPP1,0.08061732
ATP11AUN,0.012406153
CCDC154,0.024024777
MYH6,0.00084677234
SERPINB13,0.0047984724
ENSG00000197644,0.00016296869
ZNF433,0.044420905
CCER1,0.0007559917
DNAH10,0.015202731
SLC22A24,0.1033196
GRAPL-AS1,0.0
KRTAP26-1,0.0
KLHL14,0.093957014
OR6C74,0.0
CR1L,0.033288006
C14orf178,0.004890099
SCGB1D4,0.0
CFAP43,0.19811846
LHFPL5,0.011665478
HOXC6,0.0
TXNRD3,0.0556715
STPG3,0.00046618815
MAP1LC3C,0.00044316446
KLHDC1,0.22171004
ZNF81,0.16522305
OR5B17,0.0
OR52M1,0.0
IGKV7-3,0.0
ENSG00000197813,0.020943342
ENSG00000197815,0.0042547877
CCDC180,0.08628124
CFAP299,0.12946872
H4C16,0.007990551
CYP2A13,0.0006709364
OR8G1,0.0
INKA2,0.024738166
PRB3,0.0004847527
MDS2,0.0050022835
OR1S2,0.0
UGT2B17,0.00124753
MEIG1,0.0040008835
SLC22A12,0.08963522
NRAP,0.0011171652
SLC22A6,0.31008258
H2BC12,0.0
HRNR,0.0027180084
IFNA1,0.0
ZNF311,0.008039237
OR5H2,0.0
AADACL2,0.0
GOLGA6L9,0.038645487
ENSG00000197991,0.0
CLEC9A,0.004655191
KEL,0.006990012
DLGAP2,0.10810884
ENTPD7,0.06713637
SPANXA1,0.0
ZNF560,0.0026071884
TUBA3C,0.0006400017
ZNF667,0.06584912
AVPR1B,0.00069076417
DSCR8,0.0001492521
POTEH,0.0
NPIPB13,0.14561196
AKR1B10,0.0008214862
CYP2A7,0.00010782073
KRTAP9-9,0.0
NUP62CL,0.06507078
KRTAP4-6,0.0
TMPRSS11F,0.0016417551
OR2T6,0.0012789529
CHSY3,0.08459818
LPAR1,0.1890718
OR2L3,0.0002809934
DEFB107B,0.0
NPIPB6,0.008951599
FAM47C,0.0
CLEC4C,0.0020124495
ZNF607,0.0019956047
BPIFA1,0.0
ZNF334,0.10068708
SULT1C2,0.49837044
ZXDA,0.006854283
ENSG00000198211,0.0
CACNA1E,0.08213324
AFDN-DT,0.008912552
FKBP1C,0.0052031856
SLC29A3,0.028162822
KRTAP4-5,0.0
OR5B21,0.0
TMEM239,0.0
MYL4,0.002877076
HOXC4,0.078783415
DCAF12L2,5.9366288e-05
ENSG00000198358,0.0009225266
KRTAP13-1,0.0
TMEM207,0.03755928
NTRK1,0.008623722
KRTAP4-1,0.0
CCT8L2,0.0
LINC02692,0.0
FLVCR1-DT,0.015574952
RTP2,0.0
ANKRD35,0.0033767642
B3GNT6,0.00024749132
ENSG00000198491,0.0
ATL1,0.08806362
ARMH1,0.07407123
C2CD4A,0.015715472
C20orf203,0.0
KCNRG,0.0020830226
WDHD1,0.037322905
ZNF789,0.14826418
SLC34A3,0.027173607
RD3,0.00037823996
SPANXC,0.0
ARC,0.010992536
APRG1,0.0
ZNF536,0.013485077
MMP17,0.0034341177
OR2M2,0.0
ZNF534,0.012616055
FAM3D,0.008261501
LPA,0.029228315
ENSG00000198671,0.0003287999
TAFA2,0.23297262
OR10G6,0.0
OR5BS1P,0.0
MAGEA1,0.0
LINC01565,0.0005052514
ABCA4,0.11333958
EIF1AY,0.0
GPX6,0.0
SSBP3-AS1,0.00076422916
SAXO5,0.0013359827
PPP1R14C,0.31761467
SMOC1,0.088335566
LRRTM3,0.005819676
PLXNB3,0.0
OXCT2,0.0
COLGALT2,0.019047376
EPS8L3,0.0031581542
EGFL6,0.0037557324
SYCP1,0.006015392
APCDD1L,0.01770193
FAM169A,0.13938756
GRIN3A,0.009202006
MUC2,0.0
SCAMP5,0.10018699
ALPK2,0.30530947
BRINP2,0.0017245018
MAGEB3,0.0
PAX9,0.0006631186
LRRC10,0.0
GRM3,0.006369029
SUCNR1,0.057698514
RYR3,0.23763967
STYXL2,0.00074019335
TOX,0.51095104
KPLCE,0.0
STKLD1,0.009368591
ASB12,0.00084911403
PNMA5,0.00025831247
DCAF12L1,0.0027628096
PRC1,0.0019426274
L1CAM,0.043486487
POU3F3,0.17312223
RASGEF1A,0.014791872
ATG9A,0.0090190545
NOS1AP,0.67256594
CSAG1,0.0
ZFP2,0.032570448
SOWAHA,0.0070119062
MFAP3L,0.12690113
RORB,0.019666541
OR10R2,0.00040596013
OR10Z1,0.0
ENSG00000203258,0.0018893298
ENSG00000203266,0.0004959108
ENSG00000203279,0.053916626
KIAA1671-AS1,0.012041943
FAM78B-AS1,0.0003703757
CARNMT1-AS1,0.03191082
ENSG00000203325,0.028699277
ZNF525,0.061448064
ENSG00000203327,0.0
ENSG00000203334,0.0
ENSG00000203335,0.0006653884
LINC01562,0.011179581
POLH-AS1,0.002840763
ENSG00000203364,0.0022796309
ENSG00000203392,0.002921223
ENSG00000203395,0.00058264745
ENSG00000203402,0.0
ENSG00000203434,0.0071782065
SUGCT-AS1,0.0047451667
ENSG00000203469,0.0010320739
ENSG00000203472,0.0021185577
ENSG00000203496,0.0040069376
PDCD4-AS1,0.00078105845
ENSG00000203498,0.0
IQANK1,0.07611771
RBMS3-AS2,0.041259278
SCUBE1-AS1,0.0
ENSG00000203565,0.0
LINC02408,0.002046935
IGBP1-AS1,0.0006855037
ENSG00000203593,0.0
LINC00970,0.30317333
ENSG00000203605,0.0062214173
GP1BB,0.0
ENSG00000203620,0.0014659073
ENSG00000203635,0.0014752557
ENSG00000203643,0.0
LINC00501,0.019741688
LINC01285,0.024719859
OR2T5,0.0
OR2L2,0.0014277439
IBA57-DT,0.00093327224
LINC02487,0.00085959106
TCP10L3,0.000363002
LINC00862,0.058410924
RAET1G,0.00053090794
C1orf53,0.010697279
LINC00272,0.00076053606
TEDDM1,0.0
GJE1,0.0
ECT2L,0.017966298
GPR52,0.0
NTMT2,0.001965781
TMEM244,0.0048489175
OR6K3,0.0
FANK1,0.2881285
LORICRIN,0.0
PRR9,0.0
LELP1,0.0
SPRR2E,0.0
KPRP,0.0
FAM24A,0.0
DDO,0.011131116
LINC00222,0.0149233695
PLPP4,0.10122824
BVES-AS1,0.0032824734
LIN28B-AS1,0.0055216607
H3C14,0.0
H2AC18,0.00013140262
PNLIPRP3,0.0021629287
H3C15,0.0
HSD3B1,0.00022902148
HSD3B2,0.0024152896
LINC02868,0.000121120436
RBM20,0.13341089
SMIM9,0.001603477
C6orf163,0.0
RIPPLY2,0.0
LIME1,0.0
SPATA42,0.0
ENSG00000203900,0.0016580275
OOEP,0.40338123
KHDC3L,0.0
DPPA5,0.0
C1orf146,0.0024561197
SPANXN1,0.0
SPANXA2,0.0
LINC00632,0.0032011075
CXorf66,0.0
C10orf62,0.0
SAMD13,0.020353785
CCDC160,0.027900448
C1orf141,0.0057892324
DEFB110,0.0
ENSG00000203971,0.0
GLYATL3,0.0023296415
LDLRAD1,0.0008237943
ENSG00000203987,0.00042293975
RHOXF2B,0.0
ZYG11A,0.09913473
LINC01270,0.0012410007
LCN8,0.0010206514
ENSG00000204003,0.0
C1orf185,0.0036711034
GLT6D1,0.0010042535
IFIT1B,0.0009330482
COL5A1-AS1,0.00018931003
CT83,0.0
LIPN,0.0
LIPK,0.0012772793
LIPJ,0.0014982261
TRPC5OS,0.0009079166
LRIT2,0.0
SLC12A5-AS1,0.00033507188
LRRC73,0.008852424
IER5L-AS1,0.007675704
FOXO6,0.006781783
TCEAL5,0.0
TCEAL6,0.0
RPA4,0.0
TDRG1,0.0
NEU4,0.00818044
LINC02520,0.0028968726
ENSG00000204117,0.0018113985
NAP1L6P,0.0
C2orf72,0.0055107907
CLPSL1,0.0039449628
ASAH2B,0.05087275
LINC00474,0.00073560985
AGAP6,0.2053175
CXorf65,0.0
NPY4R,0.0
GPRIN2,0.009134184
GDF5-AS1,0.0
TXNDC8,0.0022185242
AWAT1,0.00080808834
LINC02731,0.001580758
OR13C3,0.0
COL11A2,0.005183368
LINC00587,0.0025491398
TMEM235,0.00026693038
PAGE3,0.0
LINC01973,0.0
BTNL2,0.00021689368
TSBP1,0.0066051087
TMEM225,0.0
PJVK,0.05929493
MRPL38,0.008093905
SMIM5,0.09367161
ERICH2,0.005021512
SP5,0.00039557743
CD300LD,0.0
BTBD17,0.00050059124
FAM120A2P,0.0020765534
NXPE2,0.005160961
LINC02783,0.0025384547
SPANXN5,0.0
ZBTB12,0.00018965018
XAGE1A,0.0
PKP4-AS1,0.020254275
XAGE1B,0.0
HSPA1L,0.0070904684
NOL4L-DT,0.0017267464
VWA7,0.016780304
MSH5,0.0005968736
CSHL1,0.0
MPIG6B,0.00198656
ENSG00000204422,0.0015111632
LY6G6F,0.0
APOM,0.016751956
LINC02872,0.0019953176
TRIM49C,0.0
TRIM64,0.0
LINC01854,0.0
TMEM51-AS2,0.04052344
PRAMEF20,0.0
PRAMEF17,0.0
PRAMEF19,0.0
PRAMEF14,0.0
PRAMEF15,0.0
PRAMEF9,0.0
PRAMEF7,0.0
MCCD1,0.005820602
MICB,0.0049796887
AADACL4,0.0021754834
POU5F1,0.189817
ZSCAN5C,0.0
PSORS1C2,0.0
CDSN,0.004790435
C6orf15,0.0
MUC21,0.00031395117
DEFB121,0.0
KRTAP5-11,0.001186068
KRTAP5-10,0.0028144724
ACOXL-AS1,0.0
LRCOL1,0.0018663119
ENSG00000204584,0.0082986625
LINC01123,0.013700243
DPRX,0.00013405313
LINC01257,0.00055083755
TRIM15,0.0152178425
ZNF616,0.028428786
FOXB2,0.0
TRIM10,0.0057542897
TRIM40,0.00149778
TRIM31,0.013010803
RNF39,0.003269848
ENSG00000204620,0.0028798955
POLR1HASP,0.0
DISP3,0.00082697155
HCG9,0.00242754
HLA-G,0.0007264615
NMS,0.00044092236
ZFP57,0.00091970456
ASPDH,0.01909617
MOG,0.0008992325
OR2H2,0.00079089
CBY3,0.002032085
SPATA31J1,0.0
C9orf57,0.0011036156
IGKV1OR2-3,0.0
IL31,0.0
FAM153CP,0.009875385
MIR1915HG,0.012758876
ENSG00000204684,0.00055092946
MAS1L,0.0
OR2H1,0.0
OR11A1,0.00084368506
OR14J1,0.00070346415
OR2J2,0.0
OR2J3,0.0
OR2J1,0.0
OR2B3,0.0
OR2W1,0.0
MAMDC2-AS1,0.1649619
LINC01556,0.0
SPDYC,0.0
CFAP95,0.016300477
MALRD1,0.17745149
LINC01951,0.0009514501
RPL26L1-AS1,0.0043119635
INSYN2B,0.016640715
IGKV1OR-3,0.0
FOXD4L5,0.0
IGKV1OR9-1,0.0
SMPD5,0.0
LINC01291,0.001952736
FAM88C,0.005357011
ENSG00000204814,0.0067845713
ODAD4,0.08120758
ST8SIA6-AS1,0.0035072742
SPATA31A1,0.0
ENSG00000204850,0.0009971928
FAM216A,0.019270394
FAM201A,0.00693598
IGFL2,0.0
IGFL4,0.0018562733
KRTAP9-3,0.0
ENSG00000204876,0.012309886
KRTAP4-8,0.0
KRTAP1-4,0.0
KRT40,0.00044607458
KRT25,0.0
LINC01545,0.014421051
SPINK9,0.016531495
LRRC3C,0.0
PRR20B,0.0
PRR20A,0.0
GRXCR2,0.004518532
LINC02934,0.0
FAM221B,0.003346747
ATP6V0E2-AS1,0.016152885
CD177,0.0004539216
PSG5,0.0038035535
ZNF425,0.047776513
FAM83A-AS1,0.0
LRRC10B,0.007645289
FBXO47,0.0062373923
PCDHGA1,0.0025761041
BLACE,0.008377731
PCDHA9,0.0
PCDHA8,0.0
PCDHA7,0.0
PCDHA5,0.0
PCDHA4,0.0
PCDHA2,0.0
PCDHA1,6.681999e-05
ENSG00000204971,0.006394554
ERICH4,0.0071131736
MS4A13,0.013642753
PRSS1,0.0
ENSG00000204990,0.0003274884
LINC02138,0.000111971975
ENSG00000205018,0.0034906568
PABPN1L,0.0
OR5D16,0.0
OR5L2,0.0
ENSG00000205037,0.0
PKHD1L1,0.009469882
LINC02397,0.0013868854
CLLU1-AS1,0.0
LGALS7,0.00058533304
GARIN1A,0.05664228
LINC02898,0.00014911579
TMEM240,0.0027242475
FRG2,0.0
LINC02716,0.00010462187
SPATA31F1,0.0
CDKL4,0.020110646
TMEM88B,0.0
ACCSL,0.0018777091
CFAP96,0.11146111
ARID3C,0.0
LINC02903,0.0
C11orf91,0.0
LINC00654,0.001920277
FABP9,0.00030618883
C4orf46,0.0064221974
SCGB2B2,0.25546607
CCDC144NL,0.016373886
VIT,0.003687746
TTLL10-AS1,0.0006133764
ENSG00000205236,0.07459479
SPDYE2,0.07944831
TRBV20OR9-2,0.0
CTXN3,0.007877431
LINC01602,0.0
ENSG00000205300,0.0
MGAT4D,0.001917945
ENSG00000205325,0.00032123705
OR6C68,0.0
OR6C65,0.0
OR6C3,0.0
OR6C1,0.0
LINC01460,0.0058078845
SLCO6A1,0.007300402
OR52E6,0.0
ENSG00000205414,0.00015114197
KRT6A,0.0
PCBP3-AS1,0.0
KRT81,0.00026984717
EXOC3L4,0.05677202
KRTAP12-3,0.0
IZUMO3,0.0
KU-MEL-3,0.0
KRTAP10-2,0.0
ENSG00000205452,0.0
TP53TG3C,0.0
CALML3-AS1,0.0020136586
OR52J3,0.0
OR51A2,0.0
OR51A4,0.0
ENSG00000205537,0.003427514
LINC03041,0.009041093
CHKB-DT,0.005613486
CPT1B,0.012220864
FLRT2-AS1,0.0005616165
SMN2,0.028637104
SERF1B,0.0061257975
MUC19,0.009868664
EIF3CL,0.004692597
LINC01597,0.0051294463
ETS2-AS1,0.027576687
LINC01446,0.039174955
LINC01310,0.0002908839
LINC00898,0.0
LINC00583,0.0
MFSD2B,0.010830736
VCX3B,0.0002899593
HTN3,0.0
ENSG00000205653,0.0
ARSH,0.0034087072
ACOT6,0.014237004
SMIM11,0.00048621296
TECRL,0.003867605
ENSG00000205682,0.0026356992
DPF3,0.166704
MANSC4,0.0038264864
ADARB2-AS1,0.0035286245
C17orf107,0.002464029
MBD3L4,0.0
ENSG00000205745,0.0
SLCO1B7,0.0
CRLF2,0.005153256
GAGE1,0.0
ARRDC5,0.0075506736
LINC01531,0.00073077995
DPP9-AS1,0.0045370427
CYS1,0.4173603
PLPP6,0.0072263703
KLRC2,0.0016797638
KLRC3,0.0
ENSG00000205830,0.00031439183
C16orf96,0.010782554
GMNC,0.002429434
LINC00487,0.00026693667
TTC23L,0.044850703
CLEC6A,0.00040883524
RFPL3S,0.004984811
C22orf42,0.0
NANOGNB,0.0006542314
LRRC72,0.0013393499
PCOTH,0.0
C1QTNF9B,0.00024636317
KRTAP5-6,0.0
FAM99B,0.0
FAM99A,0.0
KRTAP5-2,0.0
KRTAP5-1,0.0
DEFB134,0.0
DEFB135,0.0
DEFB136,0.0
C1RL-AS1,0.042239547
ENSG00000205890,0.00856682
BHLHA9,0.0
SRRM2-AS1,0.021732373
DAZ4,0.0
ONECUT3,0.001086086
CEMP1,0.0
OLIG2,0.0
EPCIP,0.053539924
DAZ2,0.0003952402
ENSG00000205959,0.015209277
LNCRI,0.0
IFITM5,0.0
SMIM21,0.00049833936
ENSG00000206028,0.0022314272
C18orf63,0.009467278
DEFA1,0.0
ENSG00000206062,0.0
LHFPL7,0.0070426473
SERPINB11,0.028285349
SERPINB4,0.030873336
SERPINB5,0.025589362
ZDHHC11B,0.085160084
KRTAP19-8,0.0
KRTAP20-3,0.0
KRTAP20-4,0.0
KRTAP22-2,0.0
KRTAP27-1,0.0
CFAP99,0.01316064
GOLGA8O,0.000981891
FAM230H,0.002876245
RNASE13,0.0
HBM,0.001106399
ELOA2,0.00043668615
LINC02346,0.0048075668
ANKUB1,0.13577376
TSSK2,0.0
ENSG00000206249,0.0013470973
PRR23A,0.0
FOXL2NB,0.0
COL6A6,0.01264719
LRRC30,0.0
TMEM200C,0.0073606535
OR10C1,0.0
CFAP44,0.27552617
CD200R1L,0.0006799034
LNP1,0.024378065
OR5K3,0.0
ENSG00000206549,0.0
KRBOX1-AS1,0.0
TRIM71,0.03788074
ZCWPW2,7.069501e-05
COLQ,0.0898706
ENSG00000206567,0.00017886148
XKR4,0.3339252
MIR219A2HG,0.0
DIO2,0.03433908
DIO1,0.06502279
IGKJ5,0.0
IGKJ4,0.0
IGKJ3,0.0
IGKJ2,0.0
IGKJ1,0.0
IGKV4-1,0.0
IGKV5-2,0.0
IGKV6-21,0.0
IGKV2D-26,0.0
IGKV3D-20,0.0
IGKV6D-41,0.0
IGKV3D-11,0.0
IGKV1D-42,0.0
IGLV4-69,0.0
IGLV8-61,0.0
IGLV4-60,0.0
IGLV6-57,0.0
IGLV11-55,0.0
IGLV10-54,0.009474033
IGLV5-52,0.00035993493
IGLV1-51,0.00029449514
IGLV1-50,0.0
IGLV5-48,0.0
IGLV1-47,0.0
IGLV7-46,0.0
IGLV5-45,0.0
IGLV1-44,0.0
IGLV7-43,0.0
IGLV1-40,0.0
IGLV5-37,0.0
IGLV1-36,0.0
IGLV2-33,0.0
IGLV3-32,0.0
IGLV3-27,0.0
IGLV3-25,0.0
IGLV2-23,0.0
IGLV3-22,0.0
IGLV3-21,0.0
IGLV3-19,0.0
IGLV2-18,0.0
IGLV3-16,0.0
IGLV2-14,0.0
IGLV3-12,0.0
IGLV2-11,0.0
IGLV3-10,0.0
IGLV3-9,0.0
IGLV4-3,0.0
IGLV3-1,0.0
IGLJ1,0.0
IGLC1,0.0
IGLJ2,0.0
IGLC2,0.01930506
IGLJ3,0.0
IGLC3,0.0
IGLJ4,0.0
IGLJ5,0.0
IGLJ6,0.0
IGLJ7,0.0
IGLC7,0.0
TRGJ2,0.0
TRGJP2,0.0
TRGC1,0.003748665
TRGJ1,0.0
TRGJP,0.0
TRGJP1,0.0
TRGV11,0.0
TRGV10,0.0004555958
TRGV9,0.0
TRGV8,0.0
TRGV5,0.0
TRGV4,0.0
TRGV3,0.0
TRGV1,0.0
TRBV6-1,0.0
TRBV7-1,0.0
TRBV4-1,0.0
TRBV6-4,0.0
TRBV7-3,0.0
TRBV5-3,0.0
TRBV9,0.0
TRBV10-1,0.0
TRBV11-1,0.0
TRBV6-5,0.0
TRBV6-6,0.0
TRBV5-5,0.0
TRBV7-6,0.0
TRBV5-6,0.0
TRBV5-7,0.0
TRBV5-1,0.0
TRBV12-2,0.0
TRBV4-2,0.0
TRBV19,0.0
TRBV20-1,0.0
TRBV23-1,0.0
TRBV24-1,0.0
TRBV27,0.0
TRBV28,0.0
TRBJ2-1,0.0
TRBJ2-2,0.0
TRBJ2-2P,0.0
TRBJ2-3,0.0
TRBJ2-4,0.0
TRBJ2-5,0.0
TRBJ2-6,0.0
TRBJ2-7,0.0
TRAV2,0.0
TRAV3,0.0
TRAV4,0.0
TRAV5,0.0
TRAV6,0.00046428962
TRAV7,0.0
TRAV8-1,0.0
TRAV9-1,0.0
TRAV10,0.0
TRAV12-1,0.0
TRAV8-2,0.0
TRAV8-3,0.0
TRAV13-1,0.0
TRAV12-2,0.0
TRAV8-4,0.0
TRAV13-2,0.0
TRAV14DV4,0.0
TRAV9-2,0.0
TRAV12-3,0.0
TRAV8-6,0.0
TRAV16,0.0
TRAV17,0.0
TRAV18,0.0
TRAV19,0.0
TRAV20,0.0
TRAV21,0.0
TRAV22,0.0
TRAV23DV6,0.0
TRDV1,0.0
TRAV24,0.0
TRAV25,0.0
TRAV26-1,0.0
TRAV8-7,0.0
TRAV27,0.0
TRAV29DV5,0.0
TRAV26-2,0.0
TRAV34,0.0
TRAV35,0.0
TRAV36DV7,0.0
TRAV38-1,0.0
TRAV38-2DV8,0.0
TRAV39,0.0
TRAV40,0.0
TRAV41,0.0
TRDV2,0.0
TRDJ1,0.0
TRDJ4,0.0
TRDJ2,0.0
TRDJ3,0.0
TRAJ61,0.0
TRAJ59,0.0
TRAJ58,0.0
TRAJ57,0.0
TRAJ56,0.0
TRAJ54,0.0
TRAJ53,0.0
TRAJ52,0.0
TRAJ50,0.0
TRAJ49,0.0
TRAJ48,0.0
TRAJ47,0.0
TRAJ46,0.0
TRAJ45,0.0
TRAJ44,0.0
TRAJ43,0.0
TRAJ42,0.0
TRAJ41,0.0
TRAJ40,0.0
TRAJ39,0.0
TRAJ38,0.0
TRAJ35,0.0
TRAJ34,0.0
TRAJ33,0.0
TRAJ32,0.0
TRAJ31,0.0
TRAJ30,0.0
TRAJ29,0.0
TRAJ28,0.0
TRAJ27,0.0
TRAJ26,0.0
TRAJ25,0.0
TRAJ24,0.0
TRAJ23,0.0
TRAJ22,0.0
TRAJ21,0.0
TRAJ20,0.0
TRAJ19,0.0
TRAJ18,0.0
TRAJ17,0.0
TRAJ16,0.0
TRAJ14,0.0
TRAJ13,0.0
TRAJ12,0.0
TRAJ11,0.0
TRAJ10,0.0
TRAJ9,0.0
TRAJ8,0.0
TRAJ7,0.0
TRAJ6,0.0
TRAJ5,0.0
TRAJ4,0.0
TRAJ3,0.0
TRAJ2,0.0
TRAJ1,0.0
IGHA2,0.0
IGHE,0.0
IGHG4,0.0059213853
IGHG2,0.000106056854
IGHA1,0.0053178
IGHG1,0.005388923
IGHG3,0.007239026
IGHJ6,0.0
IGHJ2,0.0
IGHJ1,0.0
IGHD1-26,0.0
IGHD5-24,0.0
IGHD3-22,0.0
IGHD2-21,0.0
IGHD6-19,0.0
IGHD5-18,0.0
IGHD3-16,0.0
IGHD2-15,0.0
IGHD6-13,0.0
IGHD5-12,0.0
IGHD3-10,0.0
IGHD3-9,0.0
IGHD2-8,0.0
IGHD5-5,0.0
IGHD3-3,0.0
IGHD2-2,0.0
IGHV6-1,0.0
IGHV1-2,0.0
IGHV1-3,0.0
IGHV2-5,0.0
IGHV3-7,0.0
IGHV3-11,0.0
IGHV3-13,0.0
IGHV3-15,0.0
IGHV3-16,0.0
IGHV1-18,0.0
IGHV3-20,0.0
IGHV3-21,0.0
IGHV3-23,0.0
IGHV1-24,0.0
IGHV2-26,0.0
IGHV4-28,0.0
IGHV3-33,0.0
IGHV4-34,0.0
IGHV3-35,0.0
IGHV3-38,0.0
IGHV4-39,0.0
IGHV1-45,0.0
IGHV1-46,0.0
IGHV3-48,0.0
IGHV3-49,0.0
IGHV5-51,0.0
IGHV3-53,0.0
IGHV1-58,0.0
IGHV4-61,0.0
IGHV3-66,0.0
IGHV1-69,0.0
IGHV2-70D,0.0
IGHV3-73,0.0
IGHV5-78,0.0
IGHV7-81,0.0
TSSK1B,0.0
PRR22,0.028638294
TAS2R19,0.0
TAS2R50,0.0
TAS2R13,0.0
ZRSR2P1,0.0
KRTAP16-1,0.0
KRTAP29-1,0.0
KRTAP9-6,0.0
ENSG00000212663,0.0010496654
CTAGE1,0.025602601
KRTAP4-11,0.0
KRTAP4-9,0.0
KRTAP2-3,0.0014795152
KRTAP2-1,0.0
LINC02656,0.018142812
EWSAT1,0.001718294
OR2A42,0.00077055366
TTTY2,0.0
TTTY2B,0.0
KRTAP3-3,0.0
KRTAP3-2,0.0
KRTAP3-1,0.0
MAP10,0.013703186
ENSG00000212930,0.0
KRTAP12-4,0.0
KRTAP10-3,0.0
KRTAP6-3,0.0
ENSG00000212939,0.00052278704
POU5F1B,0.0028394603
KLK9,0.0
SYT3,0.0020334087
CGB8,0.0
C1orf220,0.0037870575
ENSG00000213062,0.0017059167
CFAP45,0.021626964
ENSG00000213121,0.0033105393
CRYGS,0.033616345
LINGO4,0.0021002344
TRIM59,0.004465134
ASIC3,0.0079258615
ENSG00000213204,0.0011279682
ARHGEF35,0.012569544
OR2F1,0.0023327752
CSH2,0.0
DNLZ,0.003528773
TCL1B,0.0046794447
TSGA13,0.0009050245
ENSG00000213279,0.0
ZNF625-ZNF20,0.0013088441
GSTM2,0.014600454
LINC00671,0.25070676
MAGEA12,0.0
PTPRCAP,0.0
PVRIG,0.0
KRTAP4-12,0.0
KRTAP2-4,0.0
GPC2,0.002806871
FIRRE,0.018734446
TTLL13,0.0
GBP7,0.0028987792
CPLX3,0.0
ZBTB9,0.00059521524
ADAT3,0.0
SULT1A4,0.0027437883
TREX1,0.0
FAM209B,0.0027695931
ZNF337-AS1,0.12981148
UGT2B11,0.001898175
ATP6V1G2,0.0026720269
GTF2H4,0.00023979686
DDX47,0.0019931996
ZNF888,0.0
KLRK1,0.0
CEACAM18,0.0
CEACAM16,0.00045826874
SLC23A3,0.0
LTB4R2,0.0005118003
LEUTX,5.7176625e-05
CCL27,0.0003123453
HBE1,0.0
HBG1,0.0
CLDN9,0.002678039
ZNF726,0.023804246
ZNF99,0.040050983
ENSG00000213981,0.018947473
PFKFB3-AS1,0.0023925197
TM6SF2,0.005903731
MEF2B,0.0
LINC02418,0.0
IFNA7,0.0
LINC02347,0.00078569073
UCA1,0.0017008266
FBXO16,0.1140552
SMCO1,0.0035925258
WEE2,0.0018159957
MAGEB1,0.000390442
TMEM213,0.29474005
LINC00887,0.007284684
LINC02026,0.009879961
GCC2-AS1,0.08173833
IQCJ,0.0
MINDY4B,0.00064606045
ENSG00000214248,0.0066903215
ENSG00000214265,0.59730923
SCART1,0.087592185
NPS,0.0
POU2AF3,0.015446032
SPDYE3,0.103868544
MBLAC1,0.004198106
PRR23E,0.0
FOXI3,0.0
MTCL3,0.0
ENSG00000214347,0.0
VAC14-AS1,0.0038176165
EFCAB9,0.0007527342
VSTM5,0.012146606
LINC00488,0.0045529865
LCNL1,0.006811363
RDUR,0.006878968
TRIM77,0.0
GNAT3,0.0017916543
VPS33B-DT,0.0013648528
AS3MT,0.0
FAM187A,0.0
SEC14L6,0.06450191
SPINK13,0.020130092
HIGD1C,0.008490761
NOTO,0.0006112386
KRTAP2-2,0.0
ZNF705EP,0.0015879103
ENSG00000214546,0.0003320858
ENSG00000214559,0.0071584405
NUTM2D,0.0005282832
CPEB1,0.031514876
EML6,0.20425302
ENSG00000214614,0.0
DEFB113,0.0
DEFB133,0.0
ENSG00000214650,0.0045008147
ZNF727,0.079291865
B3GALT9,0.0038375428
IQCF5,0.0
IQCF6,0.0
C10orf105,0.00020556926
LINC01913,0.0004939347
ARHGEF33,0.017547788
C12orf71,0.0
ENSG00000214708,0.0010522756
CAPN14,0.0036515815
CDIPTOSP,0.0
TOMM6,0.0
GUCY2C-AS1,0.057914317
MS4A18,0.0002707291
MS4A4E,0.014549118
ENSG00000214797,0.0
ENSG00000214803,0.009557319
FER1L6,0.04619315
CDRT15L2,0.0
RAD51AP2,0.003004467
EVPLL,0.006631365
DCDC2C,0.0056095007
LINC02981,0.2241187
SMTNL1,0.001543148
NPAP1P9,0.004367471
TRIM64C,0.0
LINC00243,0.011500183
PNMA6E,0.0
LINC01588,0.051558763
ENSG00000214915,0.0
SPATA31D1,0.0
NPIPA8,0.020337518
ENSG00000214942,0.0
GPR33,0.0008832335
TBC1D26,0.00012828465
CRPPA,0.3519566
NPIPA7,0.011149268
GSG1L2,0.0022984801
ENSG00000214999,0.0001845681
ACSM4,0.0030704688
COL28A1,0.18330912
ENSG00000215022,0.000600142
ENSG00000215023,0.0
TCP11X2,0.0
NEURL4,0.007564344
GRID2IP,0.027269693
ANXA2R-AS1,0.01063863
FAM74A1,0.0
CXorf49B,0.0
CXorf49,0.0
LINC00588,0.0
C16orf90,0.0
PRSS41,0.0002385685
LINC00269,0.0
NLRP2B,9.661452e-05
IGLV8OR8-1,0.0
MUC5AC,9.201908e-05
MSMP,0.001799138
GOLGA6B,0.0
CIMIP2B,0.0017278144
LINC00680,0.0
BASP1-AS1,0.005926251
GRXCR1,0.002625423
TRBV24OR9-2,0.0
UBE2QL1,0.01943505
LINC01020,0.10107828
LINC02449,0.00926926
LINC02649,0.15772112
LINC02982,0.0026630731
KCNU1,0.0011412007
GAGE12G,0.0
GAGE10,0.0043011536
RNF212B,0.14276078
ZNF705D,0.0
ZNF705B,0.0002904396
ZNF705G,0.00057921454
FAM66B,0.023469409
MYL5,0.02547103
SCRT2,0.0
LL22NC01-81G9.3,0.0
KRTAP10-4,0.0012574452
KRTAP10-1,0.0
AATBC,0.0018650874
SKOR2,0.0012397656
SIAH3,0.01156015
LINC00598,0.096348576
EFCAB8,0.009903146
DEFB116,0.0
DEFB115,0.0
TTTY5,0.0
GAB4,0.0037493787
C20orf202,0.0
HMX1,0.0
GCGR,0.099804364
ENSG00000215692,0.00016789294
RSC1A1,0.0
CELA2B,0.0057553626
FAM72D,0.0041666
LINC01139,0.01034075
ZC3H11B,0.07414272
ENSG00000215841,0.0
RPTN,0.0
PDZK1P1,0.0
LINC01356,0.003945508
LINC02337,0.0
LACTBL1,0.000735597
TTC34,0.013656853
ATAD3C,0.043901745
IGSF23,0.008652093
GAGE12E,0.0
LY86-AS1,0.1201662
FAM240C,0.00026318638
SP9,0.0
SYCE3,0.006034926
ENSG00000217455,0.0029546774
ENSG00000217702,0.0029089465
ENSG00000217825,0.0
PAM16,0.03304548
RBM38-AS1,0.0035810294
KIRREL3-AS3,0.0
TENM3,0.24461168
LINC01644,0.007005395
LINC00339,0.0
LINC03010,0.0
TDRD15,0.001883567
PAPOLB,0.0
FAM138C,0.0
CELA3B,0.0026102797
ENSG00000219159,0.0004806884
ENSG00000219410,0.0
CATSPERZ,0.0005105279
TAFA5,0.04250724
ENSG00000219445,0.00054395065
OR7E104P,0.0
LINGO3,0.0
LINC02076,0.0020896066
ENSG00000220256,0.005737974
HTR5A-AS1,0.0
ENSG00000220702,0.0
LL22NC03-63E9.3,0.0
LINC02531,0.0
IGBP1-AS2,0.000100349156
RNU6ATAC35P,0.00019735178
OR6B1,0.00013647652
EBF2,0.021277048
GAS8-AS1,0.0
PSG3,0.0007275998
FANCG,0.0090576215
OR2A5,0.0020912718
KRTAP10-9,0.0
OR4A5,0.0
SPATA31H1,0.00250984
LINC02902,0.0004974111
KRTAP1-5,0.0
TAS2R41,0.0
OR2A12,0.0010504347
KRTAP10-10,0.0
KRTAP12-2,0.0
PLXNA4,0.07009429
MAGEA3,0.0
PSG7,0.00016374119
KRTAP1-3,0.0
OR3A2,0.03707298
HMSD,0.00033792213
OR1C1,0.0
POM121L12,0.0
OR2F2,0.0
C19orf73,0.0022015502
ZNF880,0.03627939
OR6X1,0.0
HEPN1,5.927495e-05
TAS2R40,0.0
OR2A14,0.0017108436
TIGD1,0.023397272
FXYD7,0.0010965163
XKR9,0.06439512
LINC01465,0.0034830712
LINC02897,0.00071259786
OR4C12,0.0
TMEM14EP,0.0
OR2A1,7.72523e-05
OR4E2,0.0019609474
MYBPHL,0.0036949506
OR2A2,0.0
ZNF630,0.089925475
OR52B4,0.0
ENSG00000222000,0.0004597618
LINC02860,0.00018985088
LINC01118,0.0
ENSG00000222007,0.0007285613
ENSG00000222012,0.0004149958
RAB6C,0.0018743683
ENSG00000222017,0.046333034
C21orf140,0.0
HDAC4-AS1,0.011794811
PSMB11,0.0
ENSG00000222031,0.00043304331
ENSG00000222032,0.00044025216
LINC01124,0.00033911024
KIAA2012-AS1,0.0
POTEM,0.0003027892
IGLC6,0.0
POTEJ,0.0004335221
ENSG00000222042,0.0046004686
ENSG00000222044,0.00031803676
DCDC2B,0.02439439
C10orf55,0.0027592443
ENSG00000223342,0.0012526602
ENSG00000223343,0.004485375
ENSG00000223344,0.0
IGLV9-49,0.0
ZNF385D-AS2,0.00029357785
ENSG00000223356,0.0
EHHADH-AS1,0.0005802224
ENSG00000223360,0.00027633255
ENSG00000223373,0.00082158466
ENSG00000223374,0.0
LINC02661,0.0021939382
LINC01778,0.00056443
LINC02068,0.085910045
ENSG00000223390,0.009574011
CLDN10-AS1,0.25630692
ENSG00000223393,0.0009289923
TRBV29OR9-2,0.0
RPS10P7,0.0
ENSG00000223400,0.00025060374
MEG9,0.0038480537
LINC00397,0.0
ENSG00000223410,0.0
TRIM49D1,0.0
ENSG00000223430,0.0
ENSG00000223432,0.0
ENSG00000223436,0.0011721932
ENSG00000223438,0.0
ENSG00000223440,0.00075175066
TH2LCRR,0.015969377
USP17L2,0.0
ENSG00000223446,0.0
ENSG00000223461,0.0010444327
ENSG00000223462,0.016530829
LINC01825,0.0
LINC02629,0.0004228241
VOPP1-DT,0.0016071143
ZDHHC12-DT,0.004732064
LINC02238,0.0010444797
LINC01615,0.0
LINC03053,0.0
FRMPD4-AS1,0.0
ENSG00000223492,0.0061789905
ENSG00000223502,0.00065377983
CDRT15,0.0
LINC02968,0.008026136
ENSG00000223517,0.0
ENSG00000223522,0.00024434383
ENSG00000223528,0.018796246
ENSG00000223530,0.0012810226
HLA-DQB1-AS1,0.0
ENSG00000223536,0.0
ZBTB24-DT,0.0010368627
ENSG00000223542,0.005302288
ACSL6-AS1,0.0011153822
CCR5AS,0.0055463575
ENSG00000223554,0.0
LINC03007,0.008880048
ENSG00000223563,0.0018939796
USP17L15,0.0
CKMT1A,0.007440163
ENSG00000223576,0.023355192
LINC02665,0.0
LINC01312,0.00024338366
LINC01986,0.0
CENPVL1,0.0
LINC02142,0.00085669715
ENSG00000223598,0.035525408
EBLN1,0.0
HBD,0.000565845
ZNF735,0.00043958312
LINC00370,0.0
ENSG00000223623,0.0
LINC01044,0.00051368546
LINC01120,0.0
ENSG00000223634,0.0013771134
NUP133-DT,0.001245108
RFPL4A,8.078533e-05
TTTY17C,0.0
ENSG00000223642,0.0030656476
ENSG00000223643,0.0
LINC03076,0.0014471328
LINC01946,0.00043863783
IGHV3-64,0.0
ENSG00000223649,0.0
PRDM6-AS1,0.00022820088
BCL10-AS1,0.09900882
C1GALT1C1L,0.0005912807
ENSG00000223660,0.0
SAMSN1-AS1,0.0027959393
ENSG00000223665,0.0019252888
ENSG00000223669,0.00012722149
LINC00571,0.11497147
MYH9-DT,0.0124636935
ENSG00000223697,0.0011353183
RAET1E-AS1,0.0
ENSG00000223711,0.002441655
LINC02601,0.00068099
LINC01208,0.0010767909
ENSG00000223716,0.011975096
ENSG00000223720,0.01458262
MYOSLID-AS1,0.045492157
ENSG00000223726,0.0
ENSG00000223727,0.42814782
LINC02247,0.0
ENSG00000223732,0.030114768
LAPTM4A-DT,0.00226851
ENSG00000223742,0.0
ENSG00000223751,0.0
ENSG00000223754,0.0
ENSG00000223761,0.0
LINC02593,0.010529514
LINC01626,0.0
LINC00205,0.0
CACNA2D1-AS1,0.00049248827
LGALS8-AS1,0.0014638259
LINC01983,0.021084517
LINP1,0.0011884769
ENSG00000223786,0.034903076
UBE2E1-AS1,0.0002841736
ENSG00000223800,0.0
CERS1,0.0
LINC00114,0.0
ENSG00000223809,0.0
PYDC2-AS1,0.00689441
PRR15-DT,0.042429566
ENSG00000223814,0.0
DIAPH3-AS2,0.0019311694
CDH23-AS1,0.0
LINC01342,0.039748613
LINC01870,0.0
ENSG00000223834,0.00025145867
ENSG00000223838,0.0048153265
FAM95B1,0.037904553
ENSG00000223842,0.00031859268
EFCAB6-AS1,0.0044102264
MYCNUT,0.0007505767
PDGFA-DT,0.0052005164
ENSG00000223859,0.0
LINC01805,0.0012318144
ENSG00000223870,7.9948426e-05
ENSG00000223872,0.000116761556
TESHL,0.0
LINC01078,0.0
ENSG00000223881,0.000954114
ABCC5-AS1,0.0035821619
LINC01707,0.007358358
ENSG00000223884,0.0024310139
ENSG00000223901,0.00045591613
ENSG00000223906,0.0
ENSG00000223911,0.0007981446
LINC02471,0.18918511
ENSG00000223930,0.0023432204
LGALSL-DT,0.09456832
ENSG00000223944,0.0008750381
ENSG00000223946,0.00015673383
ENSG00000223947,0.002279458
ROR1-AS1,0.0062976675
C1QTNF5,0.0
LINC01767,0.0
ENSG00000223966,0.0
ENSG00000223969,0.0014873743
ENSG00000223975,0.0012439076
SMCR2,0.0
LINC01874,0.0013644001
ENSG00000223989,0.0
TANAR,0.0
LINC02647,0.0
TRDD1,0.0
ENSG00000223999,0.0014696602
ENSG00000224000,0.0
LINC01441,0.0
ENSG00000224015,0.0004790274
LINC01449,0.00451866
ENSG00000224018,0.0013962606
MIR181A2HG,0.11895495
ENSG00000224027,0.00024425276
LINC01853,0.00026469154
TCEAL3-AS1,0.00046148343
LINC02561,0.0011255177
ENSG00000224038,0.0002657997
IGKV3D-15,0.0
CCNT2-AS1,0.1087348
LINC02612,0.00073450943
ENSG00000224049,0.00013196873
EGFR-AS1,0.0036627722
CALCRL-AS1,0.37423104
ENSG00000224066,0.004447013
LINC00691,0.0010325077
TTTY22,0.0
ENSG00000224076,0.0
ENSG00000224077,0.0041771876
ENSG00000224079,0.002232142
POTEF-AS1,0.0
CT47A10,0.0
ENSG00000224090,0.0010915172
ENSG00000224091,0.0
BCAR3-AS1,0.019960431
LINC01935,0.0
ENSG00000224099,0.00032685182
ENSG00000224100,0.0
ELMO1-AS1,0.014648566
ETDB,0.0
CENPVL3,0.0
INHBA-AS1,0.0024576923
POU6F2-AS1,0.0006207045
ENSG00000224127,0.0
LINC01248,0.0015896475
ENSG00000224132,0.0
ENSG00000224138,0.0
MIR548XHG,0.0052726036
LHX8-AS1,0.0
LINC02054,0.0051830206
HCG14,0.0010132352
LINC02828,0.0
LINC02831,0.0
ENSG00000224174,0.00010360399
LINC00570,0.00048430514
MIR3681HG,0.13602453
PITX1-AS1,0.032765504
LINC01991,0.0002419526
HAGLR,0.055154413
LINC02667,0.0
SEZ6L-AS1,0.0
ENSG00000224194,0.001360988
CAMK2G-AS1,0.0007436937
C10orf67-AS1,0.0008153614
ENSG00000224216,0.004295495
DTNB-AS1,0.004329759
LINC02636,0.0010725895
LINC01832,0.00012650854
WARS2-IT1,0.0026525077
ENSG00000224239,0.00032895632
SOX1-OT,0.0
ENSG00000224250,0.0
ENSG00000224251,0.0008001006
LINC01133,0.0004733196
ENSG00000224260,0.0005250787
LINC02633,0.00021454548
ENSG00000224267,0.0011801902
ENSG00000224269,0.0039784387
EPIC1,0.0055227913
ENSG00000224272,0.0012760792
ARHGEF2-AS1,0.0017565727
ENSG00000224277,0.00031803446
LINC01142,0.00027711695
PORCN-DT,0.004547263
PINCR,0.00039592216
ENSG00000224301,0.0005375244
LINC01527,0.0012272649
LINC01567,0.004793343
WDTC1-DT,0.0028508434
ENSG00000224322,0.00331989
ENSG00000224326,0.041092824
MDC1-AS1,0.010789518
LINC00297,0.0
ENSG00000224330,0.0
SCEL-AS1,0.000607655
FAM135A-AS1,0.003695588
TMCO1-AS1,0.0133245
ENSG00000224359,0.0
ENSG00000224361,0.003342882
ENSG00000224363,0.25626028
ENSG00000224371,0.0028429043
IGHV4-59,0.0
ENSG00000224374,0.0
ENSG00000224375,0.00039427163
LINC00703,0.0
PRR29,0.005533438
ENSG00000224384,0.00020799325
ENSG00000224387,0.0004633285
BACE2-IT1,0.0
C4B,0.00056111265
LINC01280,0.00027533507
GPC6-AS2,0.0016937939
ENSG00000224400,0.00095149816
ENSG00000224404,0.0
LINC00572,0.00033984554
LINC02052,0.0003229047
ENSG00000224407,0.00014127417
ENSG00000224409,0.00014046264
ENSG00000224413,0.00028830825
STK24-AS1,0.0013019216
PRKAR2A-AS1,0.0018690106
LINC00539,0.006109253
CXorf51A,0.0
LINC01708,0.039477207
SLC25A34-AS1,0.0015062859
TANK-AS1,0.018431788
LAMC1-AS1,0.0021027909
ENSG00000224477,0.0021042132
ENSG00000224478,0.0014056553
ENSG00000224500,0.0
ENSG00000224504,0.0
LINC02523,0.0036043394
MRPS9-AS2,0.012154908
LINC00365,0.00023553062
ENSG00000224513,0.0
LINC00620,0.0025012118
ENSG00000224515,0.0
ECEL1P2,0.0
HTR2A-AS1,0.00046681135
ENSG00000224521,0.0058228774
LINC02771,0.0
CSRP1-AS1,0.100320406
ENSG00000224541,0.017576639
ENSG00000224549,0.0
LINC01087,0.0
LPP-AS1,0.0022873008
LINC01754,0.0013106032
LINC01886,0.019565068
COL18A1-AS2,0.0007422404
LINC01117,0.052246876
LINC01015,0.0
ENSG00000224583,0.0
GPX5,0.0
MIR3659HG,0.00488057
ENSG00000224595,0.00020160039
ZMIZ1-AS1,0.049186792
SVIL-AS1,0.0
ENSG00000224605,0.0
IGKV1D-27,0.0
ENSG00000224610,0.0009085501
ENSG00000224612,0.00053202634
RNPC3-DT,0.0
TNK2-AS1,0.0
ENSG00000224626,0.0015087627
ENSG00000224635,0.009653045
ENSG00000224643,0.0018820046
ENSG00000224644,0.0
ENSG00000224645,0.00011878724
LINC01627,0.0
ENSG00000224649,0.00024635828
IGHV3-74,0.0001441933
LINC00885,0.03422663
LINC01823,0.0012732819
ENSG00000224658,0.015655877
GAGE12J,0.0
SH3BP5-AS1,0.048459437
ENSG00000224661,0.0
ETV7-AS1,0.0029136108
ENSG00000224671,0.0005351493
GALNT13-AS1,0.0057634823
RASAL2-AS1,0.0015573282
ZNF812P,0.0
ENSG00000224691,0.0
ENSG00000224698,0.0
ENSG00000224700,0.0
LMX1A-AS2,0.0
LINC01706,0.00037812773
NPIPA3,0.0013451246
ENSG00000224713,0.0007948932
LINC02671,0.0045540314
ENSG00000224715,0.0006772778
LEMD1-DT,0.0012235538
LINC01657,0.0
FLVCR2-AS1,0.0005422907
PCOLCE-AS1,0.012332275
LILRB1-AS1,0.0
ENSG00000224731,0.00076973956
ENSG00000224733,0.00012372127
ENSG00000224738,0.014373325
TEX26-AS1,0.0031549146
ENSG00000224746,0.0033157326
ENSG00000224750,0.00087030814
CCNYL4,0.0
ENSG00000224764,0.013103735
LINC02931,0.0
LINC02670,0.0
ENSG00000224789,0.016411524
HLCS-AS1,0.009583776
ENSG00000224794,0.0016908593
NTM-AS1,0.0
ENSG00000224799,0.0
LINC00853,0.008181006
SRGAP3-AS1,0.0
ENSG00000224810,0.00013570144
TMEM72-AS1,0.21241614
ENSG00000224814,0.020935126
LINC03046,0.004456045
COL4A2-AS2,0.0014370083
RORB-AS1,0.0015246094
LINC01689,0.0
LINC00240,0.07255204
ENSG00000224844,0.0
NQO2-AS1,0.0058677047
ENSG00000224848,0.0695633
LINC00502,0.00026223785
LINC00393,0.017958673
CDKN2A-AS1,0.0
OPA1-AS1,0.005244795
LINC01691,0.00047941256
ENSG00000224865,0.004066734
EML4-AS1,0.0029905548
ENSG00000224876,0.0
ENSG00000224883,0.0
HSALR1,0.003335932
LINC02840,0.0007306631
POT1-AS1,0.11197484
LINC02830,0.0
ENSG00000224901,0.0026594377
GAGE12H,0.0
RNF32-AS1,0.0049501364
ENSG00000224905,0.091156885
LINC01766,0.0007220647
LINC00863,0.0
APOC4-APOC2,0.0
ENSG00000224918,0.0
ENSG00000224919,0.0085315285
ENSG00000224922,0.0
LINC00320,0.000110880894
LINC02262,0.0054932563
LINC01034,0.0
GOT1-DT,0.02746994
ENSG00000224935,0.00016616643
LINC00184,0.0010021402
PRRT4,0.0006372297
LINC02819,0.00012386007
CASC6,0.00047154687
ENSG00000224950,0.028686246
LINC01266,0.3876057
PGM5-AS1,0.0032254339
PPP4R3C,0.0
LINC01752,0.0
ECMXP,0.0
KCNC4-DT,0.0020232673
LINC01645,0.0012309675
ENSG00000224969,0.0002241242
ENSG00000224970,0.0009716711
RC3H1-DT,0.001461462
ENSG00000224984,0.0
ENSG00000224985,0.001395128
FAM41AY1,0.0
LINC01526,0.0
ENSG00000225000,0.0
ENSG00000225002,0.0002196997
ENSG00000225006,0.0010876104
ENSG00000225007,0.0
ENSG00000225012,0.0
ENSG00000225028,0.0
ENSG00000225032,0.049955286
EIF1AX-AS1,0.0
LINC01058,0.0005008439
ENSG00000225044,0.00042724807
ENSG00000225050,0.00026636923
ENSG00000225056,0.0
TMCC2-AS1,0.0
LINC01802,0.0030174272
ENSG00000225075,0.011475276
WWC3-AS1,0.007378598
ICMT-DT,0.0004486281
GRTP1-AS1,0.0062424727
ENSG00000225084,0.0
ENSG00000225087,0.021005945
ENSG00000225096,0.03953291
ENSG00000225102,0.0
LINC01076,0.00064231537
ENSG00000225106,0.0008941413
ENSG00000225107,0.0
PNMA6F,0.0010778675
ENSG00000225112,0.0
CAMTA1-AS1,0.0
LINC00237,0.0
LINC00972,0.00074231153
ENSG00000225129,0.0
ENSG00000225140,0.0012033577
ENSG00000225144,0.0
ENSG00000225146,0.012765919
ENSG00000225148,0.0017605426
ENSG00000225152,0.0
ENSG00000225156,0.0016533602
ENSG00000225166,0.0
ENSG00000225172,0.0
ENSG00000225173,0.0003850048
OSTM1-AS1,0.0012037989
LINC00457,0.009755259
PVALEF,0.0032873577
ENSG00000225181,0.0
ENSG00000225187,0.0
LINC00092,0.00077793875
ENSG00000225203,0.0
MIR137HG,0.0014041137
ENSG00000225208,0.0
ENSG00000225209,0.00017459191
ENSG00000225214,0.004858493
NRP2-AS1,0.0
ENSG00000225218,0.03769445
LINC01795,0.0
ENSG00000225230,0.00024810058
LINC02470,0.0007590046
ENSG00000225233,0.0019390272
TRAPPC12-AS1,0.00091295515
INTS6L-AS1,0.0002987712
ENSG00000225243,0.0007494037
LINC00378,0.0
PSLNR,0.00081422005
ENSG00000225258,0.08298069
PCDH9-AS3,0.00025856192
TAF1A-AS1,0.004497127
LINC00705,0.0
ENSG00000225279,0.003252405
ENSG00000225280,0.0
ENSG00000225284,0.0
LINC01770,0.0029793286
LINC00113,0.05996027
ENSG00000225299,0.0
ENSG00000225303,0.0002053837
ENSG00000225311,0.018539332
ENSG00000225313,0.08133733
ENSG00000225315,0.0029259226
TPTE2-AS1,0.0
LINC01427,0.00015797284
ENSG00000225325,0.0069678337
USP17L3,0.0
LINC01594,0.021460854
LINC02813,0.0013975647
ENSG00000225335,0.0019715223
ENSG00000225337,0.0
ENSG00000225341,0.00055950636
LRRK2-DT,0.07720799
FREM2-AS1,0.0040698
ENSG00000225359,0.0
PPP1R26-AS1,0.13286632
CT62,0.0
ENSG00000225365,0.0
TMEM246-AS1,0.1520062
NRSN2-AS1,0.26749566
ENSG00000225378,0.00045481639
IGKV1OR9-2,0.0
SFTA1P,0.0014628341
LRRC3B-AS1,0.0
ENSG00000225387,0.0
NHEG1,0.0010703407
FAM236D,0.0
ENSG00000225399,0.0016148859
ENSG00000225407,0.003393164
ENSG00000225408,0.0030532756
ENSG00000225411,0.0003786911
LINC02557,0.0
ENSG00000225417,0.0
ENSG00000225420,0.0023942154
ENSG00000225421,0.017793793
ENSG00000225424,0.0
LINC00331,0.0
LINC01671,0.015287914
PACRG-AS2,0.0016199647
BOLA3-DT,0.0027656099
MPRIP-AS1,0.014224764
LINC01867,0.0
LINC01763,5.4554126e-05
ENSG00000225450,0.07455963
ENSG00000225458,0.00014276204
RFPL1S,0.0064851935
NFIB-AS1,0.012892846
ATP13A4-AS1,0.0
ENSG00000225488,0.0
LINC01107,0.0015214331
KCNMA1-AS2,0.0
ENSG00000225498,0.026322259
CYP4A22-AS1,0.15761197
LINC00475,0.0
FAM197Y5,0.0
LINC01703,0.004898609
ENSG00000225519,0.0
SNED1-AS1,0.10121269
IGKV6D-21,0.0
TMA7B,0.0
ENSG00000225532,0.0012095276
LINC01393,0.0018256302
ENSG00000225537,0.0031323913
LINC01821,0.0025988976
ZNF385D-AS1,0.0028498361
ENSG00000225545,0.0
LINC02476,0.0042647687
LINC01980,0.0059093623
NAALADL2-AS1,0.0028101602
ENSG00000225555,0.000863627
C2CD4D,0.0024067694
ENSG00000225559,0.0
LINC01710,0.0006090243
ENSG00000225563,0.0
LINC01492,0.011618253
ENSG00000225570,0.0
DOCK4-AS1,0.0019183138
NCBP2-AS1,0.002266604
EDNRB-AS1,0.0
ENSG00000225582,0.0
ENSG00000225588,0.00034746525
LINC01623,0.0
ENSG00000225598,0.0
MTOR-AS1,0.0015744765
ENSG00000225605,0.0024525542
ENSG00000225606,0.00012953657
ENSG00000225610,0.012896512
CCDC13-AS2,0.0016957424
ENSG00000225612,0.0
LINCMD1,0.000525958
ZNF469,0.002386469
MYT1L-AS1,0.0
ENSG00000225620,0.0
CFAP95-DT,0.0
ENSG00000225632,0.0
ENSG00000225637,0.0
ENSG00000225647,0.0029573117
KCNMA1-AS3,7.387066e-05
ENSG00000225656,0.0
LINC01716,0.0013912062
CADM3-AS1,0.0016036136
LRP8-DT,0.0018782602
ENSG00000225676,0.000994536
ENSG00000225680,0.0009955732
PACRG-AS3,0.009510109
FAM225B,0.000120863435
ENSG00000225689,0.021129234
IGHV3-72,0.0
ENSG00000225703,0.0020092195
PTPRD-AS1,0.0013128639
ENSG00000225708,0.0
ENSG00000225718,0.012909934
ENSG00000225721,0.011592644
FAM66E,0.0013827113
ADGRF5-AS1,0.0027855572
PDE9A-AS1,0.007231792
ENSG00000225744,0.0
ENSG00000225750,0.0056531713
ENSG00000225751,0.01157263
ENSG00000225752,0.0020539458
DBH-AS1,0.04019873
LINC00489,0.0002361589
LINC00431,0.0
LINC01389,0.02127605
P3H2-AS1,0.026733724
LINC01831,0.0
FAF1-AS1,0.0025534877
LINC02620,0.0
ENSG00000225775,0.00032611346
PROSER2-AS1,0.01801582
OR6V1,0.0
ENSG00000225785,0.0
SNX10-AS1,0.010446579
TMEM30A-DT,0.02115028
ENSG00000225794,0.0
ENSG00000225798,0.0
DEFB131B,0.00027264692
ENSG00000225806,0.010771874
ENSG00000225807,0.0014945136
ENSG00000225811,0.006310429
ENSG00000225815,0.0
ENSG00000225818,0.0
ENSG00000225819,0.0
UBXN7-AS1,0.0011555743
IGHD6-25,0.0
LINC00626,0.0045380965
ACE2-DT,0.0023154558
ENSG00000225850,0.0
RUSC1-AS1,0.013485337
LINC02816,0.00029519366
ENSG00000225867,0.0
WDR87BP,0.0
LINC00368,0.0
TEX14BP,0.0
C3orf86P,0.0
PSG8-AS1,0.00042508717
ENSG00000225879,0.0
LINC00115,0.0077916677
ENSG00000225881,0.0
LINC01456,0.0022106855
ENSG00000225884,0.0008323008
ENSG00000225886,0.0019379519
DHDDS-AS1,0.0135381855
FRG2B,0.0
ENSG00000225903,0.0
ANKRD65-AS1,0.0
ENSG00000225913,0.0057607703
TSBP1-AS1,0.05526523
LINC01745,0.0
TAB2-AS1,0.000578821
LINC02249,0.0049907477
CTAGE4,0.0016193085
SLC18A2-AS1,0.0
PCA3,0.06763928
S1PR1-DT,0.00244415
C5orf67,0.10593902
LINC01875,0.0
ZFAND3-DT,0.0039696307
LINC02648,0.00085184554
NTF4,0.0
ODF2-AS1,0.001424701
ENSG00000225952,0.00048892695
SATB2-AS1,0.0125789195
ENSG00000225956,0.00032747368
ENSG00000225960,0.00019695931
ENSG00000225963,0.016334884
NRIR,0.00900159
ELFN1,0.021229835
BICDL3P,0.0
ENSG00000225970,0.0016718287
ENSG00000225974,0.0
ZNF567-DT,0.004574071
HAR1A,0.0
ANKRD44-DT,0.00064317544
MICALL2-DT,0.00038391378
ENSG00000225982,0.000906143
LAMP5-AS1,0.0
TRGVA,0.0
SIMALR,0.0
LINC02660,0.00031962543
FAM88F,0.0010046152
KCNIP2-AS1,0.008319205
ENSG00000226012,0.0003511769
PRICKLE2-AS3,0.0036416315
ENSG00000226022,0.022324765
CT47A6,0.0
RWDD3-DT,0.026944155
LINC01772,0.013478622
FGF13-AS1,0.00046480834
LINC01040,0.00083373406
ENSG00000226041,0.0
ENSG00000226043,0.0039606844
ENSG00000226047,0.0
ZNF503-AS1,0.06686821
LINC01776,0.0012754166
ENSG00000226063,0.0
LINC00951,0.0
SLC39A12-AS1,0.0
ENSG00000226087,8.446406e-05
LINC03102,0.00029348928
LINC00937,0.27219537
ENSG00000226097,0.0022336121
LINC02097,0.00093603134
ENSG00000226113,0.0
ENSG00000226115,0.0
DDC-AS1,0.0011017566
LINC01907,0.000568508
ENSG00000226130,0.0
LINC02794,0.014288431
ENSG00000226134,0.0
LINC02654,0.000387962
ENSG00000226143,0.0
ENSG00000226149,0.06081895
LINC01375,0.0013911332
ENSG00000226163,0.00024203543
AP4B1-AS1,0.013944073
ENSG00000226169,0.0
ENSG00000226172,0.0
TEX22,0.04813161
ENSG00000226180,0.0008436861
ENSG00000226181,0.0
ENSG00000226193,0.0021524832
LINC02519,0.021310413
SGMS1-AS1,0.027588278
LINC01733,0.0007563782
ENSG00000226204,0.0002950545
ENSG00000226206,0.0
ENSG00000226207,0.0
ENSG00000226208,0.0
TRGV6,0.0
ENSG00000226218,0.0
LEMD1-AS1,0.00084930327
GAS1RR,0.010147328
ENSG00000226238,0.0
ENSG00000226239,0.0
ZNF32-AS1,0.0
ENSG00000226249,0.0
LINC00408,0.0
LINC02608,0.0013506464
ENSG00000226252,0.0003726396
GRM7-AS3,0.013275892
ISM1-AS1,0.00073425175
ENSG00000226266,0.067602634
ARHGAP26-AS1,0.013382542
ENSG00000226276,0.0024142298
ENSG00000226281,0.026385328
ENSG00000226286,5.5566474e-05
OR52I2,0.0
ENSG00000226291,0.00010260064
ENSG00000226296,0.00020655873
ENSG00000226302,0.0
ENSG00000226304,0.00012035281
ENSG00000226308,0.0019884522
CFLAR-AS1,0.05202365
LINC00351,0.0052022217
LINC01811,0.03819726
CROCC2,0.0012758176
ENSG00000226323,0.0
PPP1R15B-AS1,0.040565085
ENSG00000226332,0.06791159
ENSG00000226334,0.0
TMEM252-DT,0.22595444
PSPC1-AS2,0.0012485815
ENSG00000226355,0.00046455505
HAGLROS,0.0039770952
LINC02089,0.00050531776
ST7-AS2,0.04006198
LINC00375,0.00037327915
DCAF8L1,0.0
LINC01345,0.0
ENSG00000226375,0.0005636474
LINC01876,0.22855517
PARD3-DT,0.005541932
SORCS3-AS1,0.0
KCNQ2-AS1,0.0
LINC02909,0.00056037394
ENSG00000226398,0.0
ENSG00000226409,0.018347757
LINC02628,0.0
MRPL23-AS1,0.0041525546
IGLV3-4,0.0
ENSG00000226423,0.0
CYP26C1-DT,0.0
ENSG00000226426,0.0
USP17L7,0.0
ENSG00000226433,0.0
ENSG00000226438,0.0049581123
LAMA4-AS1,0.0
PLCL2-AS1,0.00020347288
ENSG00000226442,0.0
THBS2-AS1,0.009481868
ZNF25-DT,0.0006137641
LINC02542,0.009183316
ENSG00000226455,0.0
ENSG00000226465,0.0010998723
ENSG00000226472,0.0
LINC01748,0.009036987
ADIPOQ-AS1,0.0
ENSG00000226484,0.0028898886
LINC01035,0.0017856967
ENSG00000226487,0.0
LINC01824,0.0
C8orf90,0.000155752
LINC00323,0.010095896
LINC02549,0.000803385
ENSG00000226506,0.0
LINC01918,0.0
UPK1A-AS1,0.001018192
FAM138B,0.0024580217
LINC00390,0.004233469
HDAC9-AS1,0.0
ENSG00000226526,0.0136724515
ENSG00000226527,0.00021308771
ENSG00000226530,0.023980604
BTBD9-AS1,0.0
ENSG00000226542,0.0
ENSG00000226548,0.0001258714
CYP4F26P,0.015621423
ENSG00000226566,0.00093732186
LINC00606,0.0
ENSG00000226571,0.0036792047
ENSG00000226576,0.0032153432
ENSG00000226578,0.002508992
LINC02848,0.006779274
ENSG00000226587,0.0
ENSG00000226594,0.00015534746
ENSG00000226599,0.0011831265
CT47A9,0.0
ENSG00000226601,0.0
PAPPA-AS2,0.0016492252
ENSG00000226605,0.013553565
SNX30-DT,0.0009660288
ENSG00000226619,0.0
ENSG00000226622,0.0072121634
SHANK2-AS1,0.007580995
LINC00974,0.0
ENSG00000226640,0.012503941
ENSG00000226643,0.0
LINC03086,0.0029380585
BUD13-DT,0.00031314598
ENSG00000226647,0.023765398
ENSG00000226649,0.0
KIF4B,0.0014358052
ENSG00000226655,0.0
TSPAN14-AS1,0.0014187426
TRBV2,0.0
ENSG00000226661,0.0018049413
ENSG00000226664,0.0052933544
ENSG00000226669,0.0024770095
LINC01108,0.0
TEX41,0.40666097
LINC02679,0.0013857925
ENSG00000226679,0.0
ENSG00000226680,0.006002163
ENSG00000226681,0.0
CT47A12,0.0
ENTPD1-AS1,0.52798885
C7orf78,0.03202789
ENSG00000226694,0.0
ENSG00000226698,0.0032015638
ENSG00000226699,0.021267558
MIR217HG,0.004664137
ENSG00000226706,0.00050572853
ENSG00000226707,0.0
ENSG00000226708,0.0
FGF12-AS3,0.0
LINC01709,0.0024313403
ENSG00000226716,0.0
PTPRD-DT,0.0
LINC00424,0.0
PABPC1L2B-AS1,0.0
ENSG00000226733,0.011019038
ENSG00000226739,0.0
LINC02554,0.00090328994
CUTALP,0.0
MAGOH-DT,0.001394863
ENSG00000226756,0.0016402737
PP12613,0.0
DAB1-AS1,0.0003179069
TAS2R46,0.0
LINC02668,0.00028429227
SRRM5,0.010272993
ENSG00000226764,0.0032653664
LINC03012,0.0
ENSG00000226772,0.007929611
FAM30A,0.0
NAALADL2-AS2,0.007844782
AVPR1B-DT,0.011796852
ENSG00000226782,0.00668332
PGAM4,0.00019093792
C13orf42,0.002885957
ENSG00000226797,0.0038510198
ENSG00000226798,0.0
CACTIN-AS1,0.0008154378
ZNF451-AS1,0.028694827
LCT-AS1,0.0
LINC00840,0.0015866274
R3HDML-AS1,0.061669525
LINC01941,0.00034441162
ENSG00000226816,0.015063081
MEIS1-AS3,0.0023232913
LINC01509,0.0007128793
LINC02774,0.0057066334
ENSG00000226829,0.007031947
PPP1CB-DT,0.023425894
ARHGAP29-AS1,0.023352396
ENSG00000226842,0.0008549778
LINC00348,0.0038304275
ZNF277-AS1,0.02255219
GPR155-DT,0.0019005248
ENSG00000226854,0.0
THORLNC,0.02321585
LINC02051,0.0
ENSG00000226861,0.0
SYT2-AS1,0.004642171
ATE1OSP,0.0
ENSG00000226868,0.00055905414
ENSG00000226871,0.0
ENSG00000226872,0.00046863966
SMYD3-AS1,0.000450526
ENSG00000226877,0.0016456452
ENSG00000226883,0.004889725
ERVMER34-1,0.012497372
ENSG00000226890,0.0
ENSG00000226899,0.00038452793
ENSG00000226900,0.0036999541
LINC00354,0.0
ENSG00000226904,0.00060297234
TTTY4,0.00060239097
BSN-DT,0.0024931799
LINC01276,0.0016398435
ENSG00000226919,0.0
LINC00454,0.0
IL1R1-AS1,0.002228854
ENSG00000226927,0.0
CT47A11,0.0
LINC00161,0.0
ENSG00000226938,0.0
ENSG00000226939,0.0012405298
RBMY1J,0.0
RNF207-AS1,0.0
NCKAP5-AS2,0.008752675
ENSG00000226954,0.0
ENSG00000226956,0.0
ENSG00000226957,0.0008885712
ENSG00000226963,0.0016490358
ENSG00000226965,0.0077295764
LINC00423,0.00044590415
PRKCZ-DT,0.00032691652
MAGI2-AS2,0.0
LTA,0.0010674609
LINC01692,0.0061907354
LINC01203,0.00038465083
ENSG00000226990,0.0013521754
ENSG00000226992,0.0
ENSG00000226994,0.37586352
LINC00658,0.001175585
ENSG00000226996,0.0
ENSG00000227006,0.0054191686
LINC01247,0.0
LINC02527,0.0
FKBP14-AS1,0.023779564
LINC02796,0.0
ENSG00000227017,0.00090899057
SLC8A1-AS1,0.06528658
ENSG00000227033,0.030821595
LINC00511,0.50708747
ENSG00000227042,0.003056241
LINC01682,0.0
ENSG00000227045,0.0015576343
ENSG00000227047,0.0013306706
ENSG00000227050,0.0043445337
ANHX,0.0
LINC00629,0.006905641
ENSG00000227061,0.0
ENSG00000227066,0.0
ENSG00000227068,0.0035466128
EPS15-AS1,0.05563782
FOCAD-AS1,0.0002663665
ENSG00000227075,0.0012680158
LINC02094,0.0010947732
LINC02798,0.074916385
ENSG00000227083,0.0014349999
ENSG00000227088,0.00019676232
ENSG00000227089,0.0
ENSG00000227090,0.0
SLC6A17-AS1,0.0
ENSG00000227094,0.0
ENSG00000227098,0.00024200116
ENSG00000227101,0.0
ENSG00000227107,0.00088889815
IGHD1-14,0.0
LMCD1-AS1,0.34989148
LINC01630,0.0075082346
HORMAD2-AS1,0.017086515
LINC02672,0.0
ENSG00000227125,0.0
ENSG00000227131,0.0035918097
ENSG00000227139,0.0
USP17L5,0.0
LINC01153,0.00067506323
IL21-AS1,0.00291652
ENSG00000227148,0.00022244579
ENSG00000227150,0.0
PRR20D,0.0
DOCK8-AS2,0.012479139
ENSG00000227157,0.0
WDR11-DT,0.05910379
ENSG00000227167,0.0
ENSG00000227169,0.0
TRPS1-AS1,0.0005645353
YAE1-DT,0.0027984062
BEND7-DT,0.0
LINC01688,0.0
ENSG00000227186,0.0
MGAT3-AS1,0.0
ENSG00000227189,0.008087696
ENSG00000227193,0.007864146
IGHD4-23,0.0
ENSG00000227197,0.004619698
C6orf47-AS1,0.0010301289
ST7-AS1,0.0036194893
ENSG00000227206,0.00043785857
WDR35-DT,0.0046955626
SPATA13-AS1,0.0021758827
HCG15,0.0
ENSG00000227215,0.0018245452
ENSG00000227217,0.0005530998
ENSG00000227218,0.0045982567
ENSG00000227227,0.06782751
ENSG00000227230,0.0016188739
SPANXB1,6.932212e-05
ZNF692-DT,0.00037817034
ENSG00000227240,0.0053787497
LINC00845,0.00269092
ENSG00000227245,0.0
COPS8-DT,0.057622444
ENSG00000227253,0.0
MIS18A-AS1,0.001317437
SMIM2-AS1,0.299352
LINC01985,0.00010306339
KLLN,0.0027330292
ENSG00000227269,0.0
MYOCD-AS1,0.003767647
ENSG00000227278,0.00038344448
ENSG00000227279,0.0009178422
ENSG00000227282,0.0
LINC01364,0.00078123406
ENSG00000227292,0.0009402876
ENSG00000227293,0.0
ENSG00000227294,0.0004124153
ENSG00000227297,0.0
ENSG00000227301,0.0
ENSG00000227303,0.010389764
LINC02708,0.0
ENSG00000227307,0.004772585
LINC02832,0.004205984
LINC02630,0.0
ENSG00000227330,0.004278689
IGHJ1P,0.0
LINC00434,0.00015794567
ENSG00000227338,0.0051462464
LINC00307,0.0
ARHGEF7-AS1,0.0
RBM26-AS1,0.020495066
ENSG00000227355,0.050846703
GOLGA7B-DT,0.0020795194
LINC02936,0.05041047
ENSG00000227360,0.0008633687
ENSG00000227364,0.0
ENSG00000227365,0.0
GFOD3P,0.0
RABGAP1L-DT,0.010114984
ENSG00000227374,0.008231381
DLG1-AS1,0.0028297736
ENSG00000227386,0.0
HPN-AS1,0.011115219
KIF9-AS1,0.3423187
LINC01806,0.0050552897
ENSG00000227407,0.008747197
ZMYM4-AS1,0.019675322
PCGEM1,0.005246291
LINC01724,0.0
CSE1L-DT,0.0015699838
ASIC4-AS1,0.001137413
COL6A2-DT,0.0
TTTY17B,0.0
ENSG00000227455,0.0
LINC00310,0.060794637
ENSG00000227459,0.0
ENSG00000227463,0.00097170536
PDE4B-AS1,0.0
LINC01537,0.0002687967
AKR1B15,0.00018895131
ENSG00000227475,0.0
STK4-DT,0.0
ENSG00000227479,0.021316683
CCDC148-AS1,0.01532052
ENSG00000227481,0.0
ENSG00000227482,0.004015223
ENSG00000227484,0.0005719185
ENSG00000227485,0.0
NCAM1-AS1,0.0
GAGE12D,0.0
ENSG00000227489,0.0009250169
CHUK-DT,0.0045316373
KIF1C-AS1,0.0
ENSG00000227496,0.0141711105
ENSG00000227498,0.0
LINC01624,0.001306615
LINC01839,0.00041967732
LINC01442,0.0005147642
ENSG00000227512,0.0
ENSG00000227516,0.00063357333
LINC01483,0.017172007
MIR1302-9HG,0.0025102943
ENSG00000227519,0.0012162967
DIAPH3-AS1,0.0031365918
ENSG00000227531,0.0054381485
SLC2A1-DT,0.027788267
MYO1B-AS1,0.0037762793
LINC03013,0.0021996652
ENSG00000227549,0.0
TRBV7-5,0.0
USP17L12,0.0
ENSG00000227554,0.0
MIR4290HG,0.0
ENSG00000227562,0.0
LINC00376,0.002657919
ENSG00000227574,0.00019689406
ENSG00000227579,0.026978523
CNTN4-AS2,0.003466189
TP73-AS3,0.0
HSD11B1-AS1,0.033543766
ENSG00000227598,0.15393405
PTPRT-AS1,0.0
ENSG00000227606,0.0
FRMPD3-AS1,0.0013833718
LINC01074,0.0
ENSG00000227619,0.0011102717
ENSG00000227627,0.0275366
LINC01132,0.0027084916
LINC01714,0.0025096356
SOX21-AS1,0.0
CLYBL-AS2,0.0
UST-AS1,0.00040896973
ENSG00000227673,0.000649821
LINC00355,0.00062469684
LINC01068,0.0009837445
ENSG00000227678,0.0024930644
ENSG00000227680,0.0
ENSG00000227681,0.2805713
LINC02088,0.00093807385
ENSG00000227687,0.0
DNMBP-AS1,0.0157805
LINC00111,0.0007557394
ENSG00000227704,0.008556362
ENSG00000227705,0.0018911653
ENSG00000227706,9.756887e-05
LINC01850,0.00055461726
ENSG00000227712,0.04011083
ENSG00000227713,0.002487522
ENSG00000227716,0.0
ENSG00000227718,0.0029811475
ENSG00000227719,0.0006582053
ENSG00000227723,0.00037381778
RD3L,0.0
ENSG00000227733,0.10656224
ENSG00000227734,0.0
LINC02803,0.016718928
ENSG00000227741,0.004129633
ENSG00000227743,0.0
LINC01940,0.0
ENSG00000227748,0.0
RCC2-AS1,0.0002629369
ENSG00000227757,0.107690826
NTRAS,0.0023067622
ENSG00000227769,0.013311389
ENSG00000227782,0.0
IGHD4-17,0.0
ENSG00000227803,0.021053143
ENSG00000227809,0.0
INKA2-AS1,0.0
ENSG00000227818,0.0
ENSG00000227824,0.0
CPMER,0.0021840099
SUCLA2-AS1,0.0006198334
ENSG00000227851,0.0
ENSG00000227857,0.0020099196
ENSG00000227863,0.0053048935
TEX46,0.003365876
MRLN,0.004403414
ENSG00000227880,0.0
ENSG00000227885,0.0075035845
FAM66A,0.0076303794
LINC00352,0.0
WAPL-DT,0.0077722794
SNAP25-AS1,0.06466766
ENSG00000227907,0.0
IL6ST-DT,0.0
LINC02344,0.0
ENSG00000227912,0.0
ENSG00000227914,0.006801244
SRGAP3-AS3,0.0004998749
ENSG00000227930,0.0
SELENOOLP,0.0
ENSG00000227933,0.0006405051
ENSG00000227935,0.0
ENSG00000227938,0.0
LINC01696,0.0
PTPRK-AS1,0.008904456
INO80D-AS1,0.004723064
LINC01738,0.0012384494
TARID,0.11229668
ENSG00000227958,0.0006732587
EPHA2-AS1,0.0016480285
RBM15-AS1,0.0152182635
LINC01429,0.012904424
ENSG00000227981,0.0
ENSG00000228005,0.0
ENSG00000228010,0.05915566
IL6R-AS1,0.0061036465
RAPGEF4-AS1,0.0020894809
HCG20,0.0024077243
ENSG00000228027,0.0
ENSG00000228028,0.0
ENSG00000228031,0.0008096086
ENSG00000228033,0.012334748
NGF-AS1,0.0053973882
ENSG00000228037,0.0011792495
SPOPL-DT,0.12031444
ENSG00000228044,0.0024104896
ENSG00000228048,0.0
POLR2J2,0.0
FAM245A,0.017524216
PABPC4-AS1,0.002979595
ENSG00000228061,0.044419173
LYPLAL1-DT,0.024870949
ENSG00000228064,0.001752826
LINC01515,0.2202327
LINC01740,0.0
ENSG00000228072,0.0
ENSG00000228073,0.0
BOD1L2,0.0
ENSG00000228079,0.0008212554
SIM1-AS1,0.0028386924
IFNA14,0.0
ENSG00000228084,0.0024187223
ENSG00000228086,0.0054694614
LINC01820,0.0
LINC01757,0.0
SPTBN1-AS1,0.020844769
ENSG00000228120,0.0
MDN1-AS1,0.0
FALEC,0.00629692
LINC01649,0.0004730942
IGHD6-6,0.0
ENSG00000228133,0.00077537424
ENSG00000228136,0.0
ENSG00000228137,0.0
EFHD2-AS1,0.0005206775
ENSG00000228141,0.0
ENSG00000228142,0.015300278
ENSG00000228144,0.0025469805
ENSG00000228151,0.00017683547
ENSG00000228153,0.0
LINC01674,0.00014983007
ENSG00000228160,0.0
ENSG00000228162,0.00076999434
ENSG00000228165,0.0
ENSG00000228170,0.0071905553
ENSG00000228172,0.011334222
ENSG00000228173,0.0
ENSG00000228174,0.0016995699
ENSG00000228176,0.0
LINC02843,0.0005180928
ZNF691-DT,0.007683609
ENSG00000228201,0.0013763574
ENSG00000228204,0.015744742
LINC02869,0.00011690647
NLGN1-AS1,0.004452371
LINC02770,0.0045271427
LINC00578,0.038495544
ENSG00000228222,0.023907699
ENSG00000228226,0.0
ENSG00000228229,0.0
TINAG-AS1,0.0
ENSG00000228235,0.0
EFCAB14-AS1,0.0072190114
ENSG00000228239,0.0
TTTY17A,0.0
XPC-AS1,0.0072678025
ENSG00000228251,0.0013681455
ITPRIP-AS1,0.0024723473
LINC01320,1.0271037
LINC02048,5.927495e-05
ENSG00000228272,0.0002466954
TOMM22-DT,0.021635745
ARMCX3-AS1,0.00010344572
UMLILO,0.00041350952
TBX18-AS1,0.0027919337
IDH3B-DT,0.0005032457
LINC00392,0.0014284939
TTTY4C,9.692969e-05
ENSG00000228302,0.0050334544
LINC01209,0.0
LINC01350,0.009213034
FKTN-AS1,0.0012622606
MX1-AS1,0.0044604247
GLIS3-AS2,0.0021175502
MYADM-AS1,0.018281512
IGKV3D-7,0.0
LINC01890,0.0
LINC01784,0.0
MIR646HG,0.52435565
ENSG00000228343,0.0007113724
LINC02585,0.009415627
ENSG00000228351,0.001529447
ENSG00000228352,0.005726479
ENSG00000228355,0.0
ENSG00000228361,0.0009564101
CHMP3-AS1,0.020760873
ENSG00000228365,0.0
ENSG00000228368,0.004273497
TXNDC12-AS1,0.000297839
SMIM10L2B-AS1,0.0026349905
ENSG00000228379,0.0
ENSG00000228384,0.00025875878
ENSG00000228386,0.002934451
ENSG00000228391,0.0
ENSG00000228392,0.0
ENSG00000228395,0.026346212
LINC01635,0.0
CNTNAP5-DT,0.0
ENSG00000228404,0.00038894295
ENSG00000228408,0.0
LNC-LBCS,0.20352738
REL-DT,0.015807522
ENSG00000228417,0.0
LINC01768,0.006828828
LINC00687,0.0047375853
ENSG00000228423,0.0
ZNF32-AS3,0.0
ENSG00000228427,0.0063921856
ENSG00000228430,0.0
RRAGC-DT,0.1875418
LINC02474,0.0014764469
LINC01546,0.00039554684
ENSG00000228463,0.0
ENSG00000228467,0.003283878
PRKCE-AS1,0.00035656494
LINC01713,0.0
ENSG00000228484,0.008403765
C2orf92,0.07392577
ENSG00000228487,0.0007584413
ENSG00000228488,0.0001940125
LINC01013,0.0036006416
LINC01760,0.0
ENSG00000228505,0.00033102144
PNISR-AS1,0.08196401
ENSG00000228509,0.004990138
CT47A7,0.0
ENSG00000228521,0.00089609914
ENSG00000228527,0.00090269826
ENSG00000228528,0.0
LYPLAL1-AS1,0.034374487
ENSG00000228539,0.0007521592
ENSG00000228541,0.0008156757
ENSG00000228543,0.0013804402
CCDC183-AS1,0.0035072265
ITPKB-AS1,0.0065902127
LINC03126,0.0
ENSG00000228553,0.0013648637
ENSG00000228554,0.00045879118
ENSG00000228559,0.0004181742
ENSG00000228563,0.0006322801
LINC01005,0.0
ENSG00000228566,0.060436398
VN1R4,0.0
NUTM2E,0.00018498562
ENSG00000228573,0.0
ENSG00000228577,0.0
ENSG00000228586,0.00039067183
ENSG00000228587,0.0
MIR4432HG,0.0
ENSG00000228592,0.0
ENSG00000228596,0.0004437594
MACC1-AS1,0.012629995
ENSG00000228604,0.0001682956
DCAF8-DT,0.00031828004
CLDN25,0.0
ENSG00000228613,0.0025482983
ENSG00000228618,0.0
ENSG00000228620,6.312681e-05
ENSG00000228622,0.0
ZNF883,0.0
HDAC2-AS2,0.041137323
ENSG00000228625,0.0023189925
ENSG00000228627,0.0003354221
ENSG00000228629,0.005195258
HOTAIR,0.0024213265
ENSG00000228634,0.0015706016
LINC02663,0.0
ROCR,0.0020009927
ENSG00000228650,0.0
ENSG00000228655,0.0
ENSG00000228658,0.00018124914
LINC01201,0.001079931
STIM1-AS1,0.0
TRGV5P,0.0
LINC00448,0.0008873733
ENSG00000228675,0.0
TTC3-AS1,0.008316848
ENSG00000228679,0.0028868923
ENSG00000228680,0.0
ENSG00000228683,0.0
ENSG00000228686,0.0009722065
ENSG00000228689,0.023564687
ENSG00000228692,0.000535733
ENSG00000228697,0.019751804
TNKS2-DT,0.004394652
ENSG00000228703,0.0
LINC00659,0.0058328197
ENSG00000228707,0.0
LINC02575,0.0
ENSG00000228714,0.022615358
LINC02521,0.00015752604
ENSG00000228719,0.0017610159
SRGAP3-AS2,0.00016171718
SAPCD1,0.0
LINC02013,0.0
ENSG00000228734,0.0
ENSG00000228735,0.0
ENSG00000228737,0.009167046
ENSG00000228739,0.00015801359
GABRG3-AS1,0.0
SPATA13,0.0
LINC02577,0.0038839106
ENSG00000228748,0.0040065963
LINC01672,0.00023919296
LIMS1-AS1,0.00038693726
MIR365BHG,0.0014824833
ENSG00000228772,0.0
WEE2-AS1,0.039381836
LINC02534,0.0
ENSG00000228778,0.0
ENSG00000228779,0.002637748
LINC00954,0.017980864
NLGN4Y-AS1,0.0
HCG22,0.0
ENSG00000228792,0.00049590564
ENSG00000228793,0.0019006515
LINC01939,0.0
ENSG00000228800,0.0
ENSG00000228802,0.0009862342
ENSG00000228804,0.014705555
LAMA5-AS1,0.00037924503
BACH1-IT2,0.0
MIR4500HG,0.008313228
ENSG00000228826,0.0
ENSG00000228830,0.0020402581
ENSG00000228835,0.007222095
CT45A5,0.0
ENSG00000228838,0.0
PIK3IP1-DT,0.052893195
PCDH9-AS2,0.012383853
ENSG00000228843,0.00018437972
ENSG00000228852,0.0032076924
USP17L30,0.0
ACTR3-AS1,0.0027641042
ENSG00000228862,0.00076268567
ENSG00000228863,0.017162573
ENSG00000228873,0.0
ENSG00000228876,0.0021557317
ENSG00000228877,0.00067241956
SEPTIN7-DT,0.072882295
ENSG00000228886,0.049082424
LINC01428,0.053357612
UBAC2-AS1,0.002626254
LINC01803,0.0
NECTIN4-AS1,0.00028647194
LINC01344,0.016998803
ENSG00000228919,6.312681e-05
ENSG00000228923,0.0
ENSG00000228925,0.010305018
TSPY3,0.0
ENSG00000228933,0.0024963631
ENSG00000228944,0.19238321
ENSG00000228950,0.0013240972
LINC02041,0.0
ENSG00000228959,0.0009988348
LINC01690,0.0
ENSG00000228968,0.00020897828
LINC02607,0.0046185935
ENSG00000228973,0.00023235385
LINC01205,0.0033581138
TRDD3,0.0
ENSG00000228988,0.00014921314
LINC01830,0.0
HNF4A-AS1,0.12738483
LINC01038,0.0
ENSG00000229012,0.0
ENSG00000229015,0.0
LINC01277,0.080501534
ENSG00000229021,0.010735693
ENSG00000229025,0.0
ENSG00000229042,0.0
ENSG00000229044,0.017992767
ENSG00000229047,0.0012390153
LINC01788,0.10148707
TRBV23OR9-2,0.0
ENSG00000229065,0.003191943
ENSG00000229066,0.0038167424
LINC01165,0.0
LINC01548,0.0007770126
ANKRD20A8P,0.0129887825
IGHV3-47,0.0
PIK3CA-DT,0.02798039
ASTN2-AS1,0.014255877
LINC02587,0.00039942606
FRMD3-AS1,0.02538785
MED4-AS1,0.0019942713
ENSG00000229116,0.0019451898
ENSG00000229118,0.010462997
KANSL1L-AS1,0.17070656
ENSG00000229131,0.0
CCDC26,0.059549347
KCNQ5-AS1,0.0
LINC02038,0.0005824088
RUNX3-AS1,0.0
ENSG00000229167,0.0017472935
LINC00382,0.0011761563
ENSG00000229177,0.0010375156
ENSG00000229178,0.0037034145
RABGEF1P1,0.0
PGA4,0.0
ENSG00000229188,0.0
ENSG00000229190,0.0001837188
ENSG00000229192,0.055062924
ENSG00000229195,0.06524097
LINC03008,0.00062457705
LINC02787,0.0
ENSG00000229203,0.0
LINC00200,0.0009824317
ENSG00000229206,0.0
ENSG00000229209,0.0014178413
LINC00242,8.4129424e-05
ENSG00000229224,0.0
ENSG00000229225,0.0
ENSG00000229227,0.015186627
LINC00582,0.0018039906
ENSG00000229229,0.0027712604
TTTY10,0.008091275
ENSG00000229242,7.246718e-05
LINC01981,0.0006238647
LINC00377,0.00011943569
LINC00446,0.0
ENSG00000229255,0.0015324156
ENSG00000229257,0.006629547
LPGAT1-AS1,0.0028217675
ENSG00000229261,0.007671789
ENSG00000229262,0.001655631
ENSG00000229263,0.0006349368
SNHG31,0.16329588
ENSG00000229269,0.0029920754
ENSG00000229271,0.0010459904
LINC03036,0.0
LINC02829,0.0
ENSG00000229275,0.0
ENSG00000229278,0.0019690837
ENSG00000229282,0.0
ENSG00000229283,0.0
ENSG00000229289,0.0
LINC02768,0.0012919118
RFPL4AL1,0.0
DNAJC6-AS1,0.011607648
ENSG00000229297,0.0
ZBTB46-AS2,0.011222375
LINC03075,0.0
ENSG00000229306,0.0001395874
LINC00459,0.0
ENSG00000229308,0.0052683856
ENSG00000229309,0.00025791998
ENSG00000229311,0.00020064421
ENSG00000229312,0.010925439
ENSG00000229313,0.00030991517
MCHR2-AS1,0.00461398
ENSG00000229321,0.007633498
EPC1-AS1,0.016977785
TMEM44-AS2,0.015001753
DANT1,0.00048479653
ENSG00000229337,0.03314496
ENSG00000229345,0.00051664637
HYI-AS1,0.0
LRRC3-DT,0.0
ENSG00000229370,0.0017601884
SZT2-AS1,0.0006509669
LINC00452,0.0004639751
ENSG00000229379,0.000381179
PRKAR1B-AS2,0.001076351
ENSG00000229382,0.0006513726
CTNNA2-AS1,0.0
TAF12-DT,0.0027964523
ENSG00000229389,0.0
ENSG00000229393,0.0
ENSG00000229395,0.0002206241
CNIH3-AS1,0.0
ENSG00000229402,0.0
LINC00858,0.010605641
ENSG00000229407,0.0
KCNQ1-AS1,0.0016648215
SFTA3,0.0018936055
ENSG00000229418,0.0
ENSG00000229422,0.0004795083
ENSG00000229424,0.008819192
ENSG00000229425,0.03696578
MED8-AS1,0.00053610146
LINC02069,0.00045955004
NRAL,0.0
LINC00366,0.0
LINC00433,0.0
ST3GAL3-AS1,0.009131139
CPVL-AS1,0.003590697
SPINK8,0.0012016082
LINC01789,0.029038947
ENSG00000229459,0.016137643
LINC02627,0.00169567
PATL2,0.034541994
LINC00362,0.0
LINC02766,0.0
ALG13-AS1,0.011332665
ENSG00000229491,0.007078883
ENSG00000229494,0.0010145992
ENSG00000229495,0.0007361811
ENSG00000229498,0.0031280557
ENSG00000229502,0.00049867504
LINC00404,0.0
LINC01523,0.0
DNPEP-AS1,0.0014123782
ENSG00000229528,0.00012006081
RABGAP1L-AS1,0.014495765
ENSG00000229533,0.0
LINC02572,0.0073755123
LINC01739,0.007710133
ENSG00000229543,0.0
NKX1-2,0.0
LINC00428,0.0
TSPY8,0.0
ENSG00000229550,0.00010725244
LINC00379,0.015684994
SACS-AS1,9.843548e-05
LINC01204,0.0026633893
LINC02264,0.00040562925
ENSG00000229569,0.0
PRAMEF25,0.0
LINC00358,0.0
USP17L26,0.0
ENSG00000229588,0.0
ACVR2B-AS1,0.0012292765
LINC00411,0.0
ENSG00000229600,0.0050394796
ENSG00000229603,0.0015106637
LINC01718,0.0
ENSG00000229607,0.0005412779
LINC01079,0.0
LINC01501,0.0015185495
ENSG00000229618,0.08190147
MBNL1-AS1,0.0022286994
LINC01822,0.00018805079
ENSG00000229625,0.0022649122
LINC01264,0.0
PRAC2,0.0
LINC01758,0.0014905412
ENSG00000229642,0.020205254
LINC00280,0.0
MYOSLID,0.0
LINC02681,0.00051117304
LINC02526,0.0025695332
ITGB1-DT,0.034661975
ENSG00000229660,0.0
ENSG00000229664,0.0008750537
PRR20C,0.0
MAST4-AS1,0.0039249286
LINC01150,0.00031784238
ENSG00000229672,0.00013514081
ENSG00000229673,0.0
ZNF492,0.0043835873
ENSG00000229679,0.000109309876
CRPPA-AS1,0.009235401
FAM242E,0.0018381889
ENSG00000229699,0.0
LYPD9P,0.0
ENSG00000229717,0.000453045
MIR194-2HG,0.012367568
ENSG00000229720,0.0
ENSG00000229722,0.0
LINC01054,0.0003973419
ENSG00000229728,0.0
ENSG00000229732,0.001496406
PDC-AS1,0.090132706
ENSG00000229740,0.0
ENSG00000229750,0.0
ENSG00000229751,0.0028989466
ENSG00000229755,0.0
TMX4-AS1,0.00027482127
TRBV10-2,0.0
ENSG00000229770,0.0
ENSG00000229771,0.0
ENSG00000229774,0.00038436797
LINC02624,0.00040304876
C4B-AS1,0.0
ENSG00000229779,0.0
UBE2Q1-AS1,0.0
SPNS2-AS1,0.0032625708
LINC00388,0.0
ENSG00000229791,0.00049280556
LINC00399,0.0
ENSG00000229797,0.00024261724
LINC01813,0.0
ENSG00000229821,0.0
ENSG00000229839,0.04859614
ENSG00000229846,0.015707789
EMX2OS,0.43073192
ENSG00000229848,0.03214825
ARSD-AS1,0.0010980011
KHDC1-AS1,0.057550453
ENSG00000229854,0.0
ENSG00000229855,0.006795101
PGA3,0.0
EEF1A1-AS1,0.027605554
STEAP3-AS1,0.00038875645
LARP4B-DT,0.003404539
OGFR-AS1,0.00042765407
CASC20,0.0015223302
ENSG00000229882,0.00017592697
TAX1BP1-AS1,0.00531574
GK3,0.01599403
ENSG00000229896,0.018474853
FOXO6-AS1,0.002001209
ENSG00000229905,0.0
ENSG00000229913,0.0
ENSG00000229915,0.0
DOCK9-AS1,0.0009621522
KIF25-AS1,0.0028000113
LINC02865,0.00044993387
ENSG00000229923,0.0
FAM90A26,0.0006306455
ENSG00000229925,0.0004989383
LINC00400,0.0
ATXN1-AS1,0.0002570869
PRPS1L1,0.0
MYO16-AS2,0.0
PDE11A-AS1,0.0043694857
ENSG00000229943,0.0
TFAP2A-AS1,0.010682881
FOSL2-AS1,0.017624753
BCAN-AS2,0.0010967999
ENSG00000229957,0.0
ENSG00000229960,0.001442426
ENSG00000229961,0.0
ENSG00000229962,0.00015120384
MAGEA4-AS1,0.00011618555
ENSG00000229969,0.00688236
ENSG00000229970,0.006824623
ENSG00000229971,0.0
IQCF3,0.0021641124
ENSG00000229976,0.0026985272
LINC01435,0.11836565
ENSG00000229983,0.0024928125
ENSG00000229986,0.0
ENSG00000229990,0.002648007
ENSG00000229996,0.0
SGSM3-AS1,0.03749149
SNAP47-AS1,0.0
ENSG00000230010,0.002062809
CT70,0.0
LINC00709,0.00031160304
ENSG00000230015,0.0
NHS-AS1,0.01257946
ENSG00000230021,0.0
LINC02800,0.0015759119
ENSG00000230027,0.062153537
ENSG00000230030,0.0
POTEB2,0.0
ENSG00000230033,0.0
IGSF21-AS1,0.0002699347
LINC00364,0.0
BIRC6-AS1,0.00025125232
ENSG00000230051,0.0006607693
TEX53,0.0009218079
TRPM2-AS,0.00067068293
ANKRD66,0.0
ENSG00000230065,0.00558486
ENSG00000230074,0.024555966
PRRT3-AS1,0.03161314
ZBTB47-AS1,0.08735843
TMEM254-AS1,0.058536872
ENSG00000230096,0.00047684342
TCERG1L-AS1,0.00047014645
TRBV5-4,0.0
ENSG00000230100,0.0
ENSG00000230105,0.011727447
ENSG00000230107,0.0131119285
LINC02643,0.0022236283
ENSG00000230113,0.0
AGBL4-AS1,0.006371008
TPRG1-AS2,0.0
ENSG00000230120,0.0
ENSG00000230121,0.00018513312
FGF12-AS2,0.0
LINC02641,0.023135826
LINC01721,0.0012016987
LINC02812,0.0
NPAS2-AS1,0.00050379947
LINC01075,0.0011359454
ENSG00000230149,0.0003177067
LINC02927,0.0
CEP250-AS1,0.017781204
ENSG00000230159,0.0
ENSG00000230163,0.0
ENSG00000230172,0.0
LINC01790,0.0027084916
LINC01149,0.0
LINC01433,0.0029934766
OR4F3,0.0
HSDL2-AS1,0.075762585
ENSG00000230186,0.0047925385
ENSG00000230197,0.003717394
LINC01840,0.0038092989
ATXN8OS,0.0001250238
ENSG00000230226,0.0
ENSG00000230229,0.0
ENSG00000230233,0.0
ENSG00000230234,0.0007792457
PDE4DIPP9,0.0
ENSG00000230248,0.0
LINC01753,0.00086793804
NFE4,0.0014313104
ENSG00000230258,0.38557875
ENSG00000230260,0.00025348846
LINC02603,0.010929421
XXYLT1-AS2,0.00068590854
SSU72L6,0.0
LINC02525,0.0022070003
ENSG00000230285,0.0
ENSG00000230286,0.023542702
ENSG00000230289,0.0044149836
ARMC2-AS1,0.00059940293
LINC02370,0.0
ENSG00000230298,0.0
OR5H6,0.0
ENSG00000230303,0.003669944
ENSG00000230309,0.0
LINC02926,0.00030026518
HCG24,0.0011416418
ELOVL2-AS1,0.0026504186
FEZF1-AS1,0.0
LINC01284,0.017404446
TTLL1-AS1,0.0024928427
ENSG00000230322,0.0
LINC00159,0.024109123
LINC01734,0.0
ENSG00000230325,0.0355609
EXOSC10-AS1,0.0010791505
CT47A8,0.0
ENSG00000230352,0.0
ENSG00000230365,0.0
FAM41C,0.0005384198
ENSG00000230379,0.0011632452
ENSG00000230385,0.0
LINC03125,0.010410611
LINC01048,0.0
LINC03098,0.0037993703
ENSG00000230393,0.00026646818
LINC01747,0.0034703924
LINC01972,0.0
LINC01349,0.098447636
LINC01066,0.0
ENSG00000230404,0.004566327
BZW1-AS1,0.018932818
LINC01786,0.009318059
LINC00856,0.0
ENSG00000230423,0.0
EMC1-AS1,0.09853359
LINC01036,0.15037514
USP17L25,0.0
ENSG00000230432,0.0
ENSG00000230433,0.0002493772
LINC01650,0.0
ENSG00000230435,0.0046152384
ENSG00000230437,0.00055901584
SERPINB9P1,0.018216187
ENSG00000230440,0.0
ASB15-AS1,0.008512753
LINC00276,0.061002288
LINC01381,0.0012861189
ANKRD18B,0.022046164
ENSG00000230454,0.015248367
ENSG00000230471,0.0
ENSG00000230472,0.0007784756
LNCTSI,0.01008987
IGKV1OR22-5,0.0
ENSG00000230483,0.0
VAV3-AS1,0.005553421
ENSG00000230490,0.26616177
ENSG00000230492,0.00033201804
ENSG00000230498,0.00082066376
ENSG00000230499,0.0005668416
MKX-AS1,0.0
PPP5D1P,0.121520914
ENSG00000230515,0.0
ENSG00000230516,0.0004927433
MBD3L2,0.0
LINC01756,0.001304049
ENSG00000230526,0.0
LIMD1-AS1,0.0
ENSG00000230532,0.02121105
LINC03004,0.0035061364
ENSG00000230534,0.0077515817
ENSG00000230536,0.0029757128
LINC02937,0.00501669
LINC00102,9.213477e-05
USP17L1,0.0
ERLNC1,0.0
ENSG00000230552,0.009781967
CCDC192,0.02544732
ENSG00000230563,0.0
ENSG00000230569,0.0004535748
LINC02639,0.0
ENSG00000230575,0.0
LINC02580,0.0003610534
CT47A4,0.0
ENSG00000230597,0.0010849846
ENSG00000230599,0.0
TEX48,0.0006598948
ENSG00000230612,0.014031091
HM13-AS1,0.0040486595
ENSG00000230615,0.007867897
ENSG00000230623,0.028385753
ENSG00000230626,9.194803e-05
ENSG00000230627,0.0
ENSG00000230628,0.0043368884
ENSG00000230631,0.00038188885
LINC01818,0.0032832169
ENSG00000230647,0.0022651164
ENSG00000230648,0.0034991542
RGPD4-AS1,0.0
PRB4,0.0
KLHL7-DT,0.00092172093
FAM224B,0.0
SETSIP,0.0023672509
ENSG00000230668,0.0007878633
ENSG00000230676,0.004251507
ENO1-AS1,0.0013547972
ENSG00000230680,0.00027434572
ENSG00000230684,0.0027092786
ENSG00000230686,0.0
ENSG00000230687,0.0
ENSG00000230690,0.00020704258
ENSG00000230694,0.0
FN1-DT,0.0
ENSG00000230698,0.00093075057
MYOM3-AS1,0.0
ENSG00000230704,0.0
ENSG00000230709,0.00022614759
LINC00332,0.0
ENSG00000230714,0.0
LINC02644,0.0
ENSG00000230725,0.0
ENSG00000230729,0.0
ENSG00000230730,0.0028344744
LINC02938,0.0024809374
ENSG00000230733,0.0014437254
ENSG00000230736,0.0006292646
ENSG00000230737,0.0
ENSG00000230741,0.002106752
ENSG00000230746,0.0
ENSG00000230747,0.0023356203
MEIS1-AS2,0.0042941496
ZNF341-AS1,0.010065801
ENSG00000230759,0.0
LINC01676,0.0044177817
ENSG00000230773,0.012805637
ANKRD63,0.0
ENSG00000230782,0.014840288
ENSG00000230790,0.0
ENSG00000230794,0.0
YY2,0.0
FOXD3-AS1,0.0
ENSG00000230803,0.0
ENSG00000230805,0.00049517694
SRGAP2-AS1,0.011399423
LINC01362,0.030333001
ENSG00000230826,0.0069761705
ARPP21-AS1,0.0
ENSG00000230831,0.00072719104
ENSG00000230834,0.0
LINC01614,0.0
ENSG00000230843,0.0
ENSG00000230846,0.0
ENSG00000230848,0.00048523114
LINC02857,0.00010350783
ENSG00000230864,0.00153979
LINC02558,0.0
STMND1,0.0015074367
LINC00486,0.9337366
ENSG00000230881,0.0
ENSG00000230894,0.0040504355
MAGEA8-AS1,0.0
ENSG00000230908,8.9542504e-05
ADGRB3-DT,0.0029684259
ENSG00000230912,0.00045191054
KIF19BP,0.0
DPP4-DT,0.0
ENSG00000230920,0.0
LINC00309,0.0057291696
ENSG00000230928,0.0014343422
ENSG00000230941,0.0
LINC02541,0.0005097745
ENSG00000230944,0.0
LINC01507,0.012835601
LINC03037,0.00400811
INPP5B-AS1,0.036889818
ENSG00000230960,0.0
LINC01520,0.0003820943
ENSG00000230967,0.0
ENSG00000230968,0.0
LINC02090,0.0
HHATL-AS1,0.0
ENSG00000230972,0.00069623406
ENSG00000230975,0.0025009133
LINC00160,0.00092491857
ENSG00000230990,0.0009757202
ENSG00000230991,0.0
ENSG00000231010,0.000791628
SCTR-AS1,0.019593408
ENSG00000231015,0.0
LINC00373,0.00096817245
LINC00326,0.0009211286
ENSG00000231024,0.003872079
AHI1-DT,0.42399526
LINC01804,0.002256825
ENSG00000231039,0.007633306
LINC01911,0.00052593386
MFSD4B-DT,0.004117112
GNB1-DT,0.0007344081
USP17L28,0.0
ENSG00000231052,0.0
LINC02522,0.00014805436
NEK2-DT,0.002468945
LINC00395,0.00072142447
ENSG00000231062,0.001251756
THBS3-AS1,0.05045615
KRTAP21-3,0.0
ENSG00000231073,0.00016307028
ENSG00000231078,0.0
KIF5C-AS1,0.95902133
ENSG00000231080,0.0
ENSG00000231081,0.00022862345
LINC02655,0.0
ENSG00000231083,0.0010656001
MIR4422HG,0.0056930054
ENSG00000231092,0.0
ENSG00000231098,0.000215772
ENSG00000231102,0.0047593624
ENSG00000231104,0.018586822
ECE1-AS1,0.00093451113
LINC01436,0.0
LINC01508,0.07344321
ENSG00000231110,0.0
ENSG00000231114,0.0010135423
ENSG00000231119,0.0041569504
LNCAROD,0.0001249322
ENSG00000231132,0.0001465422
HAR1B,0.0
ENSG00000231138,0.00013927385
TTTY3,0.0
ENSG00000231143,0.0018089247
ENSG00000231149,0.00072661834
DNAH8-AS1,0.00044214822
MORF4L2-AS1,0.010174209
ENSG00000231156,0.0
CSMD2-AS1,0.0
TRBV26OR9-2,0.0
PDK4-AS1,0.025448821
LINC01098,0.019693961
EVA1A-AS,0.043665998
LINC01720,0.0025226362
LINC00852,0.0
ENSG00000231178,0.0
SPRY4-AS1,0.18098931
SYT15-AS1,0.04073972
ENSG00000231188,0.0035170773
ENSG00000231189,0.00027917244
OR5H1,0.0
ENSG00000231193,0.0016040303
FARP1-AS1,0.0016748494
ENSG00000231201,0.020121403
TRGVB,0.0
ENSG00000231204,0.0
ZBTB46-AS1,0.011824363
COMETT,0.049157467
PLSCR5,0.00018375934
GS1-600G8.3,0.0
LINC01593,0.00021032436
TRIM31-AS1,0.018435536
LINC01423,0.00066530466
CFAP58-DT,0.0
ENSG00000231236,0.009149063
LINC00349,0.0001753001
ENSG00000231243,0.0
LINC02884,0.03479216
FAM242D,0.0
ITPR1-DT,0.0056241704
ENSG00000231252,0.0140263615
LINC01640,0.0016281053
CFAP97D1,0.0
TRERNA1,0.0
ENSG00000231266,0.0
SBK3,0.0
ENSG00000231291,0.0007131104
IGKV1OR2-108,0.0
ENSG00000231295,5.910219e-05
ENSG00000231297,0.00019966309
MANCR,0.0028960484
TBL1XR1-AS1,0.0012329841
ENSG00000231324,0.017660696
LINC02662,0.0
LINC01816,0.0020182368
ENSG00000231329,0.038418412
OOEP-AS1,0.0024433858
EML6-AS1,0.0
ENSG00000231336,0.0
LINC01160,0.0010738692
ENSG00000231355,0.001997465
ENSG00000231358,0.0
LINC01712,0.0
WARS2-AS1,0.31351307
LINC02613,0.031562347
GNA14-AS1,0.028592674
FGF12-AS1,0.0013811002
ENSG00000231393,0.0
ENSG00000231394,0.0
USP17L10,0.0
ENSG00000231401,0.0
ENSG00000231403,0.0
ENSG00000231405,0.0
GORAB-AS1,0.00278719
LINC03078,0.0
ENSG00000231413,0.00013074091
ENSG00000231418,0.0
LINC01817,0.00031889742
LINC01516,0.00018950642
ENSG00000231424,0.0003768514
FILNC1,0.0043980614
LINC01445,0.0
LINC00396,0.0
LINC01750,0.00048145858
WASIR2,0.0006985864
DST-AS1,0.010188132
ENSG00000231447,0.0
LINC01305,0.00055387465
ENSG00000231460,0.0
ENSG00000231467,0.0
RB1-DT,0.007207372
IGHV4-31,0.0
ENSG00000231476,0.0
ENSG00000231477,0.0
ENSG00000231482,0.0
ENSG00000231487,0.0
ENSG00000231492,0.00046837193
ENSG00000231495,0.0
ENSG00000231496,0.0
ENSG00000231505,0.00073988846
ENSG00000231509,0.0005024039
LINC02782,0.0
SEPTIN14P21,0.0
ENSG00000231519,0.0009226627
ENSG00000231521,0.0038856242
FAM225A,0.00028738857
LINC02779,0.0
ENSG00000231530,0.00023969889
LINC01249,0.000552536
ENSG00000231533,0.0
LINC00278,0.0023151606
ENSG00000231536,0.0
DPP10-AS3,0.0
ENSG00000231539,0.0
TAB3-AS1,0.0
PDE4DIPP6,0.0
ENSG00000231557,0.019606398
CLEC12A-AS1,0.00050105515
ENSG00000231563,0.0014534027
LINC02015,0.050043717
ENSG00000231585,0.0
ENSG00000231589,0.0
ENSG00000231597,0.0
ENSG00000231601,0.0
ENSG00000231604,0.0
LINC01363,0.00082449126
ENSG00000231606,0.0
EHBP1-AS1,0.005679638
ENSG00000231612,0.00053883967
ENSG00000231620,0.0
ANKRD44-AS1,0.0022128695
ENSG00000231626,0.0
ENSG00000231628,0.0
ENSG00000231630,0.0
AGBL5-AS1,0.00011022124
USP17L29,0.0
LUARIS,0.00048550262
FSIP2-AS1,0.050206646
LINC01698,0.0
DLG3-AS1,0.0004884374
CD109-AS1,0.00037954788
LINC03097,0.0
RPS6KA2-AS1,0.0
ENSG00000231662,0.00720801
COA6-AS1,0.025795812
LINC01704,0.0021521333
LINC01307,0.00030106795
DIRC3,0.29666397
LINC00410,0.0064662113
ENSG00000231678,0.0
LINC02723,0.0002308498
ENSG00000231681,0.0029073288
LINC01891,0.00062249124
KILH,0.0
LINC01090,0.034960736
LINC00574,0.0062407404
ENSG00000231691,0.0
ENSG00000231698,0.0022987751
ENSG00000231703,0.0
ENSG00000231704,0.0020969706
ENSG00000231705,0.007596128
ENSG00000231713,0.0005273044
ENSG00000231714,0.0
LINC02789,0.0015240845
ENSG00000231720,0.0001224864
LINC-PINT,0.0
ENSG00000231724,0.0013799616
TMSB15B-AS1,0.00040480707
ENSG00000231731,0.03657055
TSPAN19,0.0016557545
ENSG00000231740,0.0018842279
LINC01273,0.0076358803
ENSG00000231748,0.0
ABCA9-AS1,0.0067097098
ENSG00000231754,0.0009989549
CHODL-AS1,0.003305464
ENSG00000231756,0.0010891528
ARHGAP15-AS1,0.0
ENSG00000231760,0.022657583
DLX6-AS1,0.00069701346
RPS27AP5,0.075865135
ENSG00000231769,0.01302319
ENSG00000231772,0.2796736
LINC01611,0.007324926
ENSG00000231781,0.007011006
LINC00575,9.613595e-05
PIK3CD-AS2,0.0076705073
ENSG00000231791,0.0
ENSG00000231794,0.023937436
PCAT7,0.027504798
LINC01388,0.0
ENSG00000231811,0.0
LINC00210,0.0004630646
ENSG00000231815,0.0
LINC01198,0.0016184455
AKAIN1,0.00065145415
LINC01819,0.005505136
ENSG00000231829,0.028589537
ENSG00000231830,0.00028382707
TMEM139-AS1,0.018775878
MRPS9-AS1,0.00061854697
CYP21A2,0.013149827
ENSG00000231856,0.014471993
OR5K2,0.0
ENSG00000231863,0.0023715391
ENSG00000231864,8.655751e-05
ENSG00000231868,0.0010091125
ENSG00000231873,0.0049956334
ENSG00000231876,0.00034525353
ENSG00000231880,0.0
ENSG00000231881,0.0
F10-AS1,0.0005841457
DARS1-AS1,0.017113773
ENSG00000231892,0.0004562609
MYO3B-AS1,0.01199006
ENSG00000231901,0.0019405327
ENSG00000231902,0.0
ENSG00000231903,0.000638175
IDH1-AS1,0.0030823415
ENSG00000231912,0.0013150143
LINC00387,0.00081249006
NRXN1-DT,0.043114826
NEBL-AS1,0.0035910031
PSG1,0.0
ENSG00000231927,0.0
MYO18B-AS1,0.00023091624
FAM242A,0.011267475
ENSG00000231937,0.0016576168
PHKA1-AS1,0.003084495
ENSG00000231949,0.0
ENSG00000231951,0.0
ENSG00000231953,0.00019796564
ENSG00000231955,0.00518014
ENSG00000231963,0.0
ENSG00000231964,0.0031941044
LINC02818,0.0013593427
MMADHC-DT,0.21680366
ENSG00000231970,0.0063574435
CT69,0.036630183
FAM238B,0.0
ENSG00000231977,0.0
ENSG00000231980,0.0
LINC00415,0.0
ENSG00000231985,0.0013007555
ENSG00000231986,0.0
LINC01787,0.002052194
PPP1R2B,0.0026535566
ENSG00000231990,0.0
EP300-AS1,0.004300331
ENSG00000232001,0.0
LINC01880,0.0010302167
ENSG00000232006,0.037493605
DNMT3L-AS1,0.006376277
ENSG00000232019,0.0005781737
LINC01807,0.0015305926
PRKD3-DT,0.000134304
MAGEB6B,0.0
ENSG00000232035,0.0
SCAND3,0.01793653
ENSG00000232043,0.0021040698
LINC01798,0.027524358
ENSG00000232053,0.012463467
ENSG00000232058,0.0010680264
ENSG00000232063,0.007662924
LINC01063,0.0007282405
TMEM253,0.003556965
ENSG00000232072,0.12187211
ENSG00000232073,0.00017881131
LINC01031,0.01679491
LINC01104,0.00023131345
ENSG00000232085,0.00096339156
ENSG00000232086,0.0
DCST1-AS1,0.00022700032
ZNF584-DT,0.002479259
LINC01653,0.0
RFX3-DT,0.53936416
ENSG00000232110,0.0
TEX50,0.0
LINC00384,0.0006183176
BACH1-AS1,0.003448887
ENSG00000232120,0.004814425
ENSG00000232121,0.0
ENSG00000232124,0.0
DYTN,0.0018469193
ENSG00000232130,0.0032016211
NCOA7-AS1,0.009870956
NDFIP2-AS1,0.0005349329
LINC00867,0.0015339903
ENSG00000232140,0.0
ENSG00000232153,0.008855034
RAP2C-AS1,0.36922622
USP12-AS1,0.011187012
LINC01873,0.0007839383
LINC00708,0.0
ENSG00000232183,0.0
ENSG00000232188,0.0
LINC02181,0.0
KIF26B-AS1,0.029512595
ENSG00000232193,0.0
ENSG00000232194,0.0
ENSG00000232197,0.0
ENSG00000232200,0.0
ENSG00000232211,0.003735304
LINC01701,0.0017878574
IGHV3-43,0.0
MYADM-AS2,0.035998385
LINC01047,0.0
ENSG00000232227,0.0
LINC00865,0.0036179726
LINC02043,0.0063270484
ENSG00000232234,0.0
ASCL5,0.0
ENSG00000232245,0.0006381535
ENSG00000232252,0.002495211
TMEM114,0.0018969384
ENSG00000232259,0.000713312
KRTAP25-1,0.0
USP17L24,0.0
LINC02805,0.0035162803
OR52I1,0.001454711
ENSG00000232271,0.053813607
HSD17B3-AS1,0.0
GNG12-AS1,0.19320378
ENSG00000232286,0.0
SLC6A1-AS1,0.0067413277
ENSG00000232290,0.0010503106
GRHL3-AS1,0.002978551
ENSG00000232299,0.0
LNCPRESS1,0.0
ENSG00000232306,0.018675897
DAOA-AS1,0.00037546208
ENSG00000232309,0.0
LINC02518,0.0
ENSG00000232328,0.0005786673
ENSG00000232335,0.0
ENSG00000232342,0.0048687225
ENSG00000232347,0.005454631
SEMA3B-AS1,0.0072991676
ENSG00000232353,0.0
VIPR1-AS1,0.0017343453
ENSG00000232358,0.0005055386
ENSG00000232359,0.0011938458
ENSG00000232360,0.0020597589
ENSG00000232363,0.00049953046
ENSG00000232377,0.003376144
OR5K1,0.00014963593
ENSG00000232394,0.0
LNCPOIR,0.0
CABP7-DT,0.00069676386
USP17L13,0.0
LINC00112,0.0
EPB41L1-AS1,0.0018597888
ENSG00000232408,0.0016073686
STAG2-AS1,0.008395377
ENSG00000232413,0.002193841
ELN-AS1,0.0034763352
BPESC1,0.0
TTTY19,0.0
PRAMEF6,0.0
AJM1,0.016126469
ENSG00000232436,0.0
ENSG00000232444,0.0
EMSLR,0.0029953117
ENSG00000232448,0.0
ENSG00000232451,0.17997435
LINC02777,0.0112
LARS2-AS1,0.002800252
LINC01450,9.3143884e-05
ENSG00000232464,0.0
ENSG00000232465,0.0005656707
ENSG00000232470,0.00020626692
TGFB2-AS1,0.00030335208
OSBPL10-AS1,0.014293504
ENSG00000232494,0.0
ENSG00000232500,0.0
ST3GAL5-AS1,0.00021555381
ENSG00000232512,0.00030901868
ENSG00000232518,0.00031910324
ENSG00000232519,7.2557596e-05
GCSIR,0.00027693366
ENSG00000232524,0.0003659886
ENSG00000232529,0.0
LIF-AS1,0.00030751262
ENSG00000232537,0.0003026229
LINC00945,0.0005188855
IGHD4-11,0.0
LINC01809,0.0
ENSG00000232555,0.018043919
ENSG00000232557,0.0
LINC01549,0.0009232038
MRTFA-AS1,0.004190643
ENSG00000232581,0.002034427
KIAA1614-AS1,0.0
ENSG00000232590,0.00018034465
LINC02642,0.00096330926
LINC01646,0.0
ENSG00000232598,0.0
TONSL-AS1,0.0
ENSG00000232604,0.0
LINC01412,0.0
LINC02576,0.0043349024
HIVEP2-DT,0.008470939
MRAP-AS1,0.00089863216
HLA-DQB2,0.00020897828
ENSG00000232633,0.016755398
ENSG00000232640,0.00014046264
ENSG00000232642,0.0003743114
LINC00385,0.0
LINC01431,0.003829425
ING2-DT,0.026051987
LINC01780,0.010698611
GOLGA8N,0.060629115
LINC01656,0.0
IDI2-AS1,0.00905305
CFTR-AS1,0.0
ENSG00000232667,0.0023843748
ZNF687-AS1,0.0017375228
LINC01705,0.0008942065
ENSG00000232682,0.009927438
ATP11A-AS1,0.0034444898
LINC00442,0.0
LINC01628,0.0
ENSG00000232696,0.00030532584
ENSG00000232710,0.0016161782
LINC01022,0.0
ENSG00000232719,0.0027286902
ENSG00000232721,0.002824733
PLXNB3-AS1,0.0005346932
ENSG00000232738,0.0
ENSG00000232739,0.0020383266
LINC01826,0.0005585656
LINC02022,0.00014276204
IGKV1D-35,0.0
ENSG00000232748,0.002126751
DDX3ILA1,0.00043918382
ENSG00000232762,0.0
HSPA12A-AS1,0.0008837149
LINC03033,0.0026039502
ITGA6-AS1,0.00018299476
LINC01162,0.0038878748
SLCO4A1-AS1,0.00055727473
ENSG00000232806,0.0
TTTY20,0.0
ENSG00000232811,0.0024138985
LINC01717,0.0007610098
COL4A2-AS1,0.0035093708
ENSG00000232817,0.0
ENSG00000232821,0.0
PLPPR5-AS1,0.03640966
LINC01189,0.00012547549
ENSG00000232828,0.018518806
LMLN-AS1,0.0
ENSG00000232835,0.0005355251
LINC01700,0.00041967732
LINC00363,0.0
PTGES2-AS1,0.0012089614
TRBV29-1,0.0
LINC02924,0.0011668042
ENSG00000232876,0.00062152295
DPYD-AS1,0.038497116
ENSG00000232884,0.0006009526
GPC5-AS2,0.0
ENSG00000232886,0.0007503826
RGS5-AS1,0.010079072
IQCA1-AS1,0.003629468
ENSG00000232895,0.056320917
ENSG00000232900,0.00051585486
LINC01166,0.012184231
DLGAP4-AS1,0.15077236
ENSG00000232909,0.0005392906
RERE-AS1,0.012096226
PLCE1-AS2,0.0019902356
LINC01400,0.0
ENSG00000232930,0.0009677199
ENSG00000232934,0.030175593
ENSG00000232935,0.0
PANK1-AS1,0.0017141462
ENSG00000232939,0.00087061024
HCG25,0.017394444
LINC02543,0.00024284929
DEFB130A,0.0
LINC00374,6.539948e-05
KIFAP3-AS1,0.0
LINC01737,0.0
ENSG00000232969,0.00041043825
ENSG00000232971,0.0
CYP1B1-AS1,0.101107314
LINC00327,0.00065100746
ENSG00000232978,0.00047282214
ENSG00000232985,0.0
ENSG00000232986,0.00031653995
LINC01219,0.0014558806
GACAT1,0.0017351607
ENSG00000232993,0.0005070163
VPS13A-AS1,0.0
TBC1D26-AS1,0.0
LINC01725,0.46882057
NALCN-AS1,0.007967355
FAM157B,0.0
ENSG00000233017,0.0005730693
ENSG00000233021,0.000522613
NPIPA9,0.004443214
ENSG00000233030,0.0
CASK-AS1,0.0
PTPRN2-AS1,0.00041901856
ENSG00000233044,0.0035247535
LINC01677,0.0020222194
LINC01722,0.003549074
DEFB130B,0.0
ERVH48-1,0.003315576
ATP13A3-DT,0.05008938
ENSG00000233060,0.0029216607
ENSG00000233064,0.005384873
PTCHD1-AS,0.1971092
ENSG00000233068,0.0
ENSG00000233069,0.0
ZFY-AS1,0.0007688024
GRM3-AS1,0.0009362463
LINC01271,0.0055559953
ENSG00000233078,0.0
LINC01755,0.0
LINC01399,0.0
ENSG00000233081,9.960701e-05
ENSG00000233082,0.00034469293
ENSG00000233085,0.0
LNCARSR,0.00091971934
RAB6D,0.0
ENSG00000233096,0.0
CCDC144NL-AS1,0.049552456
ENSG00000233099,0.00070811977
ENSG00000233103,0.0
GLCCI1-DT,0.0046745255
SORBS2-AS1,0.0009775854
LINC01007,0.0
LINC00456,0.0
LINC01794,0.0005398304
USP17L11,0.0
ENSG00000233138,0.0001840484
ENSG00000233144,0.0009756996
ENSG00000233145,0.0
UBE2E2-DT,0.00013158767
LINC01762,0.38015404
FMNL1-AS1,0.0044983355
ENSG00000233178,0.080474146
ENSG00000233179,0.0
ENSG00000233183,0.00011572184
ENSG00000233191,0.0
RNF224,0.00033418494
DHCR24-DT,0.0024459688
LINC00642,7.94639e-05
LINC01687,0.011295866
ENSG00000233219,0.000997086
PRDM10-DT,0.0016877565
ARHGEF4-AS1,0.0
ENSG00000233222,0.00020937515
ENSG00000233230,0.01013252
NPIPB7,0.0
ENSG00000233234,0.0
LINC02573,0.0
ENSG00000233242,0.00021550684
PHC2-AS1,0.010487574
ENSG00000233250,0.0
ENSG00000233251,0.00986546
ENSG00000233258,0.0
FAM238A,0.0
SLC28A3-AS1,0.00087930134
ENSG00000233271,0.0034300338
GPX1,0.0
LINC01728,0.0
ENSG00000233288,0.00021118272
ENSG00000233290,0.0003211974
ENSG00000233293,6.3972635e-05
TMEM18-DT,0.0044815615
XXYLT1-AS1,0.0
LINC01346,0.0
TRGV2,0.00056051236
OSTN-AS1,0.0001511667
LINC02669,0.0005256491
ENSG00000233330,0.0019286585
ENSG00000233332,0.0
FAM53B-AS1,0.00710582
ENSG00000233336,0.0
TLR8-AS1,0.00081112556
ENSG00000233339,0.004272135
ENSG00000233340,0.0026785356
LINC00333,0.0
ENSG00000233351,0.0045287916
LINC00028,0.00015621477
CHRM3-AS2,0.009778789
ENSG00000233358,0.030069211
ENSG00000233359,0.006776798
ENSG00000233363,0.0
ENSG00000233365,0.0005913442
ENSG00000233367,0.023210011
ENSG00000233372,0.0
ENSG00000233379,0.0
IATPR,0.0016285267
ENSG00000233393,0.018335579
LINC00841,0.0
LINC01719,0.013512169
ENSG00000233397,0.0
LINC01648,0.0016093708
ENSG00000233403,0.0010182501
LINC01046,0.0
ENSG00000233407,0.0
FANK1-AS1,0.0
LINC01222,0.0
OR5H15,0.0
ENSG00000233417,0.0
ENSG00000233420,0.0008556227
LINC01783,0.0
ENSG00000233423,0.00035051975
ENSG00000233424,0.0
ENSG00000233427,0.00052791816
LINC02596,0.0060321945
BTBD18,0.0063756625
STXBP5-AS1,0.073321395
LINC01077,0.00063316745
NANOGP11,0.0
ENSG00000233470,0.0005763396
ENSG00000233472,0.0004824282
ENSG00000233479,0.000488518
LINC01683,0.0
ENSG00000233482,0.0
EFCAB15P,0.0
FHAD1-AS1,0.008387471
CDHR17P,0.0
BETALINC1,0.0
ENSG00000233502,0.001281297
PTPRT-DT,0.0001297522
LINC01518,0.0
ENSG00000233516,0.0
ENSG00000233519,0.0
LINC01638,0.0
FAM224A,0.0
LINC00430,0.0
HCG21,0.0
LINC00460,0.0
LINC02524,0.0
ENSG00000233535,0.00065831176
ENSG00000233538,0.00060069957
ENSG00000233539,0.014872565
ENSG00000233542,0.0
ENSG00000233547,0.016266458
ENSG00000233553,0.0
B4GALT1-AS1,0.002939772
ENSG00000233569,0.0066652424
LINC00690,0.0
ENSG00000233571,0.007854805
ENSG00000233574,0.0
ENSG00000233577,0.0016096482
ENSG00000233581,0.00032382584
LINC01884,0.0
ENSG00000233589,0.0
LINC02640,0.014361285
LINC02609,0.0
LINC01851,0.0
LINC01392,0.010957164
TWIST2,0.010715729
LINC00462,0.0
GBX2-AS1,0.010215518
DCUN1D2-AS,0.0015316583
ENSG00000233616,0.00083786016
USH2A-AS2,0.0
ENSG00000233625,0.00022098434
C4A-AS1,0.0
ENSG00000233633,0.0010622218
ENSG00000233635,0.09422943
GPR158-AS1,0.00097133487
LINC02625,0.0045248885
ENSG00000233645,0.0
ENSG00000233651,5.9808684e-05
NEMP2-DT,0.030213455
IGHD4-4,0.0
ENSG00000233656,0.005113521
SPIN4-AS1,0.0006417406
PIRT,0.0026691882
RNASEH2B-AS1,0.008069298
FNDC1-AS1,0.0
LINC01865,0.0035483076
ENSG00000233689,0.000280296
PBX1-AS1,0.0010887587
LINC02579,0.00043135462
TTTY18,0.0
PRR23C,0.0
SLC26A4-AS1,0.0001549002
ENSG00000233706,6.5703374e-05
ENSG00000233714,0.00033122583
MYCNOS,0.0014484548
ENSG00000233721,0.0
LINC01122,0.027641831
NRAD1,0.00871758
ENSG00000233728,0.0
NCKAP5-AS1,0.0009708373
LINC01765,0.0010476415
IGHV3OR16-10,0.0
ENSG00000233735,0.0
ENSG00000233739,0.020907713
LINC00656,0.0
ENSG00000233754,0.00037148513
ENSG00000233755,0.002116589
ZNF892,0.0597863
LINC03095,0.0008616328
CAVIN2-AS1,0.09836451
ENSG00000233775,0.0
SAT1-DT,0.006288246
UFL1-AS1,0.13358095
TRIM49D2,0.0
TSPY4,0.0
IFNA13,0.0
ENSG00000233817,0.00038054865
ENOX1-AS1,8.615141e-05
ENSG00000233823,0.0
ENSG00000233824,0.0
EPC1-AS2,0.000648075
MIR4280HG,0.0017232023
ENSG00000233835,0.00011078338
ENSG00000233842,0.0
ENSG00000233845,0.0008940057
ERCC8-AS1,0.0
ENSG00000233848,0.035000496
ENSG00000233849,0.0
MAL-AS1,0.003060858
LATS2-AS1,0.0101749115
POU6F2-AS2,0.010472239
LINC02599,0.0
SHROOM3-AS1,0.00044265523
ENSG00000233862,0.019746222
ENSG00000233866,0.0
ENSG00000233875,0.00014975721
LINC01680,0.0
ENSG00000233884,0.002071375
YEATS2-AS1,0.0016662396
ENSG00000233891,0.0
EZR-AS1,0.0020443888
ENSG00000233894,0.0
PDYN-AS1,0.014274979
LINC01761,0.0
ENSG00000233912,0.0421288
POTEB,0.0
ENSG00000233919,0.0
ENSG00000233920,0.0
LINC01694,0.0007028197
TLE1-DT,0.070805475
ENSG00000233928,0.011477059
KRTAP5-AS1,0.032214817
CTXN2,0.0
ENSG00000233936,0.00017349131
ENSG00000233941,0.0003498668
ENSG00000233942,0.00045526793
LINC02650,0.00011908794
ENSG00000233953,0.0
UQCRHL,0.014913295
ENSG00000233960,0.0
ENSG00000233967,0.034737263
ENSG00000233968,0.0013539167
ENSG00000233969,0.00061607925
LINC01360,0.00044973395
LINC02574,0.0
ENSG00000233977,0.0
ENSG00000233978,0.00026606367
ENSG00000233981,9.692969e-05
LINC01681,0.0026382438
DTD1-AS1,0.0053812717
LINC01425,0.0018966225
IGKV3OR2-268,0.0
DDX39B-AS1,0.0005727152
LINC02530,0.0
ENSG00000234019,0.0
ENSG00000234021,0.001186755
ENSG00000234022,0.0002983115
ENSG00000234026,0.0020303223
ENSG00000234034,0.0012797593
ENSG00000234050,0.0
LINC01673,0.0
ENSG00000234055,0.00034253168
LINC00463,0.00016888781
PAGE2,0.0
SPATA17-AS1,0.0
TPRG1-AS1,0.00551186
ENSG00000234084,0.002900248
ENSG00000234089,0.0
FRMD4A-AS1,0.01531987
LINC03083,0.0
ENSG00000234105,0.0
LINC02433,0.0
ENSG00000234116,0.0
ENSG00000234117,0.0
TRBV22OR9-2,0.0
HCCS-DT,0.10433444
ENSG00000234132,0.0
ENSG00000234136,0.0
ENSG00000234139,0.0045799445
LINC01675,0.00030926085
LINC01961,0.0
ENSG00000234149,0.0062334724
LINC02535,0.010065865
ENSG00000234156,0.0038879265
ENSG00000234160,0.0021433788
PABPC5-AS1,0.0013780791
ENSG00000234162,0.0
LINC01039,0.0
LINC01868,0.00059544365
LINC02645,0.0
ENSG00000234172,0.0012462899
ENSG00000234173,0.004652827
ENSG00000234174,0.0
PIGO-AS1,0.0025850842
ENSG00000234182,0.0
H2AZ2-DT,0.001248905
LINC01781,0.3376765
ENSG00000234185,0.043051694
C16orf82,0.0
ENSG00000234190,0.03613622
LINC01283,5.9366288e-05
ACSL3-AS1,0.0
ETV5-AS1,0.0
LINC01191,0.023983346
ENSG00000234203,0.00057906535
ENSG00000234206,0.0
LINC03116,0.0028889175
ENSG00000234210,0.001570297
ENSG00000234211,0.0
CT66,0.0010045762
LIX1L-AS1,0.0
TMEM229A,0.0
ENSG00000234225,0.0019042967
ZFX-AS1,0.0023248736
PDE4DIPP7,0.0
BOK-AS1,0.0077267694
ENSG00000234238,0.0027662942
ENSG00000234244,0.0
ENSG00000234255,0.0048664515
ENSG00000234261,0.032424618
MAP3K5-AS1,0.010710211
DEPDC1-AS1,0.0010399437
LINC01723,0.0
ENSG00000234273,0.001281906
ENSG00000234275,0.0
LINC01641,0.0040165735
PRR20E,0.0
LINC01937,0.0
LANCL1-AS1,0.037378572
ZNF879,0.017044734
ENSG00000234286,0.0001334016
H2BC12L,0.0
ENSG00000234292,0.0003356733
LINC00229,0.0004740962
CLYBL-AS1,0.00017507147
LINC01878,0.0016170058
LINC03068,0.0
ENSG00000234318,0.0
LINC01505,0.0
JAZF1-AS1,0.0043451046
ERICH2-DT,0.034247044
ENSG00000234352,0.018948156
ENSG00000234361,0.0
LINC01914,0.0
OBI1-AS1,0.026442232
ENSG00000234378,0.013033578
LINC01426,0.042337883
LINC01049,0.0010515368
ENSG00000234387,0.0
USP27X-DT,0.00037960237
ENSG00000234393,0.0010759948
LINC03025,0.0003839258
ENSG00000234396,0.04805838
CCDC188,0.00039984577
RBMY1A1,0.0
ENSG00000234418,0.001727006
LINC01250,0.013638492
ENSG00000234425,0.00015749906
ENSG00000234426,0.009539042
ENSG00000234427,0.0
ENSG00000234428,0.012477276
LINC02983,0.004929643
LINC01432,0.0
KBTBD13,0.0
FGF14-AS1,0.0006812587
ENSG00000234446,0.0
SLC16A12-AS1,0.023244468
ENSG00000234455,0.00041135782
ENSG00000234459,0.00033024172
ENSG00000234460,0.0
ENSG00000234464,0.0006674738
CLDN34,0.0023126197
ENSG00000234471,0.00022349287
MIR3663HG,0.0
ENSG00000234477,0.006332741
ACBD3-AS1,0.004197061
ENSG00000234481,0.0
ENSG00000234484,0.00022398806
RPL34-DT,0.14898933
SP2-AS1,0.044341773
ERICH3-AS1,0.00090003194
ENSG00000234503,0.0
ENSG00000234504,0.0
LINC01506,0.0033495545
SOD1-DT,0.005045066
C5orf58,0.00053248776
ENSG00000234519,0.0
HRAT17,0.00033061372
PCDH9-AS1,0.000510161
ENSG00000234535,6.734911e-05
ENSG00000234542,0.0
LNCTAM34A,0.014242304
LINC02020,0.0
LINC01309,0.0007421856
LINC00701,0.0
OR10G8,0.0
ENSG00000234567,0.002095073
H2BP2,0.0003848212
LINC01800,0.0005517188
SYNE1-AS1,0.00032793588
ENSG00000234578,0.0
ENSG00000234579,9.3143884e-05
ENSG00000234580,0.001583332
ENSG00000234584,0.024989787
KAZN-AS1,0.018752849
ENSG00000234595,0.0
ENSG00000234597,0.008073196
CHRM3-AS1,0.011018052
MCIDAS,0.0
ENSG00000234613,0.0
C2CD4D-AS1,0.025747808
SNRK-AS1,0.007038109
ENSG00000234622,0.0
LINC00380,0.0009364606
ENSG00000234626,0.011740808
ENSG00000234630,0.0011983193
LINC02093,0.0
ENSG00000234638,0.0
ENSG00000234640,0.00055265066
ENSG00000234647,0.0041333246
PCCA-AS1,0.02187974
LRRTM4-AS1,0.0
LINC00440,0.0
CHL1-AS1,0.0062311515
LERFS,0.061701786
ENSG00000234675,0.0
IFT74-AS1,0.00057685183
ELF3-AS1,0.0112172235
SDCBP2-AS1,0.16336215
ENSG00000234686,0.0
CACNG2-DT,0.0
EPCAM-DT,0.12240864
ENSG00000234692,0.00092495413
RIPOR3-AS1,0.010976607
CDC20-DT,0.010760024
TFPI2-DT,0.0
GPR50-AS1,0.0
ENSG00000234699,0.002267185
ENSG00000234703,0.0
HMGA1P4,0.009402166
SEC61G-DT,0.0060098325
ENSG00000234710,0.00093640183
ENSG00000234712,0.0
ENSG00000234714,0.0
SLC26A5-AS1,0.01918168
TMEM212-AS1,0.00032431915
ENSG00000234718,0.0
NPIPB2,0.066504814
LINC02092,0.00071583886
LINC01287,0.0
ENSG00000234730,0.00013532715
FAM170B-AS1,0.0004267445
LINC02676,0.0
LINC02817,0.00076589145
LINC02621,0.0011630876
ENSG00000234758,0.0013187296
ENSG00000234763,0.0
LINC01496,0.0
LINC01052,0.0
ENSG00000234768,0.0015159351
SLC25A25-AS1,0.09115342
LINC00412,0.0
ENSG00000234773,0.0
ENSG00000234775,0.0
FREY1,0.00041849268
LINC02529,0.00046576263
BNC2-AS1,0.0061236075
LINC01103,0.00036464332
LINC00458,0.0001847579
ENSG00000234789,0.00016037359
ENSG00000234791,0.0
ENSG00000234793,0.0071509187
ENSG00000234796,0.00010578437
JUN-DT,0.11917719
ECI2-DT,0.00055251643
ENSG00000234818,0.0018269292
ENSG00000234826,0.0
IQCM,0.012878842
IFNA17,0.0
NXT1-AS1,0.00230189
LINC01239,0.10176582
ENSG00000234848,0.0045313053
LINC00676,0.0
SLIT1-AS1,0.0
HNRNPUL2-BSCL2,0.002948783
ENSG00000234859,0.00069469825
ENSG00000234860,7.052623e-05
ENSG00000234862,0.0
LINC02632,0.0
LINC02925,0.014002169
ENSG00000234877,0.0
LINC00163,0.0
MIR155HG,0.010339166
GRK3-AS1,0.0014155512
ENSG00000234891,0.00027621325
ENSG00000234892,0.0
ENSG00000234900,0.0004818924
APOC2,0.0
ENSG00000234915,0.054989096
ENSG00000234917,0.001400296
ENSG00000234918,0.0
LINC01827,0.0
ENSG00000234921,0.0
LINC01659,0.0012832488
ENSG00000234929,0.0
ENSG00000234938,0.00014495991
ENSG00000234940,0.0
GRID1-AS1,0.0
ENSG00000234943,0.00014330218
LINC02623,0.0
GTF3C2-AS1,0.0067036813
LINC01524,0.014348843
RAB17-DT,0.011313007
LINC02674,0.00028040953
ENSG00000234953,0.0032490904
LINC02539,0.0016158159
ENSG00000234961,0.004701277
LINC00700,6.252588e-05
SHISA8,0.005447969
ENSG00000234967,0.0
LINC02658,0.0
ENSG00000234977,0.0
ENSG00000234979,0.0
ENSG00000234986,0.0025047273
LINC01849,0.0
LINC02966,0.00028318953
ENSG00000235005,0.0
ENSG00000235007,0.0
LINC01883,0.00039945354
JAKMIP3-AS1,0.0
ENSG00000235011,0.0
SEMA3F-AS1,0.025186276
ENSG00000235021,0.0023895793
ENSG00000235023,0.006049596
CDK5R2-AS1,0.00047384403
DPP10-AS1,0.00031937537
PRADX,0.0013066244
MNX1-AS2,9.016056e-05
BMP7-AS1,0.0
DAAM2-AS1,0.009400078
ENSG00000235035,0.0005599588
ENSG00000235038,0.0016324016
SMARCAL1-AS1,0.0012715593
LINC00940,0.0006990459
MLIP-AS1,0.00272027
ENSG00000235051,0.0
ENSG00000235052,0.00017523239
LINC01777,0.0
ENSG00000235056,0.00051153044
ZMYND10-AS1,0.0
ENSG00000235059,0.0
ENSG00000235066,0.008146316
ENSG00000235070,0.0045688157
ARNILA,0.0070253275
ENSG00000235077,0.0053981645
ENSG00000235078,0.0069818795
ZRANB2-AS1,0.024209851
ENSG00000235085,0.008440925
ENSG00000235091,0.0012843022
ID2-AS1,0.018274212
ENSG00000235096,0.004753488
LINC00330,0.0009848948
ANKRD65,0.00465583
ENSG00000235099,9.310291e-05
ENSG00000235100,0.016201966
ZSCAN31,0.02780066
FAM237A,0.0029213508
ENSG00000235119,0.0007443503
BSN-AS1,0.0
ENSG00000235121,0.0
ENSG00000235122,0.0006061112
DSCAM-AS1,0.0003675647
ENSG00000235126,0.00029878263
ENSG00000235127,0.0086527625
TP73-AS2,0.0
ENSG00000235138,0.00036806386
LINC03017,0.08641512
ENSG00000235140,0.0009466251
LINC02532,1.1559124
ENSG00000235143,0.0
ENSG00000235146,0.00093276607
ENSG00000235149,0.0
ENSG00000235151,0.0
ENSG00000235152,0.00040978455
ENSG00000235154,0.0018025853
TMEM30CP,0.0
ENSG00000235158,0.0030711368
LINC02939,0.003355203
LINC02248,0.0017836582
LINC01440,0.0022091214
ENSG00000235168,0.0
LINC01366,0.00051594654
LINC00601,0.0012850423
MICOS10-DT,0.0020876857
ENSG00000235189,0.021579811
NUCB1-AS1,0.023769064
ENSG00000235192,0.0062812963
ENSG00000235198,0.0013426925
LINC01702,0.0063696974
LINC02578,0.00037749045
LINC01525,0.0028450673
ENSG00000235204,0.0011037958
FAM83C-AS1,0.00024711518
LINC00383,0.0012475024
IGKV1OR2-1,0.0
ENSG00000235236,0.0041583683
ENSG00000235237,0.0024464978
DANT2,0.97621584
TMEM184B-AS1,0.0003522599
ENSG00000235263,0.00037483
KDM4E,0.0
LINC02331,0.008701117
ENSG00000235277,0.0038616378
ENSG00000235281,0.00082410354
ENSG00000235288,0.015092317
ENSG00000235292,0.0
ENSG00000235293,0.0
LINC01634,0.0017890556
ENSG00000235296,0.0054871617
HNRNPK-AS1,0.041117582
SKAP1-AS2,0.0054921103
ENSG00000235303,0.000847334
LINC01281,0.0
LINC00957,0.00417493
TGFBRAP1-AS1,0.0005014961
ENSG00000235321,0.0
B3GALT1-AS1,0.009471266
LINC01665,0.0
ENSG00000235351,0.0
ENSG00000235356,0.0
LINC01621,0.0005746557
SCMH1-DT,0.026585963
ABR-AS1,0.00065356743
LINC01055,0.058980815
RPEL1,0.00090464274
ENSG00000235381,0.020300202
LINC02154,0.00028861637
SPAAR,0.068532236
EPN2-AS1,0.023518603
ENSG00000235399,0.00035135794
ENSG00000235403,0.0001357904
CYMP-AS1,0.0
ENSG00000235410,0.0020843996
TTTY4B,0.0006942481
ENSG00000235415,0.005623714
ENSG00000235419,0.030982142
ENSG00000235426,0.0019883274
ENSG00000235427,0.0012220519
ENSG00000235431,0.00012590521
RNF186-AS1,0.0014961095
ENSG00000235435,0.00036214048
LINC02791,0.0
LURAP1L-AS1,0.024113173
IQCF5-AS1,0.0
ENSG00000235461,0.0
ENSG00000235464,0.00021657189
NEURL1-AS1,0.00055131514
LINC01664,0.00093758164
ENSG00000235480,0.0023522417
UBE2R2-AS1,0.012977735
GYG2-AS1,0.0
JARID2-AS1,0.00053540873
LINC01221,0.0017517037
LINC01967,0.03460485
ENSG00000235494,0.00048809833
ENSG00000235495,0.009472521
LINC02923,0.00036747303
ENSG00000235499,0.00035544898
CNN3-DT,0.051820766
ENSG00000235503,0.00019657219
TAB3-AS2,0.0004547456
L3MBTL2-AS1,0.014719103
ENSG00000235518,0.0
LINC01815,0.0
ENSG00000235522,0.018748514
ENSG00000235523,0.0047973692
ENSG00000235526,0.0
TMEM11-DT,0.048265856
LINC00402,0.0020640364
ENSG00000235533,0.0
TRDN-AS1,0.017244736
ENSG00000235537,0.0
ENSG00000235538,0.00020897828
DOCK7-DT,0.017442806
ENSG00000235563,0.00028176847
ENSG00000235564,0.0
LINC00533,0.0
ENSG00000235572,0.0
ENSG00000235575,0.0058646654
ENSG00000235584,0.0
ENSG00000235586,9.92168e-05
GNAS-AS1,0.018306851
RBMS3-AS1,0.0019081082
LINC01102,0.0048466083
BARX1-DT,0.0
NKX1-1,0.0
ENSG00000235610,0.0
ENSG00000235612,0.0003922359
ENSG00000235615,0.00028851358
ENSG00000235620,0.0
LINC00494,0.0141261015
ENSG00000235625,0.0
LINC02922,0.0003236
RNF148,0.0
ENSG00000235635,0.0028201686
ENSG00000235637,0.0
LINC00484,0.0
LINC01647,0.0
LINC02651,0.0015069784
EPM2A-DT,0.15280855
ENSG00000235659,0.002897451
LINC00345,0.0
MIR670HG,0.0
SAPCD1-AS1,0.022657081
CHN2-AS1,0.004403788
LINC00993,0.0
SNTG2-AS1,0.0021443544
CXorf51B,0.0
EOLA2-DT,0.5186913
TRIM67-AS1,0.0
ANKRD34C,0.0
DPP10-AS2,0.0
MFRP,0.0
PSMD14-DT,0.011261592
LINC03050,0.0027870405
ENSG00000235728,0.00041802938
LINC02250,0.013726194
PHACTR2-AS1,0.004953613
LINC02784,0.0
ENSG00000235743,0.0
ENSG00000235749,0.027412683
MSH2-OT1,0.0
LINC00607,0.010450558
ENSG00000235772,0.0021020018
ENSG00000235774,0.0005235537
DPYD-AS2,0.0
ENSG00000235779,0.0
USP17L27,0.0
LINC02569,0.00231999
ENSG00000235782,0.0076767914
ENSG00000235785,0.0
PEF1-AS1,0.0015034624
HCFC1-AS1,0.0
ENSG00000235806,0.001094619
ENSG00000235813,0.00048579264
ENSG00000235819,0.0
ENSG00000235820,0.0030173499
OLMALINC,0.03445081
LINC00837,0.0
SRGAP3-AS4,0.00014922388
BHLHE40-AS1,0.11319125
ENSG00000235837,0.013323362
ENSG00000235840,0.0
ENSG00000235843,0.0
ENSG00000235845,0.0
RMDN2-AS1,0.021956943
HS6ST2-AS1,0.0
ENSG00000235858,0.0
ENSG00000235862,0.0
ENSG00000235872,0.0050175805
ARHGEF7-AS2,0.002990054
ENSG00000235880,0.0023951514
ENSG00000235881,0.0
LINC01828,0.014519433
ENSG00000235886,0.0
LINC02799,0.0
LINC02940,0.0045177625
TSPEAR-AS1,0.0009358637
TM4SF19-AS1,0.008273159
LINC01564,0.0028617429
ENSG00000235902,0.003231661
CPB2-AS1,0.018897003
RBMS3-AS3,0.1378335
APOA1-AS,0.0078426795
ENSG00000235911,0.0005477553
MACROD2-AS1,0.009569322
ASH1L-AS1,0.008578046
NEXN-AS1,0.0080121765
LINC01553,0.0
LINC01779,0.0
ENSG00000235939,0.010384735
LCE6A,0.0
EGOT,0.23726073
UBOX5-AS1,0.03879472
PNMA6A,0.005969321
ENSG00000235965,0.0
ENSG00000235972,0.0
ENSG00000235978,0.101721466
ENSG00000235979,0.02435073
GPC5-AS1,0.008533891
MORC2-AS1,0.014024438
ENSG00000235996,0.0
LINC01936,0.011218216
ENSG00000236003,0.000489929
ENSG00000236009,0.0
LINC02941,7.279984e-05
ASMTL-AS1,0.14217983
COP1-DT,0.022333244
ENSG00000236022,0.00015678728
PRRX2-AS1,0.0017608635
PATE3,0.0
EYA2-AS1,0.0
ENSG00000236031,0.00043764562
OR5H14,0.0
LINC00445,0.0
LINC02889,0.13677694
ENSG00000236045,0.0
ENSG00000236046,0.0
LINC01920,0.0
MYCBP2-AS1,0.0
LINC01643,0.003959397
LINC01067,0.0
SYN3-AS1,0.0
ENSG00000236064,0.0022175112
ENSG00000236065,0.045237623
ENSG00000236069,0.0006706248
LINC01072,0.0
LINC01447,0.00079638924
ELFN1-AS1,0.00014095266
LINC02243,0.0
ENSG00000236098,0.0014796436
ENSG00000236102,0.0
ENSG00000236106,0.0
SCN1A-AS1,0.031702753
ENSG00000236109,0.0
ENSG00000236115,7.699772e-05
ENSG00000236116,0.0
LINC01639,0.0
ENSG00000236119,0.001196213
LINC03070,0.0021015548
USP17L4,0.0
CT47A3,0.0
PTCSC2,0.0005915722
LINC01069,0.0
CD101-AS1,0.009461803
ENSG00000236140,0.00010725244
ENSG00000236141,0.0
TMEM147-AS1,0.017328689
ENSG00000236145,0.0
ENSG00000236151,0.0
UBE2E3-DT,0.0
ENSG00000236154,0.000114756855
ENSG00000236162,0.0
ENSG00000236164,0.0
IGHD1-1,0.0
MIR7515HG,0.0
ENSG00000236173,0.0
LINC00353,0.0
PRKX-AS1,0.036813974
LINC01953,0.0
PPP1R9A-AS1,0.071430065
SMARCA2-AS1,0.005212746
KDM4A-AS1,0.010970333
GRM7-AS1,0.0051757726
LINC01376,0.27754042
ENSG00000236206,0.0032088696
C10orf71-AS1,0.0
ENSG00000236209,0.008456567
ENSG00000236212,0.0033152956
CDC42EP3-AS1,0.011029057
ENSG00000236226,0.0
ENSG00000236230,0.017058209
ENSG00000236231,0.0
ENSG00000236234,0.008179349
MYO16-AS1,0.0018647512
SLC35F3-AS1,0.00012723012
DIAPH2-AS1,0.04439874
ENSG00000236266,0.00625208
LNC-RHL1,0.0
LINC01361,0.002803107
SCUBE1-AS2,0.0027146111
NDP-AS1,0.0
CLEC2L,0.0027183474
ENSG00000236283,1.554185
GACAT3,0.00031275686
USH2A-AS1,0.0
ENSG00000236295,0.0
ENSG00000236299,0.0011250593
MRGPRG-AS1,0.0
LINC02646,0.0032225745
ENSG00000236304,0.0019056065
SLC12A9-AS1,0.01012402
LINC01241,0.0007212863
ENSG00000236308,0.00033440415
TLX1NB,0.0015103233
LINC02888,0.0
SLFN14,0.0009173431
SNX9-AS1,0.007660824
ENSG00000236326,0.0
ENSG00000236332,0.0018583211
PPIAL4G,0.0027290417
ENSG00000236335,0.0
CDYL-AS1,0.0
GRM8-AS1,0.00048412062
ENSG00000236341,0.0009351006
SCAT8,0.0024479604
ENSG00000236347,0.0134428125
ENSG00000236352,0.0003576395
LINC00437,0.00012443498
DNAH8-DT,9.661452e-05
ENSG00000236356,0.0001395141
ENSG00000236358,0.017425265
GAGE12F,0.0
ENSG00000236364,0.00063704775
ENSG00000236366,0.003591328
CT47A1,0.0
ENSG00000236372,0.0
LINC02653,0.002759189
ENSG00000236376,0.0
MYO1D-DT,7.052623e-05
ENSG00000236378,0.0
CCDC200,0.3589955
LINC00479,0.001263428
ENSG00000236385,0.0
ENSG00000236387,0.0
ITCH-AS1,0.0039723753
ENSG00000236389,0.0012954351
ENSG00000236390,0.0
LINC03099,0.002751357
ENSG00000236394,0.0
SLC35G4,0.000660667
TAS2R39,0.0
ENSG00000236403,0.0
VLDLR-AS1,0.1285595
ENSG00000236408,0.0
ENSG00000236414,0.0
LINC01134,0.008641067
TSPY10,0.0
ENSG00000236426,0.0028172026
CCDST,0.0
MFF-DT,0.10832002
ENSG00000236434,0.0049257576
LINC02850,0.0
LINC02151,0.0
UBE2L5,0.0018227488
LINC00608,0.00061804865
CT47B1,0.0
ENSG00000236449,0.1672433
ENSG00000236452,0.0
ENSG00000236461,0.00017652848
LINC00427,0.0005826481
LINC02559,0.0
RCAN2-DT,0.0028994463
KCNMA1-AS1,0.00095792575
ENSG00000236469,0.0019994585
LINC02920,9.7102944e-05
ENSG00000236472,0.018627403
LINC02195,0.0005539604
LINC01945,0.0
ENSG00000236494,0.0007555881
ENSG00000236495,0.00020296057
LINC01744,0.0030211422
ENSG00000236498,0.012699517
LINC00896,0.00197101
SIX3-AS1,0.0
ENSG00000236507,0.0
ATP13A5-AS1,0.0
ENSG00000236510,0.0
LINC01231,0.0019475559
ENSG00000236513,0.0
ZNF248-AS1,0.0058454517
LINC01424,0.0011312515
GPC6-AS1,0.00274685
BTBD3-AS1,0.0037326491
ENSG00000236528,0.11207768
ENSG00000236531,0.0009375376
LINC01695,0.022927484
ENSG00000236536,0.0
ENSG00000236540,0.028459469
ENSG00000236543,0.00052303716
EN2-DT,0.0
ENSG00000236545,0.0
MYCL-AS1,0.0
RNF217-AS1,0.040914297
ENSG00000236556,0.00026861372
BCL2L1-AS1,0.09494068
ENSG00000236572,0.0
UST-AS2,0.0006979471
IGHD7-27,0.0
ENSG00000236601,0.0
ENSG00000236605,0.0
LINC02556,0.0004720401
CHFR-DT,0.0010143302
ENSG00000236627,0.006141877
ENSG00000236634,0.0
LINC02540,0.006357934
IFNA4,0.0
ENSG00000236641,0.000782523
ENSG00000236643,0.00019269185
LINC02810,0.001954871
DLX2-DT,0.0
LINC01923,0.000405333
ENSG00000236656,0.0
FIBCD1-AS1,0.0
ENSG00000236662,0.0
FRGCA,0.0005299332
ENSG00000236665,0.0
POTEH-AS1,0.0
LHX2-AS1,0.0
PRKG1-AS1,0.009034535
ENSG00000236676,0.0025819594
SETD4-AS1,0.00020176076
LINC00347,0.0
MAP3K2-DT,0.0052282987
ENSG00000236687,0.0
LINC01010,0.0017447006
MYB-AS1,0.0
SDK1-AS1,0.006708911
ENSG00000236717,0.0
OVAAL,0.0008246613
LINC01741,0.0
ENSG00000236723,0.006513067
ENSG00000236724,0.0014525758
ENSG00000236733,0.0023223204
GAGE12B,0.0
LINC01282,0.0
LINC01186,0.0035930185
ENSG00000236754,0.0014852365
DNAJC9-AS1,0.014174324
MTUS2-AS2,9.8706485e-05
CTAGE9,0.00049491384
LINC02659,0.0
ENSG00000236772,0.0007588618
INTS6-AS1,0.054239072
LINC01829,0.014723948
LINC00299,0.021829689
CNTNAP2-AS1,0.00092999643
LINC02626,0.0001463222
ENSG00000236800,0.0018836542
ELOA-AS1,0.08693569
ENSG00000236817,0.0009328274
LINC01563,0.0004974869
NMBR-AS1,0.0
ENSG00000236823,7.8387166e-05
BCYRN1,0.0
LINC00529,0.0
DMD-AS3,0.0
ENSG00000236833,0.037532665
LINC00421,0.0
PCYT1B-AS1,0.0002821762
ENSG00000236837,0.0
ENSG00000236838,0.0
ENSG00000236841,0.00010811028
ENSG00000236842,0.0
ENSG00000236846,0.0
LINC01474,0.001683327
ENSG00000236854,0.0
ENSG00000236858,0.0
BET1-AS1,0.0041014226
ENSG00000236864,8.448646e-05
TENT5C-DT,0.0
ZKSCAN7-AS1,0.16969863
LINC00106,0.17415579
ENSG00000236874,0.0
LINC01554,0.010777743
ENSG00000236883,0.00019186038
ENSG00000236885,0.001132778
ENSG00000236889,0.0
ENSG00000236892,5.9808684e-05
LINC03028,0.0
ENSG00000236896,0.0
ENSG00000236897,0.0
LINC02827,0.0020205812
CR1-AS1,0.0011795063
LINC01852,0.00456446
CLCA4-AS1,0.051176336
ENSG00000236920,0.0
ENSG00000236921,0.0001324647
LINC01378,0.007908287
LINC02851,0.13071819
ENSG00000236935,0.0007798042
ENSG00000236936,0.0
BAALC-AS2,0.0016413663
LINC01774,0.0
ENSG00000236951,0.0
ENSG00000236961,0.0043051485
LINC01141,0.00048275577
ENSG00000236968,0.0007302602
LINC02814,0.0
CIMIP7,0.0020463953
OR10G9,0.0
ENSG00000236985,0.0
ENSG00000236986,0.076610416
ENSG00000236989,0.00060271384
ENSG00000236990,0.0010941435
EDRF1-AS1,0.001916774
WASF3-AS1,0.005258204
ENSG00000237002,0.000101906204
GLIS3-AS1,0.0019995365
ENSG00000237011,0.0
LINC01812,0.004155368
ENSG00000237015,0.0034753573
PRPF31-AS1,0.002339532
ENSG00000237019,0.0056811715
IGHD1-20,0.0
ENSG00000237027,0.0
ENSG00000237031,0.001897147
ENSG00000237035,0.0
USP17L8,0.0
TTTY12,0.0
PRMT5-AS1,0.0021537622
LINC02087,0.0
MMEL1-AS1,0.0
ENSG00000237062,0.0
ENSG00000237063,0.00052992406
ENSG00000237070,0.00054326496
ENSG00000237073,0.0025374542
LINC02942,0.009328049
ENSG00000237076,0.001278242
EHMT2-AS1,0.013419955
ENSG00000237087,0.0
LINC01065,0.0
ENSG00000237094,0.0
ENSG00000237101,0.0013120591
TAAR9,0.0
IGHJ3P,0.0
LINC01056,0.0
ENSG00000237126,0.009699712
LINC02652,0.04838519
C4orf51,0.016829442
HUNK-AS1,0.0
ENSG00000237153,0.066540115
CNTFR-AS1,0.0
LINC01792,0.00040967177
ENSG00000237167,0.00027338436
ENSG00000237174,0.0018470116
LINC01797,0.00071340206
PRKAR1B-AS1,0.0025118059
IGHD1-7,0.0
ENSG00000237208,0.0
ENSG00000237212,0.0003806639
ENSG00000237220,0.0011827159
PPEF1-AS1,0.0
LINC01968,0.0052121147
ENSG00000237224,0.0
ZNF295-AS1,0.0046618492
TMEM26-AS1,0.00096469506
ENSG00000237234,0.002438359
TRDD2,0.0
CREB3L2-AS1,0.00010158977
MBD3L5,0.0
ENSG00000237250,0.001019572
TRBV30,0.0
ZNF133-AS1,0.0
LINC01810,0.0
LINC01519,0.0
ENSG00000237271,0.0
CATIP-AS2,0.03094096
LINC00851,0.0
ENSG00000237283,0.0
CARD11-AS1,0.0
LINC01343,0.0
LINC01732,0.00032395948
ENSG00000237293,0.0
ENSG00000237301,0.0039831684
LINC03011,0.009839281
ENSG00000237311,0.0
ENSG00000237312,0.0
ENSG00000237316,0.0010301109
ENSG00000237320,0.0
ENSG00000237324,0.0042650104
ENSG00000237326,0.0
RAI1-AS1,0.013647402
XIAP-AS1,0.0037928566
ENSG00000237336,0.00039734782
ELAVL4-AS1,0.0
FTCD-AS1,0.0
LINC01502,0.0038111596
SYP-AS1,0.000736608
ENSG00000237342,0.0
ENSG00000237343,0.0018708141
ENSG00000237346,9.809506e-05
PATE4,0.0
FAM88E,0.009406905
TUSC8,0.004156046
CAMTA1-AS3,0.0016677516
ENSG00000237370,0.0
ENSG00000237371,0.0
LINC03062,0.0019858067
ENSG00000237377,0.00015919126
ENSG00000237378,0.001318093
HOXD-AS2,0.049833156
ENSG00000237385,0.0
ENSG00000237387,0.0006352525
OR4A47,0.0
ENSG00000237389,0.0
ENSG00000237390,0.0006115884
LNCNEF,0.0
PITRM1-AS1,0.02255109
ENSG00000237400,0.01378528
LINC01304,0.00078346743
ENSG00000237407,0.0
NRXN2-AS1,0.00022951547
PRSS56,0.0
ENSG00000237414,0.0
ENSG00000237419,0.0
LINC01522,0.0
FOXD2-AS1,0.00097171793
ENSG00000237429,0.00013799324
LINC02790,0.0003557583
CAMTA1-DT,0.0035934409
CECR7,0.0
ENSG00000237445,0.00027095134
MEIOSIN,0.0033910007
ENSG00000237453,0.0
BRINP3-DT,0.0
LINC01661,0.00045819106
LRRC52-AS1,0.0033212735
ENSG00000237464,0.0015939629
ADGB-DT,0.0
ENSG00000237471,0.00026853374
ENSG00000237473,0.007575683
ENSG00000237477,0.00012828465
ENSG00000237479,0.0
ENSG00000237480,0.008411392
ENSG00000237481,0.009899189
LINC01684,0.005627654
LINC02919,0.0027414223
ENSG00000237498,0.0030481433
ENSG00000237500,0.0
PKN2-AS1,0.08293776
UNC5B-AS1,0.0023984804
SHISA9,0.26366577
CELSR1P1,0.0
LINC02971,0.0
OR7E24,0.0
LINC00857,0.0032630092
TEX51,0.0006445183
ENSG00000237525,0.0068970593
ENSG00000237527,0.0005660092
ENSG00000237529,0.01478703
ENSG00000237530,0.0
ENSG00000237531,0.017061412
ENSG00000237532,0.00015703836
IGHJ2P,0.0
LINC02567,0.0
KCND3-AS1,0.0
LINC01497,0.0007570605
LINC02836,0.002954656
ENSG00000237568,0.0009256179
LINC02862,0.0
LINC01856,0.0033409446
LINC01888,0.00019149364
LINC01514,0.0015223331
ENSG00000237581,0.0
ENSG00000237588,0.00039442178
LINC03089,0.0
IGKV1OR10-1,0.0
TIAM1-AS1,0.0
LINC01275,0.00077249215
PDE7B-AS1,0.14699253
ENSG00000237604,0.0
DYRK3-AS1,0.00058932754
LINC02943,0.0
ENSG00000237612,0.00067770836
FAM138A,0.0
ENSG00000237614,0.0005390751
ENSG00000237626,0.0
ENSG00000237633,0.0
FRY-AS1,0.01320383
LINC02245,0.00012377022
ENSG00000237640,0.0014378648
LINC01610,0.0017962805
KIFC1,0.003542437
ENSG00000237654,0.0038499422
ENSG00000237655,0.0008660108
LINC00316,0.0
GRM7-AS2,0.0
LINC01115,0.019990675
LINC01866,0.0
GAGE12C,0.0
TEX36-AS1,0.0
ENSG00000237685,0.0004589085
SCIRT,0.012768649
LINC00686,0.0
ENSG00000237689,0.0017130745
IRGM,0.0028764023
ENSG00000237699,0.0
PRAMEF33,0.0
TRBV3-1,0.0
ENSG00000237705,0.021599868
ENSG00000237707,0.0044432553
ENSG00000237713,0.0009256349
P4HA2-AS1,0.0032753842
ENSG00000237716,0.0
ENSG00000237718,0.00077386
ENSG00000237720,0.0
CAMTA1-AS2,0.0011584727
ENSG00000237734,0.00013286994
ENSG00000237735,0.0043030963
DCTN1-AS1,9.632583e-05
ENSG00000237741,0.0
HEY2-AS1,0.07321264
KCNH7-AS1,0.0032193197
LINC01143,0.0
SLC20A1-DT,0.00590208
ENSG00000237756,0.0
ENSG00000237759,0.0
ENSG00000237760,0.04027615
ENSG00000237761,0.0
AMY1A,0.0
LINC01370,0.0
ENSG00000237768,0.00049363653
LINC02631,0.0017958867
DDR1-DT,0.0006452095
GFOD1-AS1,0.0
LINC02877,0.0025100464
LINC01318,0.0
ENSG00000237798,0.0
PIRAT1,0.0010070276
LINC02984,0.0017113135
ENSG00000237813,0.04182351
CDK6-AS1,0.008954965
ENSG00000237832,0.0002682752
PHKA2-AS1,0.000431771
ENSG00000237837,0.0
ENSG00000237843,0.0019907115
ENSG00000237844,0.027616732
ENSG00000237851,0.0020934776
ENSG00000237856,0.0
IRS4-AS1,0.0
LINC00322,0.0
ENSG00000237874,0.0
LINC00398,0.0014268451
LINC01885,0.009417972
NALT1,0.005971803
ENSG00000237896,0.00041270757
SIRPG-AS1,0.0008550269
LRRC7-AS1,0.0
ENSG00000237921,0.0009529689
LINC02570,0.00030269244
ENSG00000237927,0.003097454
ENSG00000237934,0.0
LINC02702,0.00035375997
ENSG00000237938,0.008939284
KCNQ1DN,0.0
LINC00649,0.032544803
ENSG00000237947,0.0
LINC02918,0.0086409245
CT47A5,0.0
RFX5-AS1,0.0007585497
LINC02773,0.00093172316
CELF2-AS2,0.002248793
ENSG00000237987,0.0
OR2I1P,0.00034762092
LINC01679,0.0013470773
CNTN4-AS1,0.0012217478
LINC01808,0.0011101837
ENSG00000237993,0.0020515355
ENSG00000238004,0.0
LNCATV,0.0059055844
ENSG00000238012,0.0
SPTBN1-AS2,0.019371007
ENSG00000238019,0.0
HTR3E-AS1,0.0026103414
LMX1A-AS1,0.0
ENSG00000238031,0.00065295235
ENSG00000238034,0.0006197613
ENSG00000238035,0.07238279
ENSG00000238039,0.0
ENSG00000238043,0.0017352662
MVP-DT,0.086131305
ENSG00000238054,0.0
ZEB2-AS1,0.006453793
CAMSAP1-DT,0.014198582
SPATA3-AS1,0.0005883181
LINC01685,0.0027979254
TSPY9,0.0
LINC01352,0.0009318361
LRRC37A2,0.18090647
LINC02037,0.00048796585
LINC01625,0.0019689451
LINC02806,0.0
LINC01410,0.008594455
ENSG00000238117,0.0
LINC01589,0.0011343199
ENSG00000238122,0.0
MID1IP1-AS1,0.000584061
ENSG00000238124,0.0
ENSG00000238129,0.0
LINC02854,0.00016311386
MAP3K20-AS1,0.011506353
ENSG00000238140,0.0004960837
BRWD1-AS1,0.003126036
ENSG00000238156,0.00019188345
LINC02863,0.0018060374
LINC01053,0.0
ENSG00000238171,0.0012934778
ENSG00000238176,0.0005269661
MAGEB17-AS1,0.0007439206
CD81-AS1,0.11320359
ENSG00000238185,0.0
ENSG00000238186,0.0
ENOX1-AS2,0.0
ENSG00000238192,0.0
PHACTR3-AS1,0.0007142273
ENSG00000238195,0.0
PAXBP1-AS1,0.026095148
LRIG2-DT,0.024243996
ENSG00000238201,0.0
MPC1L,0.0
ENSG00000238207,0.006068076
ETDA,0.0
LINC02096,0.00060167775
LINC01877,0.00021039972
ENSG00000238221,0.018192224
ENSG00000238224,0.0
LINC00391,0.0
ENSG00000238232,0.0
LINC02778,0.011281062
OR2W3,0.0
ENSG00000238246,0.0030677312
ENSG00000238258,0.004291356
ENSG00000238260,0.0049466323
LINC00317,0.0
PAGE2B,0.0
ENSG00000238270,0.0
ENSG00000238272,0.0033856886
ENSG00000238273,0.0704181
ENSG00000238277,0.0
ENSG00000238279,0.0020717508
ENSG00000238280,0.0073561165
ENSG00000238282,0.0012899842
LINC01448,0.00022353017
EXO5-DT,0.09188723
ERRFI1-DT,0.028816763
ENSG00000238291,0.0
LINC02031,0.00045975254
LINC02023,0.0
FHL1P1,0.002474009
TTTY23,0.0
TXNDC5,0.004533746
LINC03051,0.016062815
ENSG00000239300,0.015297927
ENSG00000239311,0.0013332362
MORC1-AS1,0.0007679352
ATP6V1B1-AS1,0.0
LLPH-DT,0.004397304
ZNF775-AS1,8.7237764e-05
ENSG00000239381,0.015028645
ASB14,0.027458841
PCDHA13,0.0
ENSG00000239395,0.0
ENSG00000239415,0.0
LINC02008,0.009637325
ST3GAL6-AS1,0.033668242
SIDT1-AS1,0.0010320626
LINC02047,0.0007813666
KLHL41,0.0015972166
ENSG00000239480,0.0035654919
ENSG00000239482,0.022986125
PLCH1-AS1,0.00011215819
POM121L7P,0.0
LINC01210,0.0
CADM2-AS1,0.004988457
CASTOR3P,0.27532548
MYLK-AS1,0.04318345
HOXB-AS2,0.0
IGKV2D-30,0.0
ENSG00000239572,0.004166965
LINC00879,0.0024097334
OR1J4,0.0
ENSG00000239593,0.0
STPG4,0.009588656
RUVBL1-AS1,0.0
ENSG00000239628,0.0004337586
PLS1-AS1,0.0014750848
MEIKIN,0.0
PSMD6-AS2,0.054949332
ENSG00000239661,0.0
PDZRN3-AS1,0.0
HSPA5-DT,0.0052510696
ENSG00000239715,0.0007525096
ENSG00000239716,0.0
HLTF-AS1,0.00055945537
TLR9,0.0
ENSG00000239739,0.0
ENSG00000239767,0.0
TTC14-DT,0.009300836
WBP1,0.0015797636
ENSG00000239791,0.012631116
ITIH4-AS1,0.00021562957
PRAMEF11,0.0
IGKV1D-8,0.0
CCDC54-AS1,0.041413702
DEFA3,0.0
IGKV1-6,0.0
GET4,0.0042168866
IGKV1-37,0.0
IGSF11-AS1,0.0
KRTAP9-2,0.0
C1orf226,0.022391772
ENSG00000239906,0.0
ENSG00000239920,0.14308088
LINC01471,0.0015064996
ENSG00000239922,8.007886e-05
LINC02917,0.0019923411
TRBV8-2,0.0
ENSG00000239945,0.0
ZBTB20-AS3,0.0045760632
IGKV3-20,0.0
IGKV1D-33,0.0
ENSG00000239991,0.0006888867
TRBVA,0.0
ENSG00000239994,0.0
STIM2-AS1,0.0004612415
LINC02004,0.007847022
SLC9A9-AS1,0.0015997638
ENSG00000240015,0.0
TEX35,0.001197322
LNCSRLR,0.021181097
ENSG00000240033,0.0006039568
AMY2B,0.18100259
ENSG00000240040,0.0
IGHJ4,0.0
STRIT1,0.023066998
LY6G5B,0.0016461291
ENSG00000240056,0.00032695755
NEPRO-AS1,0.05305665
ATP11B-DT,0.0023562324
ENSG00000240093,0.02386233
ENSG00000240095,0.0
ERICH6-AS1,0.052257515
LINC02271,0.00085928646
MAGI1-AS1,0.033525374
PCDHGC3,0.0
ARHGEF3-AS1,0.007098206
SMKR1,0.002835635
ENSG00000240207,0.0
PPP1R35-AS1,0.0055971122
TRBV25OR9-2,0.0
ENSG00000240219,0.0054762
ENSG00000240241,0.0040902467
DEFA1B,0.0
B4GALT4-AS1,0.01346471
GHRLOS,0.0067888177
ACAD11,0.0043564993
SOCAR,0.0
ENSG00000240354,0.0
SEC62-AS1,0.0010603253
IGKV1-17,0.0
LCE1F,0.0
KIR3DL2,0.0
SAMMSON,0.013124882
LINC00636,0.0035791148
KRTAP13-3,0.0
REPIN1-AS1,0.0012262703
CSPG4P1Y,0.0
LINC00973,0.0
ENSG00000240478,0.0
ENSG00000240497,0.0
CDKN2B-AS1,0.013542368
ENSG00000240499,0.059330087
TNFRSF13B,0.0018256491
ENSG00000240521,0.0036331962
TM4SF1-AS1,0.021867268
KRTAP9-1,0.0
THOC7-AS1,0.00017203036
ENSG00000240553,0.0649155
LINC01472,0.0
L1TD1,0.005084252
LINC02067,0.0024079597
ENSG00000240571,0.014939313
ENSG00000240573,0.0
TRBV22-1,0.0
ENSG00000240591,0.0
KCNAB1-AS2,0.00074351864
C1QTNF9,0.0005804559
MME-AS1,0.00902062
IGKV1-8,0.0
ENSG00000240687,0.0012108692
LINC01168,0.00018260579
LINC02030,0.0
ENSG00000240710,0.012942147
LRRD1,0.0064963456
KRBOX1,0.0
PCDHGC5,0.0
PLCXD2-AS1,0.0
C21orf91-OT1,0.019498449
ENSG00000240777,0.0
SND1-DT,0.00096946204
ENSG00000240792,0.0
ENSG00000240842,0.0
IGKV1-16,0.0
C1QTNF9-AS1,0.0011834005
KRTAP4-7,0.0
PLCXD2,0.021985415
LINC02042,0.000115928255
ENSG00000240895,0.0
ENSG00000240915,0.0006991705
LSAMP-AS1,0.005633252
ENSG00000240963,0.0703183
ENSG00000240973,0.0
ENSG00000240980,0.0
HOXA11-AS,0.006042236
ENSG00000241042,0.0
ENSG00000241048,0.0021675036
ENSG00000241054,0.0
ENSG00000241059,0.0
ENSG00000241073,0.015572847
LINC01994,0.0005623846
PRICKLE2-AS2,0.00017802861
HLA-DOB,0.0004612635
PRICKLE2-AS1,0.0067223846
UGT1A9,0.0
KRTAP10-5,0.0
OR14A2,0.0
LINC02032,0.0
LINC00881,0.0011482441
ZNF722,7.786773e-05
LINC02066,0.00057600066
ARHGAP31-AS1,0.0036376675
ADAMTS9-AS1,0.7999461
LINC00877,0.0090781925
ENSG00000241168,0.0105373785
ENSG00000241169,0.009833514
CRIPTO,0.0018669246
ZIC4-AS1,0.0
IQCJ-SCHIP1-AS1,0.0016665723
LINC02024,0.0
LOLI1,0.00091387716
LINC03109,0.0038341526
C3orf85,0.019491402
ENSG00000241231,0.001553354
KRTAP5-8,0.00030871655
KRTAP4-16,0.0
IGKV1D-16,0.0
ENSG00000241269,0.0008593032
IGKV2-24,0.0
ZBTB20-AS2,0.024327675
WWTR1-AS1,0.0038691962
FBXW10B,0.0012456388
ENSG00000241324,0.001632643
LINC02070,0.0
LINC01487,0.0
ENSG00000241345,0.0018778236
IGKV3-11,0.0
ENSG00000241357,0.0012036846
SYNPR-AS1,0.0018636847
PDXP,0.0
LINC01192,0.009451576
LINC01997,0.0
LINC00903,0.00077422103
EGFL8,0.0
ENSG00000241449,0.02585961
ENSG00000241456,0.0
PLSCR5-AS1,0.0
LINC00635,0.0011194822
SSX2,0.0
MECOM-AS1,0.034741744
ARHGAP8,0.017607745
ENSG00000241489,0.0008256947
ENSG00000241490,0.0039876867
ENSG00000241505,0.000212578
ENSG00000241525,0.0026991013
LINC02029,0.00017240812
ZBTB20-AS1,0.030442422
CORT,0.0
IGKV2D-24,0.0
PAQR9-AS1,0.0
ENSG00000241593,0.004586898
KRTAP9-4,0.0
KRTAP5-4,0.0
ENSG00000241599,0.0
UGT1A1,0.0
CADM2-AS2,0.0
TRBV11-2,0.0
ENSG00000241666,0.00016347796
ENSG00000241667,0.0
LINC01327,0.0
ENSG00000241690,0.0
LINC02053,0.0
TMEFF1,0.0
ENSG00000241720,0.0
XACT,0.020154376
ENSG00000241754,0.0
IGKV1-9,0.0
LINC01324,0.0014888587
SPRR2A,0.008495239
SCG5-AS1,0.00048545544
CECR3,0.008107828
ENSG00000241881,0.0
ENSG00000241882,0.0007850759
ENSG00000241884,0.00046710417
TRBVB,0.0
ENSG00000241921,0.0013508996
DENND6A-DT,0.00020104412
HOGA1,0.0
ENSG00000241954,0.00056725985
LINC03000,0.10925082
ENSG00000241962,0.23171718
ENSG00000242009,0.0033921476
ENSG00000242012,0.0
KIR3DL3,0.0
ENSG00000242029,0.15060332
LINC01743,0.0
DNAJB8-AS1,0.0
ENSG00000242072,0.00045971374
IGKV1-33,0.0
ENSG00000242078,0.00027898178
SLC5A4-AS1,0.03555172
LRRC78P,0.0
LINC01100,0.0060553816
AMACR,0.02319223
MTFP1,0.0048988597
MDFIC2,0.012147533
ENSG00000242145,0.0
LASTR,0.00031426578
ENSG00000242154,0.0011832822
ARHGDIG,0.0019217914
ENSG00000242190,0.0
HOXB-AS4,0.0011176195
TCP10L,0.0036444115
PSG2,0.0
NECTIN3-AS1,0.04046176
BGLAP,0.0
LINC00996,0.005915081
PEG10,0.015412116
LINC02082,0.002826238
ENSG00000242282,0.0009511962
ZBTB20-AS5,0.14273386
ENSG00000242317,0.0060976655
LINC02025,0.00048107305
CT47A2,0.0
UGT1A8,0.003991284
KCNAB1-AS1,0.0
IGKV1-39,0.0
LINC00901,0.00036280078
RBMY1E,0.0
ENSG00000242391,0.0
ENSG00000242407,0.0
PCDHGC4,0.0
CFAP20DC-AS1,0.025609817
LINC02046,0.0065787383
GTF2A1L,0.0
IGHJ5,0.0
LINC03015,0.011787268
LINC01206,0.0005745375
UGT1A10,0.0
KLHL6-AS1,0.00027770715
IGKV2D-28,0.0
ENSG00000242536,0.01355124
ENSG00000242545,0.0013106572
SERPINB10,0.0
ENSG00000242553,0.009187124
ENSG00000242568,0.0
ENSG00000242578,0.0018995552
IGKV1D-43,0.0
ENSG00000242593,0.0031016485
ENSG00000242611,0.0
DECR2,0.05395279
ENSG00000242618,0.0
GSK3B-DT,0.044047043
ENSG00000242628,0.007284757
LINC00971,0.0051742676
ENSG00000242659,0.0
LINC02010,0.0
PDE6B-AS1,0.00092039746
CNTF,0.000286768
CCDC169,0.0
RTL5,0.0121822655
TRBV1,0.0
LINC02005,0.0002789085
IGKV1D-17,0.0
ZBTB20-AS4,0.0012233752
TRBV5-2,0.0
ENSG00000242775,0.0
LINC02050,0.0068606394
ENSG00000242790,0.0
PFN2-AS1,0.0011601939
ENSG00000242798,0.016760308
ENSG00000242816,0.0
ENSG00000242828,0.0047748038
ZNF709,0.0
STRC,0.0055885348
RBMY1B,0.0
ENSG00000242880,0.0030706914
IGHJ3,0.0
FLNC-AS1,0.0034301442
AADACL2-AS1,0.005876977
PLCH1-AS2,0.0
ERVW-1,0.00037316125
TDRD6-AS1,0.0036889778
ENSG00000243018,0.0011043082
GK-AS1,0.010089944
ENSG00000243062,0.00030520454
IGKV3-7,0.0
PRAMEF4,0.0
ENSG00000243081,0.115402944
LINC00870,0.006736126
ENSG00000243089,0.0068384176
PSG11,0.0008987425
PSG4,0.016904406
LINC02932,0.05289182
LINC02040,0.0005828744
ENSG00000243155,0.019024933
CCDC39-AS1,0.00079047965
TUSC7,0.0
PPAN-P2RY11,0.0
TWF2-DT,0.0008234264
ENSG00000243230,0.00026591457
PCDHAC2,0.0
IGKV2-30,0.0
ENSG00000243243,0.0
IGKV2D-29,0.0
ENSG00000243273,0.0
ENSG00000243276,0.01818039
VSIG8,0.0
IGKV1-12,0.0
CFAP20DC-DT,0.0021096896
ENSG00000243296,0.0
ENSG00000243305,0.01099162
LINC01998,0.0
ENSG00000243345,0.0
LINC02045,0.0011870649
MCCC1-AS1,0.00016675804
ENSG00000243384,0.002134655
PSMD6-AS1,0.018628662
TICAM2,0.0
ENSG00000243415,0.04431612
ENSG00000243433,0.00014976994
IGKV1-5,0.0
MNX1-AS1,0.0
AMY2A,0.0009266426
MIR1302-2HG,0.0
ENSG00000243486,0.0021650142
KRTAP10-11,0.0
ENSG00000243491,0.0
ENSG00000243501,0.0023507576
TNFRSF6B,0.0
IGLVIVOR22-2,0.0
WFDC6,0.0
LINC01214,0.0037882791
UPK3B,0.015781244
LINC02017,0.0010910102
ENSG00000243574,0.00020314654
LINC02049,0.0
ENSG00000243613,0.0006592823
ENSG00000243620,0.014172231
SMIM34,0.0
LINC00880,0.0054421113
ENSG00000243636,0.0016012001
CFB,0.030518651
ENSG00000243655,0.0
ZNF487,0.1327113
LINC02027,0.15451032
ENSG00000243696,0.0012881141
PLA2G4B,0.0
LEFTY1,0.0036013194
CFAP57,0.045736197
CACNA2D3-AS1,0.011324648
OR5V1,0.0017075161
ENSG00000243733,0.0
TMEM35B,0.0
ENSG00000243762,0.018494748
HOTTIP,0.0
KIR2DL3,0.0
JMJD7,0.0
LINC02044,0.00073667686
PEX5L-AS1,0.00027849313
CFAP61-AS1,0.0008839985
APOBEC3D,0.0
HLMR1,0.0006313591
LINC02000,0.0
CFAP44-AS1,0.014033163
ENSG00000243861,0.00030301156
ENSG00000243885,0.0
TRBV8-1,0.0
OR2A7,0.0
ENSG00000243903,0.0
TUBA4B,0.0013638258
ENSG00000243953,0.0
PARAL1,0.0
ENSG00000243969,0.0011296266
RTL9,0.0037293534
ACY1,0.02025467
MT1HL1,0.012210119
KRTAP19-3,0.0
UBE2H-DT,0.01707507
IL12A-AS1,0.011140953
ENSG00000244055,0.12380573
LCE3C,0.0
SPRR2F,0.0
IGKV2-28,0.0
UGT1A7,0.0
ATP1B3-AS1,0.0023674688
LINC01322,0.11913206
ENSG00000244137,0.0031566098
ENSG00000244151,0.0006812962
CALHM6-AS1,0.0
FLNB-AS1,0.0017332395
P2RY11,0.025891777
PELP1-DT,0.0008507357
ARHGEF35-AS1,0.13238458
FOXP1-AS1,0.008250515
LINC02016,0.00060982985
LRRC77P,0.0
ICA1-AS1,0.0007137776
ENSG00000244255,0.0
SIAH2-AS1,0.00016559425
DBNDD2,0.0
ENSG00000244278,0.0
ITGB5-AS1,0.019230144
PEX5L-AS2,0.0006305632
ENSG00000244310,0.0
LINC01326,0.0
ENSG00000244337,0.00060404476
LINC00698,0.00012819681
ENSG00000244345,0.0022386878
LY6G6D,0.0
ENSG00000244358,0.0
KRTAP19-7,0.0
ENSG00000244380,0.01307043
FAM3D-AS1,0.028767485
RBMY1D,0.0
KRTAP5-7,0.0009034523
IGKV3-15,0.0
LINC02077,0.0048608216
ENSG00000244464,0.0074547455
TPTE2P3,5.144553e-05
UGT1A4,0.0
ERVFRD-1,0.0
SCARF2,0.015127818
ENSG00000244491,0.0
SLC9A9-AS2,0.0
HDAC11-AS1,0.0034123051
KRTAP4-2,0.0
LINC01213,0.0015667109
KCNK15-AS1,0.0063519315
PRICKLE2-DT,0.0
IGKV1-27,0.0
LINC01391,0.0
WNT5A-AS1,0.0004755022
RAD21L1,0.0006580792
CCDC13,0.043708894
ASPRV1,0.0030687621
ENSG00000244619,0.0
OR2AE1,0.00014852991
KRTAP20-1,0.0
LINC02086,0.091893844
TRBV12-1,0.0
ENSG00000244676,0.0077924705
CTAGE8,0.0
PTCHD4,0.077120334
ENSG00000244706,0.0
C4A,0.000562771
ENSG00000244733,0.0026912198
CRYBB2,0.005771498
ENSG00000244757,0.035726935
ENSG00000244791,0.0
ALKBH3-AS1,0.002297571
RUFY1-AS1,0.047762707
ENSG00000244953,0.0012229407
LIFR-AS1,0.054282572
ASTILCS,0.00047628215
ENSG00000245008,0.0
LINC02453,0.0056778314
ENSG00000245025,0.013607282
C16orf46-DT,0.0005809728
IGFBP7-AS1,0.016410075
MIR3150BHG,0.0
A2M-AS1,0.0052483226
SMARCA5-AS1,0.00087770383
ARAP1-AS2,0.00089849386
RNF139-DT,0.018438384
ENSG00000245156,0.0039161644
GALNT7-DT,0.02246258
USP2-AS1,0.07074488
ENSG00000245261,0.0038982437
SAP30L-AS1,0.07451741
ASAH1-AS1,0.006276735
CYP2U1-AS1,0.0675621
BMAL2-AS1,0.009828362
H2AZ1-DT,0.033639837
DEPTOR-AS1,0.0039537437
CXXC4-AS1,0.022848448
ENSG00000245385,0.0
TTC9-DT,0.0
LINC02447,0.009174323
ENSG00000245482,0.0034259055
MSANTD2-AS1,0.020698681
LINC02709,0.0063395286
MIR9-2HG,0.008812798
RORA-AS1,0.15615869
LNCRNA-IUR,0.106581174
BDNF-AS,0.3474922
DACT3-AS1,0.00415946
DDX11-AS1,0.01677038
ENSG00000245651,0.0029907331
LINC02211,0.0025831177
ENSG00000245667,0.0006240501
ZNF585B,0.0050780918
FRG1-DT,0.15960534
NADK2-AS1,0.0
SKOR1-AS1,0.0
LINC02226,0.004397062
ENSG00000245748,0.0075450786
DRAIC,0.098022915
ENSG00000245768,0.07229971
LINC02202,0.0041584317
MIR4300HG,0.02599476
GS1-24F4.2,0.08800158
MEF2C-AS2,0.0018390648
ENSG00000245869,0.0
LINC00682,0.0
SDAD1-AS1,0.0053405603
LINC02273,0.0
RPL30-AS1,0.001184258
MINDY2-DT,0.0023241807
ALDH1L1-AS2,0.017200673
LINC02325,0.0039810855
MCPH1-DT,0.0046054553
ENSG00000246090,0.078052334
LINC01096,0.0
TNFRSF10B-AS1,0.0033033295
RRS1-DT,0.031786148
KCTD21-AS1,0.03322875
P4HA3-AS1,0.0
RETREG1-AS1,0.0067784972
LINC01550,0.118339285
ENSG00000246225,0.06516355
CASC8,0.019670166
ENSG00000246250,0.008038766
UBR5-DT,0.018229652
SBF2-AS1,0.09108023
ENSG00000246308,0.0070924005
ENSG00000246316,0.0025313837
FAM13B-AS1,0.002571569
PRR7-AS1,0.0039574276
EXTL3-AS1,0.003770839
ZBED9-AS1,0.00075999
LINC02458,0.00060841936
LACTB2-AS1,0.021847019
PPM1K-DT,0.014844985
GNAO1-DT,0.011534778
ZNF84-DT,0.0025036405
DIAPH1-AS1,0.011813139
LINC00968,0.0022840505
ENSG00000246465,0.0008838982
ENSG00000246477,0.0011465398
FZD4-DT,0.057107855
LINC02481,0.0029508732
SLCO5A1-AS1,0.003437884
SMARCAD1-DT,0.012003448
LINC02288,0.0075580534
PICART1,0.012504372
CIBAR1-DT,0.054457158
MGC16275,0.0017260589
PLA2G4E-AS1,0.003136926
RGMB-AS1,0.0021415902
COL25A1-DT,0.00027736402
DYNC1LI2-DT,0.0006034787
SORL1-AS1,0.0008254117
ENSG00000246792,0.00043290877
RIC3-DT,0.0011348122
ENSG00000246851,0.050624877
LINC02466,0.0013189712
DNM1P35,0.005527151
CTTN-DT,0.05474189
BRPF3-AS1,0.021339877
ENSG00000247011,0.0065368945
ENSG00000247033,0.0057927687
ENSG00000247049,0.0022322703
BAALC-AS1,0.1377401
ENSG00000247121,0.07614048
ENSG00000247130,0.00023519543
ENSG00000247131,0.00584054
ENSG00000247134,0.021134647
CSTF3-DT,0.00267661
LINC01252,0.037063345
ENSG00000247193,0.0012288608
FBXO38-DT,0.15646647
LINC01498,0.003417822
ENSG00000247228,0.18193626
ENSG00000247311,0.0032842623
LY6E-DT,0.03211356
ENSG00000247324,0.0019284978
ENSG00000247345,0.021781
NUP107-DT,0.0062722797
ENSG00000247372,0.0018903726
TMED2-DT,0.020232543
PLUT,0.004765112
DNAJC3-DT,0.040919818
ENSG00000247402,0.0
ENSG00000247416,0.0
CARS1-AS1,0.0051921783
CPEB2-DT,0.07861673
MARS2,0.0
LRP4-AS1,0.005715256
ENSG00000247679,0.011951554
FABP6-AS1,0.0006236419
ARHGAP11B-DT,0.021838848
KCTD13-DT,0.0013164103
ENSG00000247765,0.010941335
SNCA-AS1,0.0
MOCS2-DT,0.0046392647
ENSG00000247853,0.031623956
DGAT2-DT,0.00031245447
FAM174A-DT,0.03609909
TM7SF3-AS1,0.0018608702
ENSG00000247925,0.19761527
ENSG00000247934,0.02165362
ENSG00000247970,0.0173253
LINC00926,0.009001473
FOXD1-AS1,0.0
ENSG00000248015,0.0062960344
FAM13A-AS1,0.101029135
ARHGAP42-AS1,0.0011464484
ENSG00000248029,0.0
SYBU-AS1,0.00018247652
DPH6-DT,0.35970038
BCKDHA,0.002737407
INSL3,0.0026824668
ENSG00000248100,0.00067738345
LINC02039,0.0009738556
MARCOL,0.043546364
ENSG00000248112,0.0008106
ENSG00000248115,0.026220987
LINC01019,0.002838674
ENSG00000248125,0.0020792598
SV2C-AS1,0.0
LINC01194,0.009250437
LINC02101,0.0006642231
ENSG00000248137,0.0
ENSG00000248138,0.080950074
LINC02383,0.0
ENSG00000248145,0.0
ENSG00000248148,0.00036045854
LINC02150,0.0071502877
ANK2-AS1,0.002685966
ENSG00000248161,0.0030722443
ENSG00000248165,0.0022199762
TRIM39-RPP21,0.00010822778
ENSG00000248172,0.0022596535
LINC02268,0.0047792224
ENSG00000248176,0.0003194587
LINC02283,0.0
ENSG00000248187,0.00069172226
ATG10-AS1,0.0
ENSG00000248195,0.0
LINC00290,0.0044828723
ENSG00000248199,0.0
ENSG00000248203,0.0
LINC02355,0.015601737
TRPC7-AS1,0.06353236
LINC02505,0.008200462
SLIT3-AS1,0.0026905143
ENSG00000248223,0.0
LINC02513,0.00044314566
ENSG00000248235,0.0
LINC02438,0.0056802137
ENSG00000248242,0.12571158
LINC02014,0.0017254035
ENSG00000248245,0.003359797
ENSG00000248254,0.00030666578
OCIAD1-AS1,0.00615082
ENSG00000248261,0.00065991393
ENSG00000248262,0.00069376745
ENSG00000248268,0.0019098853
LINC02120,0.00081260625
ENSG00000248296,0.0037967716
LINC02360,0.008777509
LINC00616,0.007962004
MEF2C-AS1,0.1394405
ENSG00000248317,0.0
ENSG00000248318,0.0049093473
LINC02275,0.1283954
LUCAT1,0.034300696
APELA,0.0058511496
LINC00613,0.00058753084
ENSG00000248335,0.0006797194
LINC02472,0.00012723012
LINC02504,0.0010486927
ENSG00000248343,0.0
ENSG00000248356,0.0052657756
ENSG00000248358,0.0
LINC00504,0.05306431
ENSG00000248362,0.0
ENSG00000248363,0.0
TRAJ51,0.0
ENSG00000248367,0.015400255
ENSG00000248369,0.0
LINC02434,0.0
ENSG00000248373,0.2272411
ENSG00000248378,0.0
PCDHAC1,0.0
TARM1,0.00241691
HAFML,0.009854974
LINC02064,0.0
ENSG00000248393,0.0
LINC00498,0.0008208307
PRR5-ARHGAP8,0.023834797
LINC02469,0.0025812737
ENSG00000248416,0.0
ENSG00000248417,0.0
ENSG00000248425,0.0010185267
ENSG00000248428,0.0019562626
ENSG00000248431,0.0
ENSG00000248434,0.0033299467
ENSG00000248440,0.0
ENSG00000248443,0.0
SEMA6A-AS1,0.12134378
LINC02217,0.00061749114
LINC02485,0.000119140714
LINC02220,0.02342855
ENSG00000248458,0.0115676755
FGF10-AS1,0.002227044
ENSG00000248468,0.00010993917
ENSG00000248469,0.0003418469
LINC01962,5.7176625e-05
LINC02122,0.0003921938
ENSG00000248475,0.00065609167
ENSG00000248479,0.0
ENSG00000248482,0.0
ENSG00000248484,0.0003376379
PCP4L1,0.0048606386
CHD1-DT,0.15556735
ENSG00000248490,0.0
ENSG00000248491,0.048841946
ZFAT-AS1,0.0
LINC02380,0.0
LINC02267,0.014569539
ENSG00000248511,0.0
ENSG00000248514,0.0005359941
ENSG00000248515,0.07934111
ENSG00000248516,0.0006251318
LINC02437,0.07338678
LINC02058,0.0025477635
ENSG00000248529,0.0011711902
ENSG00000248537,0.0058054016
PPP1R3B-DT,0.011642963
LINC02117,0.0
ENSG00000248540,0.0003239029
ENSG00000248544,0.008359988
ENSG00000248545,0.0024634681
OTX2-AS1,0.022281872
ENSG00000248551,0.0022141386
C5orf34-AS1,0.0043630097
ENSG00000248567,0.0
ENSG00000248571,0.0
EGFLAM-AS2,0.0
ENSG00000248576,0.0016876295
GDNF-AS1,0.015457991
ENSG00000248588,0.0
STIMATE-MUSTN1,0.0012799343
ENSG00000248596,0.0
ENSG00000248597,0.0
SLEAR,0.00034516485
ENSG00000248600,0.0
ENSG00000248601,0.0059481733
ENSG00000248605,0.0016045315
ENSG00000248607,0.0
ENSG00000248627,0.0
ENSG00000248629,0.0009804209
RBM14-RBM4,0.15819047
ENSG00000248647,0.0018454737
ENSG00000248656,0.0013012623
LINC00992,0.013530181
ENSG00000248664,0.012563486
ENSG00000248667,0.0
LY75-CD302,0.00652275
LINC01331,0.0018642683
ENSG00000248676,0.003990055
LINC02102,0.00471322
LINC02484,0.032099683
HAS2-AS1,0.00037374106
ADGRL3-AS1,0.0073134354
LINC02100,0.015708469
ENSG00000248694,0.0
LINC01085,0.0
ENSG00000248701,0.0
LINC02415,0.0
LINC02144,0.00046250725
ENSG00000248709,0.0
TRIM59-IFT80,0.010253741
C4orf54,0.0032934798
ZNF652-AS1,0.0014324262
LINC02222,0.0
PRDM8-AS1,0.0
NPHP3-AS1,0.018493775
LINC01948,0.10494831
EGFLAM-AS4,0.0
ENSG00000248733,0.0
ENSG00000248736,0.0
ENSG00000248738,0.0
LINC02428,0.012655449
ENSG00000248744,0.00089867023
ACTN3,0.0006561107
ENSG00000248747,0.006810145
ENSG00000248749,0.0
ENSG00000248751,0.00033745702
ENSG00000248752,0.036471117
LINC02115,0.0020873928
ENSG00000248758,0.004270765
ENSG00000248762,0.0015708402
ENSG00000248764,0.0
FOXL3,0.0
SMIM31,0.0210557
ENSG00000248774,0.008875169
ENSG00000248779,0.0011631408
ENSG00000248783,0.00017875833
LINC02118,0.0005429132
ENSG00000248790,0.0
ENSG00000248799,0.00064269954
C8orf34-AS1,0.0029136846
ENSG00000248802,0.07996478
LINC01095,0.0
LINC02432,0.023921568
ENSG00000248813,0.0
ENSG00000248816,0.0018161656
ENSG00000248837,0.014280135
ENSG00000248839,0.0004576847
ENSG00000248842,0.0
LINC02753,0.00081178587
LINC02065,0.0
LINC01574,0.0
LINC02511,0.016872909
ENSG00000248870,0.0
TNFSF12-TNFSF13,0.0
LINC02431,0.0
ENSG00000248876,0.0
ENSG00000248881,0.0004432158
ENSG00000248884,0.0017269729
FAM138E,0.0
ENSG00000248896,0.017291233
PELO-AS1,0.014678305
LINC01846,0.0013814138
LINC02239,0.0
ENSG00000248912,0.00051436067
ENSG00000248918,0.0
ATP5MF-PTCD1,0.0
USP17L19,0.0
PDCD6-DT,0.002941894
USP17L22,0.0
ENSG00000248935,0.0026972168
ENSG00000248936,0.000642148
ENSG00000248939,0.0004946667
ENSG00000248943,0.0
ENSG00000248949,0.0
ENSG00000248954,0.0043435805
ENSG00000248962,0.0
ENSG00000248964,0.0001647141
ENSG00000248965,0.0
ENSG00000248968,0.0010956747
ENSG00000248969,0.012049513
ENSG00000248973,0.015455598
ENSG00000248975,0.0022045663
SPCS3-AS1,0.012492287
ENSG00000248984,0.004972007
LINC02758,0.00066875084
ENSG00000248993,0.0049848235
ENSG00000248994,0.015238275
LINC02231,0.004242002
PDLIM7-AS1,0.0002338918
ENSG00000249000,0.0015672159
ENSG00000249016,0.0
ENSG00000249017,0.0
ENSG00000249021,0.0
ENSG00000249022,0.0003147214
ENSG00000249023,0.0
ENSG00000249028,0.0028484953
CLMAT3,0.007539128
ENSG00000249036,0.0031014034
ENSG00000249041,0.0023197038
TRAV31,0.0
ENSG00000249049,0.0034299924
ENSG00000249052,0.0
FAM138D,0.0
ENSG00000249061,0.0075398567
LINC02496,0.0
EGFLAM-AS3,0.0
WSPAR,0.0
EPIST,0.00020752601
ENSG00000249084,0.0036109728
TNPO1-DT,0.014110763
ZNF436-AS1,0.004858918
ENSG00000249094,0.0005432984
LINC02362,0.014902958
ENSG00000249099,0.0
ENSG00000249100,0.00024346446
ENSG00000249102,7.620168e-05
USP17L17,0.0
GPM6A-DT,0.0001714953
ENSG00000249109,5.0240455e-05
ENSG00000249111,0.0001434462
ENSG00000249112,0.010536138
IRX4-AS1,0.0
LINC02215,0.0008398219
PSD2-AS1,0.0
EPPIN-WFDC6,0.0
LINC02517,5.927495e-05
ENSG00000249150,0.00012948278
LNCPRESS2,0.00026358146
ENSG00000249153,0.0
TAF11L12,0.0
PCDHA11,0.0
LINC02213,0.00256569
PRPF39-DT,8.751372e-05
SEMA6A-AS2,0.008959309
ENSG00000249169,0.0003967028
ENSG00000249171,0.000686089
LINC01093,0.00024425276
ENSG00000249174,0.0010981355
ENSG00000249175,0.0009884755
ENSG00000249180,0.000109671295
ENSG00000249186,0.0
TMEM132D-AS1,0.0
ENSG00000249198,0.0
ENSG00000249199,0.00022730307
TERLR1,0.03600095
ENSG00000249207,0.0075311107
ENSG00000249209,0.09647995
ENSG00000249216,0.0
ENSG00000249219,0.0
ATP5MGL,0.0
ENSG00000249225,0.0
ENSG00000249228,0.0
CASC16,0.0069328244
ENSG00000249234,0.00044168683
ENSG00000249236,0.12488491
ENSG00000249240,0.094778985
LINC02265,0.0057551125
TICAM2-AS1,0.012426919
C1QTNF7-AS1,0.38795057
ENSG00000249258,0.020350438
ENSG00000249261,0.0
LINC00939,0.026677849
ENSG00000249275,0.0003799481
ENSG00000249276,0.0
LINC02057,0.00093651144
ENSG00000249290,0.00065302587
ENSG00000249293,0.0006759797
ENSG00000249295,0.01909031
LINC02174,0.00024949235
ENSG00000249304,0.00042237877
LINC01411,0.010595747
ENSG00000249309,0.00063586776
APOBEC3B-AS1,0.0014566926
ENSG00000249318,0.00028061602
ENSG00000249319,0.10179663
CTD-2194D22.4,0.0
ENSG00000249328,0.007593946
ENSG00000249330,0.0012345297
LINC02149,0.0
ENSG00000249334,0.0011449392
LINC01333,0.0
LINC02405,0.009947837
LINC01016,0.0009929594
ENSG00000249349,0.00012009914
LINC02198,0.018886413
ENSG00000249359,0.013799664
LINC02488,0.0
LINC02997,0.034286316
ENSG00000249373,0.0
CASC11,0.003743073
LINC01060,0.17299321
GCLC-AS1,0.0
LINC02071,0.0028829516
FLJ12825,0.0
ENSG00000249392,0.002536901
CASC9,0.0450959
LINC02212,0.0033298086
ENSG00000249403,0.0
ENSG00000249404,0.0
ENSG00000249405,0.0
TILAM,0.0
IL20RB-AS1,0.009431376
ENSG00000249409,0.00059493835
ENSG00000249412,0.00030749573
ENSG00000249413,0.024112333
ENSG00000249417,0.09341749
ENSG00000249419,0.0005166191
ADAMTS19-AS1,0.00028536902
LINC02477,0.01582021
ENSG00000249426,0.010123025
ENSG00000249429,0.00013568168
LNCBRM,0.0
ENSG00000249441,0.0009998629
TRAJ60,0.0
ENSG00000249451,0.00083330786
ENSG00000249453,0.0019967305
ENSG00000249458,0.0012677015
ZNF286B,0.019571247
LINC02500,0.0
LINC01091,0.18503775
ZNF324B,0.01179455
ENSG00000249474,0.00022148405
ENSG00000249478,0.00045518044
ENSG00000249479,0.0
SPATS1,0.0
LINC01470,0.13344575
LINC01586,0.0038072616
LINC02146,0.0
EGFLAM-AS1,0.0
DMXL1-DT,0.09154541
LINC02075,0.0
LINC01179,0.0014066241
MED28-DT,0.018242132
NEUROG2-AS1,0.0016446353
ENSG00000249513,0.0
LINC02113,0.0008196305
LINC01438,0.0
LINC02114,0.0
ENSG00000249526,0.035393644
MIR302CHG,0.0007406416
LINC01258,0.0110357255
MCTP1-AS1,0.0
ENSG00000249547,0.0044880416
LINC01234,0.001529872
LINC02216,0.0
ENSG00000249568,0.0
TARS1-DT,0.008450801
ENSG00000249574,0.0052822502
CLRN2,0.00083938375
LINC02225,0.0
ENSG00000249588,0.00019432211
ENSG00000249590,0.0
ENSG00000249593,0.01636771
BMPR1B-DT,0.0013102104
LINC01187,0.061136015
ENSG00000249602,0.002617307
ENSG00000249609,0.00026485728
ZNF474-AS1,0.0
LINC02173,0.00013839336
LINC02503,0.0020861928
LINC02465,0.0034490433
ENSG00000249621,0.000115928255
PALLD-AS1,0.0
IFNAR2-IL10RB,0.0017766996
LINC00942,0.00053938193
ENSG00000249631,0.23008284
ENSG00000249635,0.023848359
ANKHD1-DT,0.05935943
ENSG00000249639,0.0
HOXC13-AS,0.0
ENSG00000249642,0.0052923793
LINC02900,0.0
CEP72-DT,0.00037431222
ENSG00000249655,0.0
ENSG00000249658,0.0
LINC02218,0.0004947641
ENSG00000249664,0.001655211
LINC01259,0.0007933229
NOP14-AS1,0.039504882
ENSG00000249675,0.007013168
ENSG00000249678,0.003281327
ENSG00000249679,0.0010904053
ENSG00000249685,0.0042331284
ENSG00000249690,0.002260166
SPMAP2L,0.007229323
ENSG00000249695,0.0044020065
ENSG00000249697,0.0016928454
LINC02261,0.0056945584
DDIT4L-AS1,0.0020556333
ENSG00000249713,0.0003143288
FER1L5,0.06049811
PARM1-AS1,0.0008237022
ENSG00000249722,0.0
ENSG00000249725,0.0015428754
ENSG00000249727,0.0
LINC02242,9.487048e-05
ENSG00000249737,0.0
ENSG00000249738,0.038238764
OSMR-DT,0.3130725
ENSG00000249742,0.001390447
ENSG00000249743,0.026001163
ENSG00000249746,0.002321919
LINC02374,0.0
CAPSL-DT,0.0
ENSG00000249752,0.000686082
ENSG00000249753,0.008472805
ENSG00000249771,0.0
ENSG00000249772,0.0
ENSG00000249773,0.01639644
ENSG00000249776,0.044572566
LINC02112,0.023724021
ENSG00000249782,0.0
LINC02103,0.0
EAF1-AS1,0.009047046
ENSG00000249787,0.00025102845
ENSG00000249791,0.0
ENSG00000249792,0.0
LINC02147,0.11123734
CTB-1I21.1,0.0
ENSG00000249806,0.015209084
ENSG00000249807,0.0014438519
LINC01377,0.0
USP17L21,0.0
LINC02945,0.002573613
LINC00964,0.02909271
ENSG00000249818,0.0
THBS4-AS1,0.013039539
LINC02162,0.0
ENSG00000249831,0.0
CFAP100-DT,0.0
VCAN-AS1,0.017326472
ENSG00000249842,0.0
LINC02021,0.04530815
ENSG00000249847,0.0
ENSG00000249849,0.0070287506
HS3ST5,0.013918824
CDH18-AS1,0.0008078489
ENSG00000249856,0.01986129
ENSG00000249857,0.00037562696
LGALS16,0.0
ENSG00000249865,0.0
LINC02742,0.0925133
ENSG00000249868,0.019199697
ENSG00000249870,0.07372274
LINC02372,0.0
ENSG00000249875,0.00093953306
ENSG00000249877,0.0027083661
LINC02501,0.000438431
ENSG00000249883,0.0008354199
RNF103-CHMP3,0.03278454
ENSG00000249892,0.0
ENSG00000249894,0.0
JAKMIP1-DT,0.0
MCPH1-AS1,0.13788858
ITGA2-AS1,0.013029766
ENSG00000249901,0.0005448188
NGFR-AS1,0.0026887837
TRBV26,0.0
ENSG00000249916,0.03347559
LINC00536,0.008966435
LINC02891,0.0006493999
ENSG00000249924,0.0
ENSG00000249926,0.0
GOLGA8K,0.0023156356
LINC02223,0.010361994
ENSG00000249941,0.0
ENSG00000249942,0.00057705166
ENSG00000249945,0.0008140113
ENSG00000249951,0.0013407684
ENSG00000249955,0.0007565104
ENSG00000249959,0.0
TERB1,0.010721739
ENSG00000249966,0.0
ENSG00000249967,0.067165814
ENSG00000249971,0.0
TRGV7,0.0
ENSG00000249981,0.0
ENSG00000249982,0.0
TMEM158,0.0019315473
BFSP2-AS1,0.005108957
ENSG00000249994,0.0
PPIC-AS1,0.013075099
ENSG00000249998,0.005082103
GJD2-DT,0.0021427649
ENSG00000250015,0.008700818
ARPIN-AP3S2,0.0010901439
ENSG00000250024,0.0
ENSG00000250025,0.0023669808
ENSG00000250027,0.0017266535
ENSG00000250032,0.0
ENSG00000250034,0.0
IGKV1D-37,0.0
ENSG00000250038,0.0002198026
ENSG00000250039,0.026291842
ENSG00000250041,0.0
LINC02514,0.0
ENSG00000250043,0.00038679896
LINC00603,0.0055541825
ENSG00000250049,0.011201992
LINC01018,0.0
ENSG00000250057,0.01983596
MAPK10-AS1,0.04550018
ENSG00000250064,0.009040727
ENSG00000250066,0.0
YJEFN3,0.021849433
SH3TC2-DT,0.0029546148
ESAM-AS1,0.008442508
ENSG00000250075,0.07200533
ENSG00000250081,0.0002901166
DNAH10OS,0.0
ENSG00000250092,0.0
NREP-AS1,0.00591434
ENSG00000250098,0.0013969326
LINC02377,0.0045369333
PANCR,0.010135992
ENSG00000250105,0.0
ANKRD33B-AS1,0.0
CACNA1G-AS1,0.0
RHOQ-AS1,0.023364695
PCDHA10,0.0
ENSG00000250122,0.004389244
ENSG00000250124,0.0
LINC02232,0.014374055
ENSG00000250126,0.00017865247
LINC02108,0.007572598
ENSG00000250129,0.0060562436
AGA-DT,0.13191998
ENSG00000250132,0.0011770265
ENSG00000250137,0.056344874
LINC02276,0.0
ENSG00000250149,0.011450491
ENSG00000250150,0.0
ARPC4-TTLL3,0.00017944977
SLC1A3-AS1,0.005214229
PKD2L2-DT,0.052970126
ENSG00000250164,0.0
C2CD5-AS1,0.001607835
ENSG00000250167,0.0019923763
ENSG00000250173,0.0
ENSG00000250180,0.0
ENSG00000250186,0.0
LINC02364,0.00046476215
ENSG00000250192,0.0
ENSG00000250193,0.0
ENSG00000250195,0.06939746
LINC02199,0.0
ALDH1L1-AS1,0.0008065041
ANKRD17-DT,0.38055316
ENSG00000250230,0.0029689008
ENSG00000250240,0.008899585
PCDH10-DT,0.0027841483
ENSG00000250242,0.0
ENSG00000250243,0.006663626
ENSG00000250250,0.00033777862
LINC02430,0.0
PTTG2,0.0
ENSG00000250256,0.0006195492
ENSG00000250258,0.0076123937
ENSG00000250259,0.0
ENSG00000250260,0.0002689803
LINC02509,0.0
ENSG00000250264,0.0009515997
LINC01612,0.009030642
ENSG00000250267,0.0010087199
ENSG00000250271,0.0
ENSG00000250274,0.0
ENSG00000250282,0.0
RDH10-AS1,0.084839635
GIMD1,0.0
LINC01618,0.006959097
TRMT9B,0.29343525
MYOZ3-AS1,0.0
LINC02229,0.0
EDIL3-DT,0.16844329
USP38-DT,0.1270635
MGC32805,0.014088621
LINC01340,0.01639469
ENSG00000250333,0.014548377
LINC00989,0.01850407
PURPL,0.0041482565
ENSG00000250338,0.0
LINC02494,0.000371125
LINC02510,0.0
STK32A-AS1,0.013641636
NDNF-AS1,0.0007808894
ENSG00000250348,7.708756e-05
ENSG00000250349,0.16494118
ENSG00000250354,0.026208796
ENSG00000250357,0.004324295
LINC02200,0.0005274948
GYPB,0.0020433909
HEATR5A-DT,0.010597238
TUNAR,0.0004727404
ENSG00000250371,0.0095157
TRIM75,0.0
ENSG00000250375,0.0
GSCAR,0.0
ENSG00000250378,0.0
ENSG00000250379,0.0005465943
ENSG00000250383,0.011573308
ENSG00000250385,0.0
LINC02197,0.034203295
ENSG00000250390,0.0021128366
LINC02502,0.0
ENSG00000250397,0.017263653
ENSG00000250402,0.0
ENSG00000250406,0.001118578
ENSG00000250407,0.0016354357
ENSG00000250409,0.00015693445
LRP2BP-AS1,0.081499726
SLC2A9-AS1,0.0008807918
LINC02116,0.0
ENSG00000250421,0.018061396
KIAA1210,0.0010967259
ENSG00000250424,0.0077031697
LINC02148,0.0011934272
FAM242C,0.0036106084
CLSTN2-AS1,0.00027820445
LINC02499,0.05860592
LINC02161,0.012468433
ENSG00000250438,0.0
LINC02105,0.0018227436
MARCHF11-DT,0.0
HOXC-AS1,0.0029392915
ENSG00000250453,0.00012359906
LINC02260,0.0
PHOX2B-AS1,0.0017756962
FAM218A,0.0033438287
LINC02233,0.014410077
LINC02145,0.021218514
ENSG00000250493,0.0020863595
ENSG00000250497,0.002216643
ENSG00000250501,0.00078030804
ENSG00000250503,0.0
LINC02701,0.0
ENSG00000250509,0.000106271116
LINC02125,0.0
ENSG00000250519,0.0042721597
ENSG00000250522,0.009217178
ENSG00000250524,0.0
LINC02121,0.0051163975
ENSG00000250532,0.0
NPY2R-AS1,0.0
ENSG00000250541,0.004911404
ENSG00000250543,0.0
LINC02059,0.0
LINC01303,0.021082332
ENSG00000250555,0.0
LINC02999,0.0012698213
ENSG00000250572,0.0
ENSG00000250576,0.0
ENSG00000250577,0.0
ADAMTS16-DT,0.04533456
SMAD1-AS2,0.0011144001
ENSG00000250583,0.0
LINC01511,0.0009266207
LINC00604,0.00019071918
LINC02492,0.012662822
ENSG00000250592,0.011719363
ENSG00000250596,0.0
ENSG00000250597,0.0
ROPN1L-AS1,0.0
ENSG00000250602,0.039174378
ENSG00000250603,0.0025200897
ENSG00000250604,0.0
ENSG00000250614,0.0049044034
ENSG00000250615,0.0
YPEL3-DT,0.0055267992
ENSG00000250619,0.007381492
LINC02515,0.0002976939
ENSG00000250623,0.0003616068
ENSG00000250626,0.002722587
ENSG00000250629,0.00023603476
LINC02171,0.0
LINC01182,0.28885075
CXXC5-AS1,0.00030597014
LY6G6F-LY6G6D,0.0004174656
ENSG00000250643,0.0014829974
ENSG00000250644,0.0049236147
ENSG00000250646,0.0049216007
ENSG00000250658,0.0013269451
ENSG00000250659,0.0025712254
ENSG00000250665,0.0
LINC01596,0.00048323756
LINC02123,0.0
REELD1,0.0028087234
ENSG00000250674,0.0
ENSG00000250681,0.00034226626
LINC00491,0.0049634334
ENSG00000250685,0.00058354717
TRAJ55,0.0
ENSG00000250692,0.00039594513
ENSG00000250694,0.0
ENSG00000250696,0.0735426
ENSG00000250697,0.021009518
ENSG00000250698,0.0010154392
ENSG00000250699,0.016363345
ENSG00000250704,0.0
ENSG00000250706,0.007633884
LINC02269,0.0018405152
CCDC169-SOHLH2,0.0023430516
ENSG00000250714,0.0027835984
P3R3URF,0.0
ENSG00000250723,0.0016363747
ENSG00000250734,0.0016898673
ENSG00000250735,0.008652328
LINC01262,0.0
ENSG00000250740,0.003105244
NT5C1B-RDH14,0.0
USP17L20,0.0
MSRB3-AS1,0.0106892595
ENSG00000250751,0.005725215
LINC02436,0.016681563
ENSG00000250761,0.0005677976
ENSG00000250764,0.043473672
SEPTIN14P5,0.006852613
ENSG00000250770,0.0
LINC01365,0.00021857712
ENSG00000250775,8.392257e-05
ENSG00000250781,0.19146974
TAF11L14,0.0
ENSG00000250790,0.002130664
ENSG00000250791,0.0
PRODH2,0.37490255
THOC3-AS1,0.00017652848
ZNF475,0.004041853
ENSG00000250806,0.0
LINC02221,0.0009258296
LINC02493,0.002435033
EXOC1L,0.0
LINC02111,0.0
ENSG00000250829,0.00016803246
ENSG00000250831,0.0
ENSG00000250838,0.0
ENSG00000250842,0.014196286
USP17L18,0.0
EPHA5-AS1,0.0034611784
ENSG00000250850,0.00045642763
ENSG00000250855,0.0016194556
ENSG00000250863,0.0003553242
ENSG00000250865,0.0
ENSG00000250866,0.005105276
ENSG00000250874,0.0
ENSG00000250877,0.0005435863
ENSG00000250882,0.0006537987
LINC02061,0.059940405
ENSG00000250887,0.0
LINC01455,0.0031320427
LINC02208,0.023787165
ENSG00000250893,0.00068615325
ENSG00000250899,0.004564462
TRIM7-AS1,0.0022850286
SMAD1-AS1,0.0012719035
ENSG00000250905,0.0007314177
ENSG00000250906,0.0086572645
ENSG00000250908,0.0
ENSG00000250909,0.005734855
MAP9-AS1,0.005518996
USP17L23,0.0
ENSG00000250915,0.0
ENSG00000250920,0.0
LINC02063,0.0
LINC01181,0.0
LNX1-AS1,0.0
ENSG00000250934,0.009735969
MAD2L1-DT,0.15047501
ENSG00000250945,0.015698634
TRPC7-AS2,0.0010269713
ENSG00000250949,0.0
ENSG00000250950,0.0019274504
ENSG00000250954,0.0081865415
ENSG00000250955,0.0018586777
LINC00492,0.00035017714
LINC02382,0.0
ENSG00000250969,0.001480946
ENSG00000250971,0.0
LINC02196,0.02195328
ENSG00000250976,0.0
ENSG00000250977,0.0
MARCHF11-AS1,0.00025795528
LINC02600,0.0046103247
ENSG00000250990,0.0032170296
ENSG00000250992,0.0
ENSG00000250993,0.0016284571
ENSG00000250994,0.008613545
ENSG00000250999,0.0063821794
ENSG00000251009,0.0002094604
ENSG00000251010,0.0
TMEM108-AS1,0.0
ENSG00000251012,0.0047161677
SLC25A30-AS1,0.0098807
HMMR-AS1,0.0
NIHCOLE,0.0
LINC01950,0.057411343
ENSG00000251031,0.0020582909
ENSG00000251033,0.002337824
IGKV2D-40,0.0
LINC02480,0.0
SLC25A48-AS1,0.00019967536
ENSG00000251048,0.0
ENSG00000251049,0.0006028312
ENSG00000251054,0.0
ENSG00000251055,0.00022995923
ENSG00000251058,0.0
PRKG2-AS1,0.0014181049
LINC02512,0.011095899
LMNB1-DT,0.010079309
HTT-AS,0.0032501922
ENSG00000251076,0.025242291
ENSG00000251080,0.0
ENSG00000251081,0.0
ENSG00000251088,0.005844886
ENSG00000251093,0.0
ENSG00000251095,0.008199307
ENSG00000251125,0.0
ENSG00000251126,0.0
ENSG00000251127,0.0
WWC2-AS1,0.0013169347
LINC02506,0.00586808
ENSG00000251131,0.0056620208
ENSG00000251132,0.0
LINC02882,0.0047823787
ENSG00000251139,0.0060920888
MRPS30-DT,0.06832388
ENSG00000251143,0.010940239
ENSG00000251148,0.01689499
ENSG00000251152,0.017273327
ENSG00000251161,0.00053506333
F11-AS1,0.047152516
ENSG00000251168,0.0
LINC01843,0.0065962686
ENSG00000251170,0.005499484
ENSG00000251171,0.016284702
UCHL1-DT,0.001588572
GSTCD-AS1,0.0
ENSG00000251176,0.0
TMEM92-AS1,0.0060232216
LINC02497,0.001571711
LINC01861,0.0006537629
ENSG00000251184,0.003518914
ENSG00000251185,0.013061192
ENSG00000251186,0.00033678501
ENSG00000251187,0.00928781
ENSG00000251189,0.00010863801
LINC00589,0.0024429082
ZNF674,0.051411875
ENSG00000251199,0.00067365216
ENSG00000251200,0.0028611259
TMED7-TICAM2,0.03055224
ENSG00000251205,0.0
TILRLS,0.0
LINC00923,0.049283274
LINC02270,0.0006605231
ENSG00000251213,0.0
ENSG00000251214,0.0
ENSG00000251216,0.0036310174
LINC01337,0.0033912926
CNOT10-AS1,0.002898028
LINC02714,0.0018003746
MIR3945HG,0.0028623473
ENSG00000251239,0.0
ENSG00000251244,0.0
EFNA4-EFNA3,0.0002081649
ENSG00000251248,0.0
ENSG00000251250,0.0
LINC02358,0.0
ENSG00000251257,0.0007781951
RFPL4B,0.0
ENSG00000251259,0.004071544
WDFY3-AS1,0.009502932
ENSG00000251264,0.0
LINC02429,0.0007497705
ENSG00000251270,0.00058245263
LINC02228,0.012740603
MAGI2-AS1,0.0
SMIM15-AS1,0.034736734
ENSG00000251281,0.0
LINC02272,0.0
ALG1L2,0.013977257
LINC02462,0.0
ERVH-1,0.00782521
ENSG00000251293,0.009752369
ENSG00000251294,0.0008410769
TMEM184C-DT,0.0020730416
LINC02384,0.087825716
CCNO-DT,0.05605515
ENSG00000251309,0.04800684
ENSG00000251310,0.0
LINC02214,0.0024162207
ENSG00000251320,0.0
PCAT4,0.0
LINC02728,0.007901602
LINC01386,0.00048738372
ENSG00000251325,0.0
LINC02479,0.00035266913
LINC02353,0.0
ENSG00000251330,0.0017671604
ENSG00000251339,0.0026676946
MSANTD3-TMEFF1,0.012356321
LINC02475,0.0
ENSG00000251357,0.022195952
WWC2-AS2,0.0031675403
ENSG00000251361,0.00016347796
LINC02315,0.0016312842
SYT9-AS1,0.08252981
LINC02236,0.0
ENSG00000251367,0.0
SEMA5A-AS1,0.0005470725
ENSG00000251371,0.0
LINC00499,0.00307403
ENSG00000251376,0.0
ENSG00000251377,0.0043871053
DCANP1,0.0
LINC00958,0.1772984
LINC02483,0.00034528718
ENSG00000251387,0.00013074091
ENSG00000251388,0.03410842
ENSG00000251391,0.0037107798
LINC01301,0.0895872
LINC01256,0.003779927
ENSG00000251408,0.0
ENSG00000251409,0.0057935813
ENSG00000251410,0.0005827543
ENSG00000251412,0.00031069038
ENSG00000251414,0.0053396877
ENSG00000251417,0.008934533
ENSG00000251421,0.0
ENSG00000251423,0.015102027
ENSG00000251426,0.0
LINC02615,0.35326785
ENSG00000251434,0.0
ENSG00000251438,0.0036718887
LINC02160,0.00019327311
CBR4-DT,0.00034965706
ENSG00000251446,0.0
ENSG00000251448,0.0051276446
RASGRF2-AS1,0.00424086
ENSG00000251455,0.0027940674
ENSG00000251458,0.0009425664
ENSG00000251459,0.0
ENSG00000251460,0.0
ENSG00000251461,0.0022150576
ENSG00000251471,0.0005883318
ENSG00000251487,0.0
ENSG00000251488,0.0032719884
ENSG00000251490,0.0
FOXD1,0.002850405
PITPNM2-AS1,0.0005662003
CENPS-CORT,0.009902346
LINC01099,0.068959296
ENSG00000251510,0.0
ENSG00000251511,0.0
LIX1-AS1,0.17224106
ENSG00000251517,0.0
ENSG00000251523,0.0029677101
LINC02435,0.00069229805
ENSG00000251527,0.0
LINC00605,0.00016951597
ENSG00000251536,0.0
ENSG00000251537,0.0056544463
LINC02201,0.0077561717
LINC01957,0.0
LINC02230,0.0
IGKV1D-39,0.0
ENSG00000251555,0.25760305
ENSG00000251556,0.007768107
ENSG00000251567,0.012224833
ENSG00000251569,0.003440429
LINC02106,0.0
ENSG00000251574,0.035704218
LINC03123,0.00012040675
LINC01267,0.0
TACR3-AS1,0.0027804736
TRBV21-1,0.0
ENSG00000251584,0.0003672608
TET2-AS1,0.00084610947
ENSG00000251598,0.005170018
ENSG00000251599,0.030991623
GUSBP5,0.0
ENSG00000251601,0.0
MTA1-DT,0.0062875785
LINC01385,0.0
FHIP1A-DT,0.00019440668
ENSG00000251615,0.012690079
ENSG00000251616,0.0
LINC02508,0.00055323076
STPG2-AS1,0.014207233
ENSG00000251623,0.0
LINC02241,0.19195037
LINC02172,0.0028070689
LINC02278,0.00012923237
LINC02754,0.06829751
ENSG00000251642,0.0
LINC02379,0.0
PRB1,0.0018892711
ENSG00000251661,0.0122916605
PCDHA12,0.0
ENSG00000251665,0.00026261393
ENSG00000251670,0.0020265533
ENSG00000251675,0.028117012
SNHG27,0.010574043
ENSG00000251680,0.015995849
ENSG00000251687,0.0012010385
LINC02507,0.0053256024
PTX4,0.0
ENSG00000253100,0.00035337053
ENSG00000253102,0.0
LINC01609,0.0091149965
ENSG00000253105,0.00020240487
ENSG00000253106,0.0077120825
ENSG00000253108,0.0061798813
ENSG00000253110,0.0
TRIB1AL,0.021794751
ENSG00000253112,0.00028404657
ENSG00000253116,0.025122646
OC90,0.0
IGLV2-34,0.0
ENSG00000253121,0.0
ENSG00000253122,0.00071948837
IGLVI-56,0.0
IGKV2D-36,0.0
ENSG00000253130,0.00049661857
IGHV7-56,0.0
IGHV3-62,0.0
GPAT4-AS1,0.045604896
ENSG00000253134,0.0
LINC00967,0.0
LINC02947,0.0
ENSG00000253141,0.001275359
ENSG00000253143,0.0
LINC03023,0.0
RGS21,0.00048579264
IGHVII-28-1,0.0
IGLV3-17,0.0
ENSG00000253154,0.0024103855
IGKV3-31,0.0
LINC01605,0.02668717
ENSG00000253163,0.0
ENSG00000253164,0.000894317
ENSG00000253165,0.0
WASHC5-AS1,0.0008243602
ENSG00000253168,0.0008319695
IGHVII-65-1,0.0
ENSG00000253170,0.0
ENSG00000253171,0.0019305367
ENSG00000253172,0.0
ENSG00000253174,0.0
ENSG00000253177,0.0025431896
ENSG00000253181,0.00041161888
LINC02948,0.0007898457
ENSG00000253184,0.010383369
HOXA10-AS,0.026000345
TRBV6-7,0.0
ENSG00000253189,0.0
ENSG00000253190,0.0014669267
IGKV1D-32,0.0
ENSG00000253194,0.1121104
ENSG00000253196,0.0010127513
LINC02153,0.00037273642
ENSG00000253200,0.020815436
IGKV3-25,0.0
ENSG00000253205,0.0014424807
ENSG00000253206,0.0
ENSG00000253207,0.0012660115
IGHV3-65,0.0
DENND3-AS1,0.0049169497
ENSG00000253214,0.00015117909
ENSG00000253215,0.0
ENSG00000253217,0.0050600814
ENSG00000253220,0.00022474323
ENSG00000253227,0.0009862526
MIR124-1HG,0.0006558853
IGLV2-5,0.0
LINC02143,0.0041405563
ENSG00000253238,0.034847323
IGLVI-70,0.0
IGHV3-36,0.0
IGHV3-50,0.0
IGLVIV-64,0.0
ENSG00000253244,0.0
IGHV3-76,0.0
C8orf88,0.0069938106
ENSG00000253252,0.00046573437
FAM83A-AS2,0.0
ENSG00000253260,0.0
ENSG00000253263,0.0
IGKV2-14,0.0
ENSG00000253266,6.0333296e-05
DLGAP2-AS1,0.0014655316
ENSG00000253269,0.0
ENSG00000253270,0.024550926
IGHV1-67,0.0
ENSG00000253275,0.0
IGKV2-10,0.0
LINC02209,0.00037125166
ENSG00000253280,0.0
ENSG00000253282,0.001176281
ENSG00000253286,0.0018122359
ENSG00000253287,0.0019417584
ENSG00000253288,0.0712243
TRBV7-7,0.0
HOXA10,9.92168e-05
IGHVII-40-1,0.0
ENSG00000253295,0.0011665039
LINC01845,0.00018768317
ENSG00000253300,0.01212558
LINC01606,0.5119196
STAU2-AS1,0.003120946
IGHVIII-82,0.0
PCDHGB6,0.0
ENSG00000253307,0.0
ENSG00000253308,0.0002559692
SERPINE3,0.0052021802
IGHVIII-76-1,0.0002448847
LINC01847,0.0033624265
LINC00293,0.0032241654
LINC01932,0.0
ENSG00000253317,0.0016288913
MAILR,0.39384165
ENSG00000253321,0.0
ENSG00000253322,0.00511844
IGHV7-34-1,0.0
RAD21-AS1,0.0
IGLV3-30,0.0
ENSG00000253331,0.0010128962
ENSG00000253334,0.0019716755
ENSG00000253335,0.004539877
IGLV3-29,0.0
ENSG00000253339,0.0
ENSG00000253342,0.0
ENSG00000253343,0.0002934816
ENSG00000253344,0.00315048
IGHVII-22-1,0.0
ENSG00000253347,0.050059758
ENSG00000253348,0.021804344
LINC01298,0.0014573832
TUG1,0.0
ENSG00000253354,0.004370677
ENSG00000253356,0.004739124
ENSG00000253358,0.0
IGHV3-37,0.0
ENSG00000253363,0.0042006774
COPDA1,0.0
IGKV1D-22,0.0
IGHVIII-25-1,0.0
ENSG00000253373,0.0
ENSG00000253374,0.00011422865
ENSG00000253376,0.0
ENSG00000253377,0.0011421613
ENSG00000253380,0.0004137372
ENSG00000253385,0.00037629565
IGHVII-49-1,0.0
IGHVIII-5-1,0.0
ENSG00000253388,0.0
ENSG00000253389,0.00017196531
ENTPD4-DT,0.0022249082
ENSG00000253392,0.024582105
LINC00534,0.10558532
LINC03044,0.0013320431
ENSG00000253396,0.0
ENSG00000253397,0.0
ENSG00000253398,0.0039389688
GABRA6-AS1,0.0
CTNNA1-AS1,0.0030209003
EVX1-AS,0.0
ENSG00000253406,0.0
ENSG00000253407,0.0
IKBKB-DT,0.007035022
TRBV7-4,0.0
IGHVIII-13-1,0.0
ENSG00000253416,0.00030724742
LINC02159,0.00016037359
ENSG00000253420,0.0015593647
ENSG00000253424,0.00018859403
ENSG00000253427,0.0016480864
LINC01942,0.003916521
ENSG00000253432,0.0
ENSG00000253433,0.0037179606
LINC02237,0.010555786
IGKV2-4,0.0
IGHV3-33-2,0.0
IGHV3-25,0.0
ENSG00000253445,0.0054509123
ENSG00000253447,0.0
IGLV3-6,0.0
ENSG00000253449,6.9676695e-05
IGLV2-28,0.0
ENSG00000253452,0.0009472253
LINC03054,0.0
ENSG00000253456,0.0
SMIM18,0.0082634725
IGHVII-15-1,0.0
IGKV2OR22-3,0.0
IGKV1-35,0.0
IGHVIII-26-1,0.0
IGHVIV-44-1,0.0
IGHV7-40,0.0
ENSG00000253469,0.0
ENSG00000253470,0.0
ENSG00000253471,0.0028061147
ENSG00000253474,0.0002308498
ENSG00000253476,0.00079577306
ENSG00000253477,0.013694341
LINC01603,0.0024906262
IGKV1OR22-1,0.0
IGHVII-26-2,0.0
IGKV2-36,0.0
ENSG00000253489,0.0
LINC02099,0.0021354416
IGHVII-30-1,0.0
ENSG00000253496,0.08415821
IGKV1-13,0.0
ENSG00000253500,0.011897257
IGKV3D-34,0.0
ENSG00000253503,0.0016552095
LINC02949,0.0008592054
NACA2,0.0399869
IADEN,0.00016374119
ENSG00000253508,0.0011029812
ENSG00000253510,0.0
SQLE-DT,0.00018755047
ENSG00000253515,0.0
ENSG00000253519,0.00049969665
HPYR1,0.0
MIR3142HG,0.009818159
ENSG00000253523,0.0
ENSG00000253524,0.0010163864
ENSG00000253526,0.00042966907
ENSG00000253527,0.0
ENSG00000253530,0.00043344262
TRBV6-8,0.0
ADAM7-AS1,0.041113835
PCDHGA7,0.0
ENSG00000253538,0.0
ENSG00000253539,0.0
IGHV3-52,0.0
IGLVVI-22-1,0.0
PYDC2,0.0
CA3-AS1,0.005193396
ENSG00000253551,0.0
ENSG00000253553,0.029474942
LINC01414,0.06525403
ENSG00000253557,0.01742429
OSGEPL1-AS1,0.01023903
ENSG00000253561,0.0010328729
ENSG00000253562,0.00022529403
NKX2-1-AS1,0.0
ENSG00000253567,0.0032108112
ENSG00000253572,0.0
ENSG00000253573,0.0047278954
ENSG00000253574,0.0015087908
ENSG00000253576,0.0
ENSG00000253577,0.0
IGKV1-22,0.0
OXR1-AS1,0.1432059
ENSG00000253583,0.0
ENSG00000253585,0.0
IGHV3-30-2,0.0
IGLV3-13,0.0
KCNIP1-AS1,0.00483544
IGKV2-38,0.0
ENSG00000253593,0.00033472237
LINC01300,0.0
ENSG00000253596,0.0
SLC10A5,0.019421348
CERNA3,0.0
ENSG00000253604,0.0
ENSG00000253607,0.050907645
ENSG00000253608,0.011889453
ENSG00000253613,0.0079830885
ENSG00000253614,0.00025897444
CHILL1,0.0013730964
GRPEL2-AS1,0.0035862383
ENSG00000253619,0.009226067
IGKV2-23,0.0
ENSG00000253627,0.018105237
ENSG00000253628,0.0005195915
ENSG00000253629,0.0007816667
IGLV7-35,0.0
ENSG00000253632,0.0
LINC03047,0.0009414561
ENSG00000253634,0.0012636689
IGHVIII-67-3,0.0
ENSG00000253636,0.049043853
IGLVV-58,0.0
LINC03022,0.018496884
ENSG00000253642,0.01976698
ADAM7-AS2,0.0
LINC02845,0.0
KCNIP1-OT1,0.0
ENSG00000253648,0.0
PRSS51,0.0072000795
ENSG00000253652,0.003771673
ENSG00000253653,0.014148591
ENSG00000253656,0.0009856946
LINC01592,0.008092665
ENSG00000253659,7.176534e-05
ENSG00000253660,0.0
ZFHX4-AS1,0.006417027
ENSG00000253664,0.00060512853
LINC02866,0.0013267106
ENSG00000253666,0.09636898
GASAL1,0.01952366
ENSG00000253672,0.0
ENSG00000253673,0.0070770546
IGHVII-78-1,0.0
ENSG00000253675,0.045432594
ENSG00000253678,0.000120739234
LINC02844,0.0
ENSG00000253682,0.0
LINC01484,0.005624557
ENSG00000253687,0.0003495975
ENSG00000253688,0.0029034407
ENSG00000253690,0.0070671854
IGKV2OR22-4,0.0
IGHEP1,0.0
ENSG00000253693,0.06577955
PINX1-DT,0.0
KBTBD11-OT1,0.0024761069
ENSG00000253698,0.0
ENSG00000253699,0.0023830987
LINC02847,0.00066287763
IGHV1-68,0.0
VIRMA-DT,0.023911305
ENSG00000253706,0.0005907827
ENSG00000253708,0.0019283056
IGHV1-14,0.0
ENSG00000253711,0.0
LINC02886,0.0021345306
ENSG00000253713,0.0
IGHVII-53-1,0.0
ENSG00000253715,0.00039070257
ENSG00000253717,0.0
ENSG00000253720,0.012028997
ENSG00000253722,0.00023972859
ENSG00000253728,0.0
ENSG00000253730,0.0010033818
IGKV2-19,0.0
LZTS1-AS1,0.002551853
LINC01289,0.00076952216
ENSG00000253736,0.10982158
ENSG00000253740,0.0
LNCOC1,0.00315554
IGHV3-60,0.0
ENSG00000253744,5.910219e-05
ENSG00000253745,0.0
ENSG00000253746,0.0
IGHVII-62-1,0.0
ENSG00000253749,0.0
IGLVI-63,0.0
ENSG00000253754,0.00040096554
IGHGP,0.025713263
IGHV3-57,0.0
IGHV3-6,0.0
KBTBD11-AS1,0.0016216253
IGKV2D-19,0.0
ENSG00000253768,0.0
CFAP418-AS1,0.24361621
ENSG00000253775,0.0018306816
ENSG00000253776,0.0
ENSG00000253778,0.0039406302
IGLVVI-25-1,0.0
IGHVIII-2-1,0.0
ENSG00000253782,0.0
ENSG00000253783,0.0
ENSG00000253784,0.0011751824
IGLV3-15,0.0
LINC02219,0.0
ENSG00000253792,0.0
IGLV10-67,0.0
ENSG00000253796,0.009064482
ENSG00000253798,0.0
LINC01030,0.0
ENSG00000253806,0.0
LINC01170,0.012620953
IGHVII-46-1,0.0
ENSG00000253809,0.00016857557
ENSG00000253811,0.0016183188
IGLV1-41,0.0
LINC01151,0.0003683673
IGHVII-67-1,0.0
ENSG00000253821,0.0016868075
IGLV3-24,0.0
IGLV1-62,0.0
ENSG00000253824,0.00029207132
ENSG00000253825,0.0
ENSG00000253829,0.00534432
ETV3L,0.00031926873
ENSG00000253832,0.0010221951
ENSG00000253834,0.0011009375
ENSG00000253836,0.0033076077
RBM12B-DT,0.00064515584
ENSG00000253851,0.0
ENSG00000253852,0.0021967515
ENSG00000253853,0.21403559
ENSG00000253854,0.0
ENSG00000253855,0.0010936122
ENSG00000253857,0.0
ENSG00000253858,0.00555396
IGKV3-34,0.0
IGHVIII-47-1,0.0
ENSG00000253865,0.00015959257
FER1L6-AS2,0.004691253
IGKV1-32,0.0
ENSG00000253871,0.0
PCDHGA11,0.0
IGLVIV-66-1,0.0
ENSG00000253875,0.0040218877
LINC01608,0.0015146481
ENSG00000253879,7.223532e-05
ENSG00000253880,0.011398151
IGHV3-19,0.0
ENSG00000253887,0.0
ENSG00000253888,0.023109272
IGLVI-38,0.0
ENSG00000253892,0.0
FAM85B,0.4542418
ENSG00000253894,0.0
IGHVII-44-2,0.0
ENSG00000253896,0.0
LINC01419,0.0
ENSG00000253901,0.016571982
ENSG00000253903,0.0
IGKV2D-10,0.0
PCDHGB2,0.0
ENSG00000253911,0.00062002643
IGLV3-26,0.0
IGLV3-31,0.0
ATOX1-AS1,0.0032541067
ENSG00000253924,0.0
ENSG00000253925,0.0042919423
ENSG00000253926,0.0008873072
ENSG00000253927,0.0
TNFRSF10A-AS1,0.000345547
ENSG00000253932,0.00030070543
IGLVIV-53,0.0
IGHV3-63,0.0
ENSG00000253939,0.008917618
IGHVII-51-2,0.0
MTUS1-DT,0.13266201
ENSG00000253947,0.0
ENSG00000253949,0.00019165616
PCDHGB4,0.0
LINC02995,0.0
ENSG00000253956,0.0
IGHV3-22,0.0
LINC01863,0.00054713344
ENSG00000253961,0.00069650303
IGLV3-2,0.0
ENSG00000253965,0.00068688556
LINC03020,0.00042388408
ENSG00000253968,0.0007377662
MAL2-AS1,0.020948445
NRIP3-DT,0.0061230003
ENSG00000253976,0.010263306
TENM2-AS1,0.009309052
ENSG00000253979,0.0
ENSG00000253980,0.007361723
ENSG00000253986,0.0
IGHVIII-38-1,0.0
ENSG00000253992,0.00037223913
IGKV2-29,0.0
IGKV3D-31,0.0
ENSG00000254000,0.0
ENSG00000254001,0.0
ENSG00000254002,0.0009877578
SRI-AS1,0.0006524519
ENSG00000254006,0.0010646774
ENSG00000254007,0.0
LINC00051,0.0013379682
IGKV2D-38,0.0
IGHEP2,0.0
SLC45A4-AS1,0.0022243173
ENSG00000254020,0.0
ENSG00000254021,0.0
GRHL2-DT,0.0225268
LINC03023,0.0
LNMICC,0.00023785059
IGLC4,0.0
IGLC5,0.0
ENSG00000254031,0.008121415
ENSG00000254033,0.00045411228
INTS9-AS1,0.000253679
ENSG00000254035,0.024518425
IGHVIII-67-2,0.0
ENSG00000254038,0.0
ENSG00000254040,0.0
LINC03084,0.00031125417
SLIT3-AS2,0.0011330367
ENSG00000254043,0.0
IGHVIII-22-2,0.0
IGHV1-17,0.0
ENSG00000254050,0.0
IGHVIII-67-4,0.0
IGHVIII-5-2,0.0
ENSG00000254054,0.0001920275
ENSG00000254055,0.00040459968
IGHV3-71,0.0
ENSG00000254057,0.0017254408
ENSG00000254060,0.0
PIWIL2-DT,0.009431269
LINC01938,0.00011999187
ENSG00000254067,0.0
IGLVVII-41-1,0.0
IGLVV-66,0.0
IGLV3-7,0.0
LINC03071,0.000514628
LINC01299,0.004490421
LINC01591,0.008922471
ENSG00000254084,0.0033599448
ENSG00000254086,0.0
ENSG00000254089,0.0
ENSG00000254092,0.0
IGKV3D-25,0.0
IGKV2-26,0.0
ENSG00000254099,0.0053207185
BHLHE22-AS1,0.0
LINC01848,0.0
RBPMS-AS1,0.029843641
ENSG00000254111,0.0008192867
ENSG00000254113,0.0
LINC02842,0.0019182625
PCDHGB7,0.0
LINC02839,0.0016485061
CD8B2,0.0010739716
IGLCOR22-1,0.0
ENSG00000254129,0.023572598
LINC01947,0.0012952881
IGHVII-74-1,0.0
ENSG00000254135,0.002786896
ENSG00000254136,0.00094287755
LINC02950,0.0005368347
IGKV2-18,0.0
ENSG00000254160,0.0
IGLVIV-65,0.0
ENSG00000254162,0.0020042835
ENSG00000254163,0.0015705179
ENSG00000254164,0.0
ENSG00000254165,0.0
CASC19,0.0
IGHV8-51-1,0.0
ENSG00000254171,0.008812102
IGHV1-12,0.0
IGLVI-42,0.0
IGHV3-75,0.0
ENSG00000254177,0.0008569582
ENSG00000254178,0.0
ENSG00000254186,0.3110872
ENSG00000254187,0.0002754521
ENSG00000254192,0.00053057907
ENSG00000254194,0.001562875
ENSG00000254197,0.008065926
ENSG00000254201,0.0008206088
ENSG00000254202,0.027388602
IGHVII-33-1,0.0
ENSG00000254204,0.0
ENSG00000254205,0.0028142913
ENSG00000254208,0.0
LINC02855,0.0007671436
LINC01485,0.016373575
IGHVIII-11-1,0.0
IGKV2D-18,0.0
PCDHGB1,0.0
ENSG00000254222,0.0077458373
UQCRB-AS1,6.388766e-05
LINC01933,0.05787571
ENSG00000254227,0.000710238
IGHV3-42,0.0
ENSG00000254230,0.0
LINC02365,0.0051424145
ENSG00000254236,0.0005184672
ENSG00000254237,0.007879748
ENSG00000254238,0.0
ENSG00000254239,0.0020705175
IGLVI-20,0.0
ENSG00000254242,8.475251e-05
PCDHGA3,0.0
ENSG00000254246,0.005903012
ENSG00000254248,0.0032759006
ENSG00000254249,0.0
ENSG00000254251,0.0033169421
PENK-AS1,0.0014069866
ENSG00000254258,0.0048323474
ENSG00000254260,0.0
ENSG00000254261,0.014285983
ENSG00000254263,0.008523874
IGKV3OR22-2,0.0
PKIA-AS1,0.010760417
ANK3-DT,0.0050632
ENSG00000254277,0.0006013365
ENSG00000254278,0.0015580802
IGHVII-1-1,0.0
ENSG00000254287,0.0
ENSG00000254288,0.0068914043
IGHV3-32,0.0
ENSG00000254291,0.0
IGKV2D-14,0.0
ENSG00000254293,0.0
ENSG00000254295,0.006499588
ENSG00000254297,0.0
ENSG00000254298,0.0
LINC01944,0.0
LINC01111,0.0076237274
ENSG00000254302,0.0001721932
ENSG00000254303,0.0044092634
ENSG00000254307,0.000114812756
IGLVIV-59,0.0
ENSG00000254314,0.00012742051
ENSG00000254315,0.0
ENSG00000254317,0.0004328042
LINC03021,0.11416061
ENSG00000254321,0.0
IGHV7-27,0.0
IGHVII-60-1,0.0
NDST1-AS1,0.01260734
LINC03093,0.00017237272
ENSG00000254337,0.0
MAFA-AS1,0.00068921235
ENSG00000254339,0.0
ENSG00000254340,0.011099984
LINC01288,0.0018514477
IGKV2D-23,0.0
ENSG00000254347,0.00043672582
MIR2052HG,0.047416862
ENSG00000254350,0.0012292195
IGLVI-68,0.0
XKR4-AS1,0.0
ENSG00000254361,0.0015430066
ENSG00000254365,0.00028075223
ENSG00000254366,0.0040828562
ENSG00000254367,0.0061579277
HOXA-AS3,0.012416852
ENSG00000254372,0.0
MIR124-2HG,0.0
ENSG00000254380,0.00038846946
ENSG00000254383,0.0
RHPN1-AS1,0.00070544943
ENSG00000254391,0.000917942
ENSG00000254394,0.0008432844
IGHV4-55,0.0
ENSG00000254396,0.0035665173
ENSG00000254397,0.0055974163
ENSG00000254400,0.0
LINC02752,0.0058912723
LRRC24,0.017993681
ENSG00000254404,0.0022292044
CHKB-CPT1B,0.00031734697
LINC02732,0.010922677
LINC02584,0.0
SPON1-AS1,0.047247596
ENSG00000254422,0.00032872398
ENSG00000254428,0.009772583
ENSG00000254429,0.00031493223
ENSG00000254431,5.0240455e-05
ENSG00000254432,0.0
ENSG00000254433,0.0006779676
ENSG00000254434,0.0004449533
LINC02683,0.00039426555
PBOV1,0.0
ENSG00000254443,0.0
HSPB2-C11orf52,0.0008760386
CAPS2-AS1,0.00091847713
ENSG00000254452,0.0
NAV2-AS2,0.0014727958
LINC02699,0.0021767814
ENSG00000254458,0.00036224793
ENSG00000254459,0.0578004
ENSG00000254461,0.0077353744
OR4D10,0.0017174
ENSG00000254467,0.0
ENSG00000254468,0.0030969856
XNDC1N,0.2528839
ENSG00000254477,0.003310084
LINC02749,0.0004379544
ENSG00000254485,0.0
LINC02547,0.0006348986
ENSG00000254488,0.0
MPPED2-AS1,0.010923856
ENSG00000254495,0.0
ENSG00000254497,0.0
ENSG00000254499,0.0021008898
ENSG00000254501,0.00078954024
FBXO3-DT,0.0
ENSG00000254511,0.0
ENSG00000254514,0.0
LINC02760,0.0
LINC02750,8.7237764e-05
SIGLEC12,0.0
ENSG00000254526,0.023653354
FXYD6-AS1,0.044803325
LINC02755,0.017706312
ARL14EP-DT,0.01164063
ENSG00000254533,0.00065274676
ENSG00000254536,0.0068799453
ENSG00000254538,0.077957675
ENSG00000254539,0.009180449
ENSG00000254540,0.0
ENSG00000254545,0.0
ENSG00000254548,0.0016329389
OMP,0.0
ENSG00000254551,0.0036833528
XIRP2-AS1,0.0
ENSG00000254553,0.008277186
ADM-DT,0.0003522016
ENSG00000254557,0.0
ENSG00000254559,0.002537215
BBOX1-AS1,0.09707927
LINC01493,7.141556e-05
ENSG00000254563,0.0
ENSG00000254566,0.0
ENSG00000254568,0.003379875
ENSG00000254571,0.006495785
ENSG00000254573,0.02267295
ENSG00000254574,0.0
ENSG00000254575,0.0
ENSG00000254578,0.0002259579
LINC02719,0.00037122218
LINC03031,0.0
MAGEL2,0.0005069267
ENSG00000254586,0.0
ETS1-AS1,0.0
ENSG00000254592,0.00077534973
LINC02686,0.0
CSNK2A3,0.0
ENSG00000254599,0.0
ENSG00000254604,0.118610695
ENSG00000254605,0.0006084151
ENSG00000254606,0.0
ENSG00000254607,0.00021917606
ENSG00000254610,0.0
CAPN1-AS1,0.007401584
ENSG00000254620,0.007829366
NAV2-AS4,0.0
ENSG00000254625,0.0
ENSG00000254626,0.0
ENSG00000254631,0.011682958
ENSG00000254632,0.0020721094
ARMS2,0.004732999
ENSG00000254638,0.0
ENSG00000254639,0.0
ENSG00000254645,0.00048741116
INS,0.0
ENSG00000254648,0.0002418641
ENSG00000254649,0.0
ENSG00000254653,0.0009024566
LINC02685,0.00049282925
RTL1,0.0
LINC02715,0.0076422985
LINC02682,0.0014439016
ENSG00000254662,0.0017298601
ENSG00000254664,0.0011597101
ENSG00000254665,0.0
ENSG00000254669,0.00016037359
RASSF10-DT,0.012985274
ENSG00000254673,0.001939872
ENSG00000254675,0.0008826851
ENSG00000254680,0.0001094681
ENSG00000254686,0.0
ENSG00000254687,0.00039273265
ENSG00000254688,0.00013585968
LINC02235,0.008729007
ENSG00000254690,0.0
ENSG00000254691,0.0
ENSG00000254692,0.07391582
CD82-AS1,0.0
ENSG00000254694,0.0
LINC02695,0.0
SENCR,0.00052871095
ENSG00000254705,9.5451025e-05
ENSG00000254706,0.0
ENSG00000254707,0.0001297522
IGLL5,0.00022312903
ENSG00000254710,0.00054012024
ENSG00000254718,0.014882161
ENSG00000254721,0.0
MEX3A,0.0051248306
ENSG00000254732,0.0
ENSG00000254733,0.07491057
ENSG00000254734,0.0043667164
OR10G4,0.0
ENSG00000254739,0.0
ENSG00000254741,0.000102362574
ENSG00000254753,0.0
ENSG00000254754,0.0
ENSG00000254756,0.0011629909
SIGLEC10-AS2,0.0
KLC2-AS2,0.0
SLC17A6-DT,0.0063478467
EEF1G,0.0005504702
ENSG00000254775,0.00019362752
ENSG00000254777,0.008001754
ENSG00000254787,0.01968134
CKLF-CMTM1,0.0
ENSG00000254789,0.004286445
ENSG00000254790,0.0
ENSG00000254802,0.0
ENSG00000254804,0.0
SYS1-DBNDD2,0.033048015
ENSG00000254810,0.0
ENSG00000254812,0.00072782143
LINC03019,0.0027198757
LMNTD2-AS1,0.022408925
ANO3-AS1,0.0
ENSG00000254820,0.0
ENSG00000254822,0.0
LINC02727,0.0
ENSG00000254829,0.0
ENSG00000254830,0.0
ENSG00000254833,0.0
OR5M10,0.0
RNF185-AS1,0.0
LIPT2-AS1,0.0
ENSG00000254839,0.0
LINC02551,0.0019681517
ENSG00000254844,0.019495899
ENSG00000254846,0.0018832051
ENSG00000254847,0.0
NPIPA2,0.0012406753
NECTIN1-DT,0.001737937
KLC2-AS1,0.0
ENSG00000254859,0.013920268
TMEM9B-AS1,0.0806395
ENSG00000254861,0.0015494121
LGR4-AS1,0.005196462
LINC02744,0.0
ENSG00000254864,0.00017410649
ENSG00000254865,0.020438515
ATP6V1G2-DDX39B,0.00066074566
LINC02688,0.004742073
ENSG00000254873,0.0032883356
ENSG00000254874,0.0
ENSG00000254878,0.0006786323
PTPRJ-AS1,0.001198306
PKNOX2-DT,0.0
ENSG00000254885,0.0057671536
RAP1BL,0.0
NAV2-AS1,0.000120956756
ENSG00000254898,0.0016790846
ENSG00000254900,0.00034723856
ANO1-AS1,0.0
ENSG00000254905,0.0
ENSG00000254906,0.0
ENSG00000254907,0.01820197
ENSG00000254910,0.0004809404
SCARNA9,0.0
ENSG00000254913,0.00027659963
ENSG00000254919,0.0
ENSG00000254921,0.00011619272
LINC02545,0.0
PKNOX2-AS1,0.0006890994
ENSG00000254933,0.0
LINC00678,0.0007586836
ENSG00000254938,0.0
ENSG00000254942,0.00016396125
ENSG00000254943,0.0
LINC02751,0.00027326014
LINC02705,0.0
INMT-MINDY4,0.0070577897
KIRREL3-AS2,0.0
ENSG00000254963,0.0
ENSG00000254964,0.0
IGSF22-AS1,0.007422093
LINC02763,0.021851683
ENSG00000254971,0.0
ENSG00000254972,0.008089546
ENSG00000254973,0.010778169
ENSG00000254975,0.0011119886
ENSG00000254979,0.0029600365
ENSG00000254980,0.00042646765
PDGFDDN,0.074542955
ACER3-AS1,0.00875908
ENSG00000254989,0.0
ENSG00000254990,0.0037127135
ENSG00000254991,0.00032090256
STX16-NPEPL1,0.04374959
ANKHD1-EIF4EBP3,0.049129028
KRTAP5-9,0.0012291225
LINC02324,0.00065366714
SLC1A2-AS1,0.0
ENSG00000255005,0.0017965687
LINC02489,0.00026066188
LINC02739,0.0007776056
UBTFL1,0.0
OR5M1,0.0
TDH-AS1,0.0
ENSG00000255021,0.009726659
ENSG00000255026,0.021228483
ENSG00000255027,0.0033986676
ENSG00000255029,0.010863349
TSPAN18-AS1,0.00095840753
ENSG00000255038,0.0009825618
LINC02553,0.0
ENSG00000255041,0.0010545063
NAV2-AS5,0.0
NRGN-AS1,0.005799724
ENSG00000255046,0.00716541
ENSG00000255050,0.0019701326
FAM66D,0.13100176
ENSG00000255054,0.002008505
ENSG00000255060,6.359624e-05
SAA2-SAA4,0.009919627
PIGY,0.0
ZFP91-CNTF,0.005553914
LINC02704,0.0
GRM5-AS1,0.011266317
ENSG00000255084,0.010793328
ENSG00000255087,0.0022908149
ENSG00000255089,0.0
ENSG00000255091,0.0
ENSG00000255092,0.0
ENSG00000255093,0.0
ENSG00000255094,0.00033449708
TSKU-AS1,0.0064142225
ENSG00000255101,0.0018780704
ENSG00000255102,0.0150426
ZNF286A-TBC1D26,0.003624035
ENSG00000255108,0.0057661706
LINC02740,0.0022115277
HYOU1-AS1,6.48635e-05
LINC02546,0.0010169186
ENSG00000255118,0.0016022023
ENSG00000255119,0.0
OVOL1-AS1,0.000545014
ENSG00000255126,0.0009616929
TTC12-DT,0.00064367824
ENSG00000255130,0.0012906322
ENSG00000255132,0.0004914814
LINC02721,0.0010967505
TPBGL-AS1,0.00140853
ENSG00000255139,0.01287173
ENSG00000255142,0.0
ENSG00000255146,0.0001249069
ENSG00000255148,0.00036902173
GLYATL1B,0.0
MSH5-SAPCD1,0.0
TOLLIP-DT,0.0014404389
HTD2,0.0
ENSG00000255158,0.03855893
DENND2B-AS1,0.03896274
ENSG00000255164,0.00013068606
ENSG00000255167,0.001210438
LINC01499,0.002745665
ENSG00000255173,0.0
LINC02759,0.0046103904
ENSG00000255176,0.0
MUC5B-AS1,0.00086606736
LINC02720,0.00014568586
ENSG00000255179,0.0
CCDC166,0.0
LINC02711,0.0
LINC02748,0.0002964286
ENSG00000255191,0.007444504
NANOGP8,0.0025679083
LINC02726,0.001564756
SLC39A13-AS1,0.0098112365
ENSG00000255201,0.016209153
ENSG00000255202,0.058649164
ENSG00000255206,0.00019715531
ENSG00000255209,0.017636715
ENSG00000255216,0.0
ENSG00000255219,0.0023807795
CARD17P,0.0
OR5M11,0.0
ENSG00000255224,0.0026796216
LINC02690,0.0
LINC03096,0.007771371
ENSG00000255229,0.026066976
ENSG00000255233,0.0
CCDC90B-AS1,0.11405897
CHKA-DT,0.002965351
ENSG00000255237,0.0013013963
ENSG00000255240,0.025454506
ENSG00000255241,0.0020212515
ENSG00000255244,0.0
FXYD6-FXYD2,0.090433426
ENSG00000255246,0.0
NECTIN1-AS1,0.0053378562
ENSG00000255250,0.038908128
PRR23D1,0.0
ENSG00000255252,0.022254461
LINC02743,0.0011604506
ENSG00000255260,0.0
LINC02687,0.0006201156
LINC02710,0.0003686434
ENSG00000255271,0.0016105486
SMIM35,0.042015683
RRM1-AS1,0.0
ENSG00000255289,0.0014505688
ENSG00000255292,0.09039832
OR8G5,0.0
ENSG00000255299,0.0009414224
LINC02745,0.0009228447
ENSG00000255301,0.0
GLTC1,0.0038362173
OR52B2,0.0
CSRP3-AS1,0.0063625937
DLG2-AS2,0.007193251
ENSG00000255313,0.0
ENSG00000255314,0.0033990773
ENSG00000255317,0.0
ENSG00000255320,0.0026190225
ENSG00000255321,0.004252504
LINC01495,0.0032926125
ENSG00000255326,0.0051388955
LINC02697,0.0
ENSG00000255330,0.006131603
LINC02756,0.0
LINC02729,0.0
ENSG00000255339,0.010038962
ENSG00000255340,0.0022607693
LINC02706,0.0
ENSG00000255345,0.00025608804
NOX5,0.0070982585
ENSG00000255348,0.0005949655
ENSG00000255351,0.0002549419
ENSG00000255357,0.0
CCDC179,0.0008396199
LINC02761,0.0005971469
LINC02757,0.002333751
SMILR,0.00029104867
ENSG00000255366,0.00034129107
ENSG00000255367,0.0
ENSG00000255372,0.0
TAS2R43,0.0
ENSG00000255375,0.0021979182
PRR23D2,0.0
LINC02734,0.00076709915
LINC02741,0.002914089
ENSG00000255389,0.0034339004
DCHS1-AS1,0.0
OOSP4B,0.0005720917
ENSG00000255395,0.003179236
HCAR3,0.00033995384
TBX5-AS1,0.0
LINC02989,0.00027712138
ENSG00000255402,0.0
ENSG00000255404,0.0004828864
LINC02730,0.0
PCDHA3,0.0
ENSG00000255410,0.0005779843
LINC02548,0.0016724439
LINC02718,0.014997707
CASC23,0.0
ENSG00000255421,0.0
EBLN2,0.0
ENSG00000255426,0.0
LINC02707,0.0
ENSG00000255429,0.03462739
ENSG00000255432,0.0129802395
LINC02735,0.0002609872
TTC36-AS1,0.03738806
ENSG00000255438,0.00193947
ENSG00000255439,0.006970453
SIGLEC10-AS1,0.000608362
CD44-AS1,0.013725075
ENSG00000255446,0.00084591773
ENSG00000255447,0.0010375186
ENSG00000255449,0.0
ENSG00000255451,0.0
ENSG00000255455,0.016381297
ENSG00000255456,0.0
ENSG00000255462,0.0009636394
ENSG00000255467,0.008995473
B4GAT1-DT,0.023980277
ENSG00000255470,0.00046897505
ENSG00000255472,0.0
GAU1,0.0018392411
ENSG00000255475,6.703905e-05
ENSG00000255476,0.06477434
ENSG00000255477,0.0
ENSG00000255478,0.0012711717
ENSG00000255480,0.00084480306
ENSG00000255482,0.00157114
LINC02764,0.0009380903
ENSG00000255487,0.0016292235
ENSG00000255491,0.008056777
LINC00681,0.0014809895
ENSG00000255498,0.0
CARD18,0.0
LINC02713,0.0015629269
LINC02951,0.026582262
ENSG00000255506,0.0035657778
ENSG00000255508,0.0
LINC02684,0.0
ENSG00000255516,0.000229837
DPP3-DT,0.011934126
ENSG00000255520,0.011364863
CD44-DT,0.0038513648
ENSG00000255523,0.006625924
NPIPB8,0.0065509654
ENSG00000255525,0.0
NEDD8-MDP1,0.0
ENSG00000255528,0.00040643947
ENSG00000255537,0.0
ENSG00000255539,0.0
SLC1A2-AS2,0.0
ENSG00000255548,0.0
LY6G6E,0.0
LINC02733,0.001177916
ENSG00000255555,0.0044701225
ENSG00000255557,0.025428714
ENSG00000255558,0.00094388105
ZNF252P-AS1,0.002444278
ENSG00000255565,0.00025943908
TRAV1-1,0.0
MIR9-3HG,0.0054573785
ENSG00000255572,0.00086733984
ENSG00000255580,0.029020581
OR10G2,0.0
RAB44,0.007256326
LINC02350,0.0
ENSG00000255605,0.0
LINC02952,0.0003544416
LINC02440,0.0
ENSG00000255621,0.01865054
ENSG00000255628,0.0
ENSG00000255629,0.002038761
ENSG00000255639,0.026359346
ENSG00000255641,0.0005558954
ENSG00000255648,0.017354568
ENSG00000255649,0.0
FAM222A-AS1,0.011153442
LINC02963,0.01175751
ENSG00000255655,0.0011572774
RERG-AS1,0.0059815636
ENSG00000255663,0.011492173
LINC02700,0.00026596748
ENSG00000255669,0.0
ENSG00000255670,0.018029736
ENSG00000255671,7.2486335e-05
ENSG00000255672,0.005027086
JRKL-AS1,0.00049687276
ENSG00000255680,0.0
ENSG00000255686,0.00068087626
ENSG00000255689,0.0026799373
ENSG00000255692,0.003825348
LINC02389,0.040016912
OR4D2,0.0
LINC02460,0.0
LINC01489,0.0
ENSG00000255730,0.008014135
ENSG00000255741,0.0
ENSG00000255745,0.0007867529
ENSG00000255750,0.0
LINC02422,0.0022202348
LINC01479,0.0011418975
LINC02747,0.0
ENSG00000255775,0.00025318822
ENSG00000255801,5.5728684e-05
OR6J1,0.008022049
PDE2A-AS1,0.0
ENSG00000255811,0.0
LINC02439,0.0
KLRC4-KLRK1,0.0036484206
ENSG00000255825,0.0
ENSG00000255829,0.0
TIFAB,0.0
ENSG00000255835,0.011528431
TAS2R20,0.0
ENSG00000255839,0.023972275
ENSG00000255843,0.0
ENSG00000255845,0.0005395811
ENSG00000255847,0.0025227903
RXYLT1-AS1,0.001429927
KDM4F,0.0
ENSG00000255856,0.010625496
PXN-AS1,0.040989812
ENSG00000255858,0.0
ENSG00000255866,0.0
DENND5B-AS1,0.013587967
ENSG00000255871,0.0
ENSG00000255872,0.19290136
PRECSIT,0.003762194
ENSG00000255882,0.0009434205
ENSG00000255886,0.025559526
ENSG00000255893,0.0
ENSG00000255910,0.14420147
ENSG00000255916,0.0
CCND2-AS1,0.0
ENSG00000255921,0.0015361122
ENSG00000255928,0.0
PIWIL4-AS1,0.018349616
ENSG00000255931,0.003584048
ENSG00000255933,0.0
ENSG00000255946,0.018877562
ENSG00000255947,0.0
RPS6KB2-AS1,0.0047713714
GABARAPL1-AS1,0.0004269379
ENSG00000255959,0.0
GAPDH-DT,0.0
ENSG00000255968,0.018834643
LINC02421,0.00025482918
CYP2A6,0.0008098054
ENSG00000255983,0.008282869
PUS1-AS1,0.0019180253
LINC02824,0.0008443657
ARAP1-AS1,0.000998688
CABP1-DT,0.011672889
ENSG00000256011,0.0
ENSG00000256013,0.004536052
LINC02411,0.0
CACNA1C-AS4,0.0
ENSG00000256029,0.0034797823
ENSG00000256034,0.0
PAPPA-AS1,0.007485738
ENSG00000256064,0.0
ENSG00000256071,0.0
ENSG00000256072,0.0
LINC02442,0.0
ENSG00000256083,0.00096313737
ENSG00000256084,0.0
ENSG00000256085,0.0
ENSG00000256100,0.008120683
LINC02443,0.00047724438
ENSG00000256116,0.029812582
SOX5-AS1,0.00057934684
LINC01152,0.0007367415
LINC00944,0.0048056175
ENSG00000256137,0.0
ENSG00000256146,0.0
ENSG00000256149,0.00029065183
ADGRD1-AS1,0.0
ENSG00000256152,0.0059367334
LINC02598,0.00021795154
SMLR1,0.0033468015
LINC02571,0.0
LINC02420,0.0
TAS2R30,0.0
LINC00507,0.0001753001
ENSG00000256195,0.0016641078
ENSG00000256196,0.0
ENSG00000256199,0.0016124083
ENSG00000256204,0.0
ENSG00000256206,0.015883313
ENSG00000256209,0.0
ENSG00000256218,0.0
ENSG00000256226,0.0062315874
LINC02387,0.00014373516
ITPR2-AS1,0.022971889
ENSG00000256237,0.0014961768
ENSG00000256249,0.05082304
ENSG00000256250,0.0028758654
ENSG00000256256,0.0
ENSG00000256258,0.0
LINC02425,0.00022990271
LINC02454,0.0
ENSG00000256273,0.0
ENSG00000256278,0.0
ENSG00000256281,0.0
ENSG00000256286,0.0
LINC02617,0.0
LINC02376,0.0
ENSG00000256298,8.078533e-05
ENSG00000256299,0.0
ENSG00000256311,0.0033654287
ENSG00000256312,0.0
ENSG00000256314,0.00082034356
ENSG00000256325,0.0
ENSG00000256339,0.0
ENSG00000256341,0.0
ENSG00000256343,0.0
ENSG00000256349,0.0017617905
ENSG00000256357,0.00017314222
LINC02375,0.0
ENSG00000256364,0.00042584277
PPIAL4D,0.0
MRPS35-DT,0.00076393527
TRAV8-5,0.0
ENSG00000256389,0.00014305914
ASIC5,0.00086961285
ENSG00000256403,0.0
ENSG00000256407,0.0050262935
ENSG00000256417,0.043723185
LINC02552,0.003353132
LINC02414,0.0
ENSG00000256433,0.009619175
TAS2R31,0.0
ENSG00000256440,0.0
ENSG00000256442,0.0
ENSG00000256443,0.0
ENSG00000256448,0.009103967
ENSG00000256452,0.0010810036
DND1,0.0076891915
ENSG00000256458,0.0
ENSG00000256462,0.0
SALL3,0.043839958
ENSG00000256469,0.004126616
ENSG00000256473,0.0
TRAV11,0.0
ENSG00000256481,0.0
ENSG00000256482,7.699772e-05
ENSG00000256484,0.0
LINC02825,0.00017237272
LINC02468,0.0
ENSG00000256500,0.0
ENSG00000256504,0.00045641564
MRGPRF-AS1,0.0021318723
ENSG00000256512,0.0
ENSG00000256513,0.0
ENSG00000256514,0.02159981
ENSG00000256538,0.004970564
IQSEC3-AS1,0.0029066869
LINC02369,0.00012441023
TRAV1-2,0.0
LINC01486,0.0
ENSG00000256564,0.0
ENSG00000256566,0.032448463
ENSG00000256568,0.00029944046
ENSG00000256569,0.0007193187
OR13A1,0.0009707533
LINC02361,0.0052937646
SLC6A12-AS1,0.0007513683
LINC02390,0.0003084954
TRDV3,0.0
ENSG00000256591,0.22413194
ENSG00000256596,0.0
LINC02393,0.0
ENSG00000256603,0.0
ENSG00000256609,0.00065707206
ENSG00000256615,0.042264927
ZBTB11-AS1,0.0117824925
ENSG00000256632,0.011841999
PDE2A-AS2,0.0
LINC01965,0.036937155
LINC00273,0.0
LINC02441,0.0
ENSG00000256646,0.0017080472
ENSG00000256654,0.0
ENSG00000256658,0.00095489796
LINC02368,0.0
CLEC12B,0.0004672949
A2ML1-AS1,0.09211706
RASSF3-DT,0.00018137087
LIMS4,0.0
LINC02455,0.00032163353
LINC02737,0.0008067428
ENSG00000256691,0.0
ENSG00000256695,0.0018568202
TMEM132D-AS2,0.0
ENSG00000256706,0.00029625194
PGA5,0.00020258974
ENSG00000256714,0.0
LINC02698,0.029122058
LINC02954,0.00045956983
KDM2B-DT,0.014487585
MADD-AS1,0.00073592854
ENSG00000256747,0.0
LINC02423,0.0
PLBD1-AS1,0.037478883
ENSG00000256757,0.0
STH,0.0
CACNA1C-AS3,0.0
ENSG00000256783,0.0
ENSG00000256789,0.011026802
KLRF2,0.000537544
LCIIAR,0.020653028
ENSG00000256803,0.0
C17orf100,0.009435548
ENSG00000256810,0.0
TIALD,0.0
CAPNS2,0.0
CCDC86-AS1,0.0006225643
ENSG00000256814,0.00043869953
ENSG00000256824,0.049473703
ENSG00000256825,0.006391965
ENSG00000256861,0.00039374552
SLC5A8,0.07179214
ENSG00000256875,0.0
PDE3A-AS1,0.0003609729
ENSG00000256884,0.0007587169
LINC02366,9.016056e-05
ENSG00000256894,0.0010915793
ENSG00000256897,0.000504291
A2ML1-AS2,0.0
LINC02419,0.0002762968
ENSG00000256915,0.00043085736
MMP20-AS1,0.0
ADGRA1-AS1,0.00028308784
ENSG00000256928,0.0
PPP1R14B-AS1,0.0040287077
GALNT9-AS1,0.0003264028
TMEM109-DT,0.0
ENSG00000256947,0.14466688
ENSG00000256950,0.0
ENSG00000256955,0.0011943643
ENSG00000256966,0.00728172
ENSG00000256967,0.0103848865
ENSG00000256969,0.0015939648
LINC00508,0.00033418686
ENSG00000256972,0.0019777778
ENSG00000256973,0.0
LIMS3,0.0
KHDC1L,0.0
ENSG00000256982,0.0009983629
ENSG00000256984,0.0
ENSG00000256988,0.0
LINC02378,0.005153385
LINC02955,0.054173756
ENSG00000257000,0.00010701597
ENSG00000257002,0.0011589476
ENSG00000257004,0.0005665313
GPR142,0.0
ENSG00000257022,0.049867652
ETNK1-DT,0.0012929984
ARHGEF17-AS1,0.0034844838
ENSG00000257042,0.023378212
ENSG00000257045,0.0026050664
SLCO1B3-SLCO1B7,0.002464389
LINC02417,0.0016189128
PRPF19-DT,0.0008245477
LINC02282,0.0
C11orf97,0.002471718
ENSG00000257058,0.0062391534
ENSG00000257060,0.035389982
ENSG00000257062,0.0010891659
ENSG00000257065,0.002644261
LINC02703,0.0007458765
ENSG00000257083,0.000976221
ENSG00000257086,0.00046830764
ENSG00000257095,0.008050503
ENSG00000257096,0.0
CLIP1-AS1,0.021543575
ENSG00000257105,0.001112326
LINC02450,0.006789865
OR11H12,0.0
ENSG00000257120,0.0017738133
ENSG00000257124,0.0
FOXG1-AS1,0.00020806678
CLLU1,0.0
ODC1-DT,0.00126479
LINC02874,0.0
TAS2R38,0.0
LINC02821,0.0056116865
NUBPL-DT,0.0003096343
ENSG00000257165,0.0048678895
TMPO-AS1,0.0021960787
ENSG00000257176,0.072224416
ENSG00000257181,0.011902828
ENSG00000257184,0.0
LINC02293,0.0005413693
ENSG00000257191,0.06950992
LINC02385,0.0008996738
ENSG00000257202,0.00032407435
ENSG00000257207,0.03063726
LNCOG,0.0023189245
ENSG00000257221,0.0026997481
ENSG00000257222,0.0015113485
ENSG00000257225,0.002139829
ENSG00000257228,0.0035525255
LINC02448,0.0
ENSG00000257235,0.0
ENSG00000257241,0.0
ENSG00000257252,0.078795135
ENSG00000257253,0.003519592
ENSG00000257256,0.0073240604
ENSG00000257258,0.00061643147
LINC02388,0.010665217
SLC38A4-AS1,0.9054059
ENSG00000257262,0.00022429693
ENSG00000257264,0.0
ENSG00000257265,0.00047198834
ENSG00000257268,0.00058009743
ENSG00000257270,0.0012939392
KIRREL3-AS1,0.0018766526
ENSG00000257272,0.0
ENSG00000257275,0.00047290509
ENSG00000257279,0.010429749
ENSG00000257283,0.0061494503
ENSG00000257284,0.0
PRMT5-DT,0.10715803
ENSG00000257286,0.0014666872
ENSG00000257294,0.0
ENSG00000257310,0.0
DBX2-AS1,0.0034878948
ENSG00000257325,0.0
ENSG00000257327,0.0009228823
ENSG00000257329,0.0
MGAM,0.09210102
ENSG00000257341,0.00075555017
ENSG00000257342,0.018633854
LINC02413,0.00628242
ENSG00000257346,0.0
ENSG00000257355,0.0135303615
ENSG00000257359,0.0012321561
FNTB,0.020103626
ENSG00000257366,0.0
ENSG00000257373,0.0
ENSG00000257378,0.0
ENSG00000257386,0.0003260695
ENSG00000257390,0.0026827448
ENSG00000257391,0.0008624241
ENSG00000257395,0.0
ENSG00000257398,0.0031358995
LNCHR1,0.00036925444
ENSG00000257407,0.013150969
ENSG00000257410,0.0018109516
ENSG00000257411,0.0013155637
ENSG00000257429,0.017558701
ENSG00000257431,0.0009941004
RPAP3-DT,0.02032985
ENSG00000257434,0.0008032219
ENSG00000257435,0.0
ENSG00000257438,0.00047091677
LRIG3-DT,0.03155443
ZNF878,0.0
ENSG00000257449,0.00315251
ENSG00000257452,0.006472718
PHLDA1-AS1,0.00096448645
ENSG00000257456,0.0003595033
ENSG00000257458,0.0048822034
PPFIA2-AS1,0.006648405
ENSG00000257470,0.0
ENSG00000257472,0.00039607348
ENSG00000257474,0.003945502
LINC02459,0.0
LINC02354,0.002249234
ENSG00000257494,0.00017470954
KRT73-AS1,0.0002981809
ENSG00000257496,0.0013204125
GLIPR1-AS1,0.0053056707
ENSG00000257500,0.0032678149
LINC02297,0.0
LINC02373,0.0017593354
LINC02402,0.0010834022
ENSG00000257514,0.0
ENSG00000257515,0.0
ENSG00000257517,0.00060177356
ENSG00000257519,0.0
LINC02326,0.0
ENSG00000257524,0.010163715
ENSG00000257526,0.023566239
ENSG00000257527,0.0
RPL36A-HNRNPH2,0.018837282
BICD1-AS1,0.0010178203
ENSG00000257534,0.0
LINC02403,0.0
ENSG00000257543,0.0
ENSG00000257545,0.033457138
ENSG00000257548,0.0019632333
ENSG00000257550,0.0016376209
HLX-AS1,0.0059260554
ENSG00000257553,0.0052209906
LINC02298,0.00443282
PPP1R12A-AS1,0.0
ENSG00000257563,0.0
MON2-AS1,0.0007897385
ENSG00000257579,0.0
LINC01475,0.0
LINC00609,0.009162578
ENSG00000257587,0.00023101471
AQP5-AS1,0.007075305
GALNT4,0.0
LINC02356,0.011100147
SCAT2,0.01587101
OVCH1-AS1,0.05521753
MYG1-AS1,0.0020084116
ENSG00000257607,0.0
MIR4307HG,0.0
ENSG00000257614,0.0
ENSG00000257634,0.0013841757
G2E3-AS1,0.01525773
C12orf75-AS1,0.028974429
ENSG00000257647,0.004171535
ENSG00000257653,0.0002637395
ENSG00000257657,0.0055974093
ADCY6-DT,0.0018706454
ENSG00000257663,0.0016749406
KRT7-AS,0.0009914093
LINC02464,0.0
ENSG00000257681,0.0075764726
ENSG00000257682,0.0
LINC02463,0.0014677362
BLTP3B-DT,0.0011586294
ENSG00000257700,0.0
LBX2-AS1,0.0016597053
ENSG00000257703,0.0008312432
CPNE8-AS1,0.0047151516
ENSG00000257726,0.0
ENSG00000257729,0.0015959281
ENSG00000257732,0.005889514
ENSG00000257735,0.060149517
ENSG00000257737,0.013650222
LINC01490,0.0
MGAM2,0.007129881
ENSG00000257746,0.011489332
LINC02426,0.0007186708
LINC02281,0.0019079655
LINC02445,0.00018784455
ENSG00000257754,0.0004462502
LINC02386,0.0004311399
ENSG00000257759,0.15339868
ENSG00000257761,0.0
LINC02401,0.0
ENSG00000257766,0.0
ENSG00000257767,0.0088918265
ENSG00000257769,0.0
LINC02395,0.0013741744
ENSG00000257781,0.003483358
LINC02400,0.0
ENSG00000257787,0.0
ENSG00000257797,0.0
ENSG00000257808,0.0
MYL6B-AS1,0.02008676
TBX3-AS1,0.009872223
ENSG00000257824,0.0
ENSG00000257826,0.0
ENSG00000257829,0.00018931003
ENSG00000257830,0.00059584563
ENSG00000257831,0.02411861
ENSG00000257835,0.0
ENSG00000257837,0.0
PHLDA1-DT,0.012568919
NOVA1-DT,0.013100004
LINC02294,0.030165501
ENSG00000257849,0.00043242576
CASC18,0.0061395373
C12orf42-AS1,0.00077221513
ENSG00000257863,0.0
ENSG00000257869,0.002573375
ENSG00000257870,0.0
ENSG00000257878,0.0029209165
LINC03088,0.0052020564
ENSG00000257890,0.0010077957
ENSG00000257891,0.00039585333
LINC02404,0.00022252498
ENSG00000257894,0.30920205
ENSG00000257900,0.0012855766
ENSG00000257904,0.00859033
LINC02156,0.0005838947
ENSG00000257910,0.0007028466
LINC02258,0.0
DDN-AS1,0.01490453
LINC02409,0.0005811923
ENSG00000257921,0.0
LINC02416,0.0017265318
ENSG00000257925,0.00446647
ENSG00000257932,0.0
LHX5-AS1,0.0
ENSG00000257940,0.0
ENSG00000257947,0.0018529596
ENSG00000257948,0.00030839123
P2RX5-TAX1BP3,0.00034687133
ENSG00000257953,0.0041709854
ENSG00000257955,0.0
ENSG00000257958,0.0
ENSG00000257959,0.0065762117
ENSG00000257964,0.0
ENSG00000257985,0.0019758476
LINC02306,0.016473377
SPMIP11,0.0045026597
ENSG00000257989,0.07093313
ENSG00000257995,0.0
ENSG00000257997,0.0
R3HDM2-DT,0.0005598187
ENSG00000258007,0.0
ENSG00000258010,0.0006015094
TUBA1B-AS1,0.06869854
LINC02457,0.0
ENSG00000258026,0.0023310704
ENSG00000258034,0.00025896728
ENSG00000258035,0.00056054787
LINC02327,0.0040704976
ENSG00000258039,0.00034299784
ENSG00000258044,0.00019362752
PPP1R12A-AS2,0.10596016
ENSG00000258050,0.0
ENSG00000258052,0.020196376
ENSG00000258053,0.003118142
BCDIN3D-AS1,0.004299577
ENSG00000258064,0.00048550277
ENSG00000258066,0.0
ENSG00000258077,0.07846383
LINC03108,6.252588e-05
OR9A4,0.0
ENSG00000258084,0.06984903
GPR84-AS1,0.0
SLC38A2-AS1,0.0013885872
LINC02286,0.0
ATXN2-AS,0.00063844706
LINC02823,0.0
ENSG00000258101,0.02570148
MAP1LC3B2,0.014722047
ENSG00000258107,0.0006675705
ENSG00000258108,0.0020546904
ENSG00000258114,0.032262333
ENSG00000258115,0.0
LINC03056,0.0030001346
ENSG00000258119,0.0022134825
ENSG00000258121,0.002045824
ENSG00000258122,0.0
LINC02444,0.0034834626
ENSG00000258125,0.0
LINC02396,0.0
PRDM4-AS1,0.0056573306
ENSG00000258140,0.0
LINC02406,0.0022249154
ENSG00000258150,0.0
ENSG00000258162,0.006437679
ENSG00000258167,0.001726366
LINC00485,0.00032694876
LINC02412,0.00017242174
ENSG00000258172,0.0039548827
LINC02300,0.0020713913
ENSG00000258177,0.0
ENSG00000258178,0.0
ENSG00000258181,0.016788732
LINC02392,0.0
ENSG00000258185,0.0
NKX2-2-AS1,0.0
ENSG00000258203,0.0
ENSG00000258214,0.00042212085
LINC02424,0.0007194114
PRSS58,0.0
ENSG00000258225,0.0074333507
ENSG00000258231,0.00452112
ENSG00000258232,0.0044579213
ENSG00000258234,0.0032737912
ENSG00000258235,0.0
LINC01404,0.0
ENSG00000258249,0.0
ENSG00000258253,0.0
ENSG00000258254,0.0
ENSG00000258256,0.0031314236
ENSG00000258260,0.0012024959
ENSG00000258272,0.009877326
CRADD-AS1,0.028256597
LINC00592,0.003521841
ENSG00000258283,0.00045512329
TESC-AS1,0.013150121
LINC02410,0.008799748
ENSG00000258308,0.000719962
ENSG00000258311,0.0009240159
ENSG00000258312,0.0038099205
ENSG00000258313,0.0
ENSG00000258314,0.0
ENSG00000258317,0.006577357
ENSG00000258323,0.0019028474
ITFG2-AS1,0.028851597
LINC02461,0.00036440004
LINC02394,0.0
TROAP-AS1,0.006942991
ENSG00000258338,0.0
SNRPF-DT,0.03062025
ENSG00000258346,0.004051227
ENSG00000258354,0.0003335691
ENSG00000258364,0.0
ENSG00000258365,0.0060711373
RTEL1,0.00015704165
PAPLN-AS1,0.00077785127
ENSG00000258377,0.0001342267
ENSG00000258378,0.048917845
ENSG00000258379,0.0
ENSG00000258380,0.008892813
ENSG00000258383,0.00013667672
RCCD1-AS1,0.0013241627
PPT2-EGFL8,0.0054684896
LINC02318,0.00017140088
ENSG00000258393,0.0
MIR493HG,0.009838588
ENSG00000258400,0.0028025664
ENSG00000258402,0.052836135
LINC02320,0.00871211
ZNF578,0.02196528
ENSG00000258410,0.09287885
FBXO34-AS1,0.00030195442
ENSG00000258416,0.0088698855
ENSG00000258417,0.0
ENSG00000258422,0.00013528788
ENSG00000258424,0.0008800443
ENSG00000258425,0.0019919055
ENSG00000258426,0.0
ENSG00000258428,0.0008379884
PDF,0.0
ENSG00000258430,0.0009176084
ENSG00000258433,0.00013077748
ENSG00000258435,0.0005599816
RNASE12,0.0
ENSG00000258437,0.00012441023
ENSG00000258444,0.0
ENSG00000258449,0.006524147
EGILA,0.0011123655
OR11H2,0.0
ENSG00000258455,0.04113695
AJUBA-DT,0.05087466
ENSG00000258459,0.0
ENSG00000258460,0.0
ENSG00000258461,0.0038611754
ENSG00000258465,0.037004355
ENSG00000258466,0.0007406862
ENSG00000258471,0.0010131788
LINC02313,0.00040044406
LINC02207,0.0025073919
ENSG00000258478,0.0
LINC00640,0.0055389144
ENSG00000258481,0.001078093
TRAV15,0.0
LINC02251,0.00037659548
SPESP1,0.06519924
LINC02277,0.005565921
ENSG00000258489,0.0009413366
ENSG00000258490,0.0
ENSG00000258496,0.0
ENSG00000258497,0.004398337
DIO3OS,0.0070312237
LINC02287,0.0
LINC02290,0.0001313103
ENSG00000258504,0.010040569
LINC02295,0.0
LINC00239,0.00045890632
ENSG00000258515,0.0
ENSG00000258516,0.0
ENSG00000258517,0.0
ENSG00000258520,0.0064216782
ENSG00000258521,0.0
ENSG00000258525,0.014164185
ENSG00000258526,0.14068906
ENSG00000258529,0.0013546598
LINC02305,0.0
ENSG00000258534,0.018419882
FRMD6-AS2,0.0070793834
ENSG00000258538,0.0
ENSG00000258539,0.0062377453
RHOXF1-AS1,0.10396754
LINC00645,0.11550752
CRAT37,0.17673694
PCNX4-DT,0.10956306
ENSG00000258554,0.0
SPECC1L-ADORA2A,0.00021787644
LINC02322,0.00029006452
ENSG00000258558,0.0027896916
ENSG00000258560,0.006061813
ENSG00000258561,0.2757737
VASH1-DT,0.032248788
SYNE3-AS1,0.0
RNASE11-AS1,0.0012411396
ENSG00000258580,0.0038811937
LINC01500,0.005530711
FAM181A-AS1,0.00015451037
LINC02274,0.08656001
TRIM6-TRIM34,0.002797996
LINC03059,0.013082876
ENSG00000258593,0.02685694
ENSG00000258594,0.0
ENSG00000258598,0.0
ENSG00000258601,0.0007951365
LINC01629,0.0053070113
ENSG00000258603,0.027520537
ENSG00000258604,0.0
LINC-ROR,0.0005280177
ENSG00000258610,0.0
LINC02303,0.024040474
ENSG00000258623,0.0003467224
LINC02292,0.0008592551
RRAGAP1-AS1,0.0041840216
ENSG00000258634,0.0
LRFN5-DT,0.0021812408
ENSG00000258637,0.012090425
BCL2L2-PABPN1,0.09395781
SYNJ2BP-COX16,0.010086939
ENSG00000258646,0.019094499
LINC00930,0.00035550422
ENSG00000258649,0.00041068206
SEC23A-AS1,0.00078721985
ENSG00000258654,0.026917724
ENSG00000258657,0.013291517
TOMM20L-DT,0.025103623
TRIM34,0.0
ENSG00000258660,0.0008561772
ENSG00000258661,0.0
ENSG00000258662,0.0
ENSG00000258663,0.0064083114
ENSG00000258666,0.052373633
HIF1A-AS3,0.2591943
ENSG00000258670,0.000556126
ENSG00000258672,0.0
LINC01397,0.000445334
ENSG00000258674,0.0
LINC02308,0.0
ENSG00000258677,0.020930117
LINC02317,0.0
ENSG00000258683,0.0
ENSG00000258687,0.0029214025
LINC01269,0.0004214908
ENSG00000258690,0.001515235
ENSG00000258691,0.019309992
ENSG00000258693,0.00017649411
LINC02319,0.001595581
ENSG00000258695,0.016405348
ENSG00000258696,0.0
ENSG00000258698,0.0067805224
ENSG00000258699,0.0
LINC00871,0.26682845
VESTAR,0.003056192
ENSG00000258702,0.0005167477
ENSG00000258703,0.00015355753
SLC25A21-AS1,0.0051378957
LINC01193,0.0010869585
ENSG00000258711,0.00425079
C20orf141,0.0
ENSG00000258716,0.0
ENSG00000258717,0.0
LINC02311,0.00038534598
ENSG00000258719,0.0
ENSG00000258723,0.0
PINX1,0.0
PRC1-AS1,0.010031676
ENSG00000258728,0.0
ENSG00000258729,0.0
ITPK1-AS1,0.005842734
DDHD1-DT,0.0028264008
LINC02328,0.05333182
PPP1R13B-DT,0.007819592
ENSG00000258736,0.0
BAZ1A-AS1,0.0030777818
ENSG00000258740,0.079143
LINC02833,0.0
LINC02301,0.015478335
ENSG00000258744,0.005211814
ENSG00000258745,0.00019047601
ENSG00000258747,0.00045744452
KIF26A-DT,0.0
ENSG00000258749,0.0
ENSG00000258751,0.021241589
ENSG00000258752,0.002579612
ENSG00000258753,0.0
LINC01579,0.005050745
ENSG00000258760,0.021638796
ENSG00000258761,0.0
ENSG00000258763,0.01324076
ENSG00000258765,0.0
DIO2-AS1,0.01125246
LINC02330,0.0
ENSG00000258773,0.0028320146
ENSG00000258776,0.006916153
LOHAN2,0.00530015
ENSG00000258784,0.021246027
ENSG00000258789,0.0
ENSG00000258790,0.0024636937
LINC00520,0.0005369566
ENSG00000258792,0.00029411624
ENSG00000258793,0.014655779
ENSG00000258795,0.0
CCDC88C-DT,0.0
ENSG00000258800,0.0
ENSG00000258803,0.0
LINC01148,0.0
ENSG00000258807,0.0090046525
LINC03058,0.0
ENSG00000258811,0.0011813324
TRAV33,0.0
RBM25-AS1,0.001701592
LINC02329,0.0
LINC02820,0.0012305592
OR4C13,0.0
LINC02289,0.0
ENSG00000258820,0.0037276654
ENSG00000258824,0.06362492
LINC01147,0.0013018557
ENSG00000258829,0.0
ENSG00000258830,0.003705488
TRAV28,0.0
ENSG00000258837,0.0008633511
MC1R,0.04195809
ENSG00000258842,0.0
ENSG00000258843,0.0
ENSG00000258845,0.0
ENSG00000258847,0.017215556
ENSG00000258850,0.008902505
ENSG00000258851,0.009436279
ENSG00000258853,0.0
ENSG00000258854,0.0
ENSG00000258857,0.00010409894
ENSG00000258858,0.0
LINC02296,0.011298879
ENSG00000258860,0.0
ENSG00000258864,0.0053445525
ENSG00000258866,0.0
HISLA,0.008710144
ENSG00000258868,0.00448985
LINC02312,0.0
ENSG00000258871,0.0012702994
DUXA,0.0020790966
ENSG00000258874,0.0
TGFB3-AS1,0.0
ENSG00000258881,0.07309664
LINC02321,0.0004832972
ENSG00000258888,0.0
ENSG00000258891,0.102118224
EGLN3-AS1,0.0022710967
ENSG00000258902,0.0032984756
ENSG00000258903,0.0009574145
TRAV32,0.0
ENSG00000258908,0.0024836326
ENSG00000258909,0.0
LINC01956,0.0
LINC02316,0.0047788722
LINC02691,0.025195267
ENSG00000258926,0.0013314508
ENSG00000258928,0.0
ENSG00000258931,0.0
LINC02279,0.0
ENSG00000258935,0.0
ENSG00000258938,0.010993212
MIA2-AS1,0.0022900158
ENSG00000258942,0.0005903208
ENSG00000258943,0.0
ENSG00000258944,0.014703522
ENSG00000258945,0.0
TUBB3,0.0010289743
SALRNA1,0.0
ENSG00000258954,0.0
LINC00519,0.0024276052
GALNT16-AS1,0.023558076
ENSG00000258958,0.0
ENSG00000258959,0.0
LINC02307,0.031241817
ENSG00000258970,0.0
ENSG00000258973,0.0
ENSG00000258975,0.0
ENSG00000258976,0.00044028854
LINC01467,0.00032257463
LINC02299,0.0004093698
YY1-DT,0.063501276
ENSG00000258983,0.010902313
UBE2F-SCLY,0.034825843
ENSG00000258985,0.0
TMEM179,0.005325265
ENSG00000258987,0.0
ENSG00000258989,0.018566947
TSPY1,0.0
LINC02309,0.00037055084
ENSG00000259001,0.017992172
ENSG00000259002,0.0
ENSG00000259003,0.0
LINC02285,0.0
ENSG00000259005,0.00090974866
ENSG00000259006,0.00067804224
ENSG00000259007,0.0
ENSG00000259008,0.0
ATP10A-DT,0.0003692577
ENSG00000259017,0.0
ENSG00000259018,0.0
LINC00524,0.0
TVP23C-CDRT4,0.0
ENSG00000259026,0.0
ENSG00000259028,0.0
ENSG00000259031,0.0
ENSG00000259033,0.0014798017
ENSG00000259035,0.009719312
ENSG00000259036,0.0
ENSG00000259037,0.0
ENSG00000259039,0.001331951
BLOC1S5-TXNDC5,0.08117067
ENSG00000259041,0.0
ENSG00000259042,0.0
ENSG00000259044,0.0009961827
ENSG00000259048,0.007084803
ENSG00000259049,0.0055159335
LINC02332,0.0006601739
ENSG00000259055,0.0
ENSG00000259058,0.0
ENSG00000259060,0.0
ENSG00000259061,0.0012182083
ACTN1-DT,0.0026982934
MIDEAS-AS1,0.019704256
ENSG00000259066,0.019976586
ENSG00000259067,0.0
TRAV37,0.0
ENSG00000259069,0.0
LINC00639,0.014091006
ENSG00000259071,0.024819497
ENSG00000259072,0.0033340806
FOXN3-AS2,0.0001297522
POC1B-GALNT4,0.00036522132
ENSG00000259076,0.00916002
ENSG00000259077,0.00021032436
ENSG00000259081,0.0035108028
LINC02314,0.00015758006
PNN-AS1,0.00022635523
ENSG00000259087,0.004226999
ENSG00000259088,0.009255294
LINC00517,0.0
TRAV30,0.0007403036
ENSG00000259093,0.0
ENSG00000259094,0.0
ENSG00000259097,0.00064429117
ENSG00000259103,0.012596632
PTCSC3,0.032423604
ENSG00000259106,0.0008821283
LINC00911,0.0
LINC01595,0.0005441589
LINC02304,0.0
ENSG00000259111,0.00043627442
NDUFC2-KCTD14,0.0075812084
ENSG00000259113,0.002219683
ENSG00000259115,0.00057925493
HSPA2-AS1,0.030119073
ENSG00000259118,0.0124881705
ENSG00000259119,0.0
SMIM6,0.011870472
ENSG00000259124,0.03838709
LRP1-AS,0.0
LINC00648,0.001668896
ENSG00000259130,0.0
ENSG00000259132,0.030845473
ENSG00000259133,0.008565044
ENSG00000259135,0.0
ENSG00000259138,0.025352662
LINC00644,0.0
SIPA1L1-AS1,0.018992646
ENSG00000259149,0.0005229272
LINC00929,0.00013211805
MAP3K9-DT,0.0138212
ADAM20P1,0.0
TTC7B-AS1,0.0013665425
ENSG00000259164,0.0
ENSG00000259168,0.0016553176
ENSG00000259170,0.0
ENSG00000259171,0.0
SNRPA1-DT,0.01062211
ENSG00000259175,0.004543728
ENSG00000259177,0.013370156
ENSG00000259178,0.0008636887
ENSG00000259180,0.0
ENSG00000259181,0.0057530357
ENSG00000259182,0.00070497906
ENSG00000259185,0.0010598837
ENSG00000259187,0.0
ENSG00000259188,0.00079329085
ENSG00000259198,0.0
ENSG00000259199,0.017652553
ENSG00000259200,0.009943702
ENSG00000259201,0.022232926
SMAD3-AS1,0.006177726
ENSG00000259203,0.0
ITGB3,0.0
ENSG00000259211,0.0
ENSG00000259212,0.0003608109
ENSG00000259213,0.0
LINC02896,0.007096083
LINC00928,0.000121097015
ENSG00000259219,0.0035743725
ENSG00000259221,0.0010450903
ENSG00000259223,0.0007691775
SLC35G6,0.0
LINC02345,0.0014174676
LINC02323,0.0013191592
ANKRD34C-AS1,0.0011589357
CTXN2-AS1,0.00079239893
LINC02490,0.0008720038
ENSG00000259238,0.00016975282
MIR4713HG,0.02740219
ENSG00000259241,0.00017961016
ENSG00000259242,0.00044478098
LINC02853,0.0006768402
USP3-AS1,0.09455624
ENSG00000259250,0.0027268222
VPS13C-DT,0.00078969
ENSG00000259252,0.0
LINC01895,0.0
IGHV4OR15-8,0.0
ENSG00000259265,0.0
LINC02622,0.0
ENSG00000259268,0.0004123295
ENSG00000259269,0.00050126016
ENSG00000259275,0.11680554
ENSG00000259276,0.0
ENSG00000259277,0.00033824565
ENSG00000259278,0.0
LINGO1-AS2,0.0
SPATA8-AS1,0.0
ENSG00000259283,0.0051296433
LINC02349,0.0
ALDH1A2-AS1,0.0012723872
ENSG00000259287,0.031677894
BUB1B-PAK6,0.00094849436
SMASR,0.004519671
LIPC-AS1,0.0019476532
ENSG00000259294,0.0012313281
ENSG00000259296,0.0027217553
IGHV2OR16-5,0.0
ZHX1-C8orf76,0.016423881
PLCB2-AS1,0.0
ENSG00000259309,0.0
ENSG00000259312,0.00026338777
ENSG00000259314,0.004561446
ENSG00000259316,0.0016369032
JDP2-AS1,0.002510907
ENSG00000259320,0.0
ENSG00000259322,0.0005219087
ENSG00000259326,0.0033499554
ENSG00000259327,0.0058048973
ENSG00000259331,0.0
ST20-MTHFS,0.000394122
LINC00596,0.017012896
ENSG00000259336,0.34237325
IGHV1OR15-2,0.0
LINC03080,0.0008292849
ENSG00000259342,0.006813067
TMC3-AS1,0.011763571
ENSG00000259345,0.2203553
SMAD3-DT,0.15157633
APPBP2-DT,0.06380472
ENSG00000259351,0.0061757863
ENSG00000259352,0.0
ENSG00000259353,0.0074143317
SLC30A4-AS1,0.04359492
ENSG00000259356,0.0008124102
ENSG00000259357,0.00014065397
ENSG00000259360,0.0
LINC00927,0.0071601677
ENSG00000259362,0.0
ENSG00000259363,0.12345464
ENSG00000259364,0.00038084292
ENSG00000259365,0.0
AKAP13-AS1,0.060142733
ENSG00000259368,0.0
ENSG00000259370,0.008390262
ENSG00000259371,0.010345027
ENSG00000259375,0.00041596603
LINC02895,0.0030407307
ENSG00000259383,0.0
GH1,0.0
ENSG00000259385,0.00023423521
ENSG00000259390,0.00076711946
ENSG00000259395,0.00025915395
TGIF2-RAB5IF,0.009013944
ENSG00000259403,0.0046890746
ENSG00000259408,0.021993205
BMF-AS1,0.0
LINC02883,0.0021661443
CTXND1,0.029057797
ENSG00000259418,0.00378602
ENSG00000259420,0.001870728
ENSG00000259422,0.0042375233
IRAIN,0.0
KIF23-AS1,0.033157386
CERS3-AS1,0.01350172
ENSG00000259434,0.032565486
ENSG00000259437,0.021693341
MAPK6-DT,0.0011888845
LINC01833,0.010839774
ENSG00000259442,0.017991714
ENSG00000259443,0.0
RYR3-DT,0.0016669421
ENSG00000259447,0.0
ADNP-AS1,0.018417295
ENSG00000259457,0.0
MGC15885,0.0008321489
LINC02568,0.06448996
CPEB1-AS1,0.0077256956
ENSG00000259463,0.003978423
ENSG00000259468,0.0010667325
ENSG00000259469,0.0
LINC01169,0.007260842
LINC02205,0.0
ENSG00000259474,0.0032327834
SYNM-AS1,0.037382238
ENSG00000259478,0.0
ENSG00000259481,0.078145266
RORA-AS2,0.0006513836
ENSG00000259483,0.0010313267
DUT-AS1,0.007969672
IGHV3OR15-7,0.0
ARNT2-DT,0.12925597
TPM1-AS,0.0025475312
ENSG00000259499,0.00093882997
ENSG00000259503,0.0
ENSG00000259504,0.03294603
ENSG00000259508,0.0005462946
UBE2Q2P16,0.019801695
ENSG00000259514,0.0
ENSG00000259515,0.015301833
LINC02169,0.0014397723
LINC01583,0.0
ENSG00000259519,0.00865725
SLC28A2-AS1,0.038158927
INO80-AS1,0.008847684
ENSG00000259522,0.0
ENSG00000259528,0.0
ENSG00000259530,0.0
ENSG00000259532,0.01670242
ENSG00000259534,0.0
ENSG00000259536,0.029561637
ENSG00000259540,0.0010496504
ENSG00000259541,0.002498536
ENSG00000259542,0.0018062334
ENSG00000259543,0.026659228
ENSG00000259544,0.0011963409
ENSG00000259546,0.09667724
ENSG00000259548,0.0005022242
ENSG00000259551,0.0
ENSG00000259553,0.0004279888
ENSG00000259555,0.0
ENSG00000259560,0.011692408
ENSG00000259563,0.0017688833
ENSG00000259564,0.059630405
BLID,0.0013398516
LINC01491,0.0011446195
ENSG00000259575,0.0028423192
CERNA1,0.028139258
ENSG00000259579,0.23571855
ALDH1A3-AS1,0.025304671
ENSG00000259584,0.0010209089
ENSG00000259588,0.0
ENSG00000259589,0.025059246
LINC02244,0.001633172
ENSG00000259591,0.0
CTDSPL2-DT,0.03433309
ENSG00000259598,0.0011931836
ENSG00000259602,0.0005556094
ENSG00000259603,0.00058128574
ENSG00000259607,0.0
LINC01582,0.0
ENSG00000259615,0.0005435567
ENSG00000259617,0.010346851
ENSG00000259620,0.00093645736
ENSG00000259621,0.008977947
ENSG00000259624,0.00010344572
ENSG00000259627,0.001635012
ENSG00000259631,0.0011774929
ENSG00000259639,0.017032769
ENSG00000259647,0.0033422303
ENSG00000259649,0.0
ENSG00000259650,0.0
ENSG00000259652,0.00035572215
ENSG00000259656,0.00043155465
UBE2Q2P13,0.0
ENSG00000259661,0.00017487783
ISL1-DT,0.0
LINGO1-AS1,0.0
ENSG00000259669,0.0012199886
ENSG00000259670,0.0
ENSG00000259672,0.0015014189
IQCH-AS1,0.20153528
ENSG00000259675,0.0064322455
ENSG00000259676,0.0
ENSG00000259678,0.011169529
IGHV3OR16-17,0.0
ENSG00000259681,0.001342724
ENSG00000259684,0.0070716306
IDH2-DT,0.04376087
LINC01220,0.005902641
LINC01418,0.056960754
ENSG00000259694,0.0
ENSG00000259697,0.0
ENSG00000259702,0.005067106
FBN1-DT,0.0006968729
DNAJA4-DT,0.00021255236
ENSG00000259709,0.0059077535
ENSG00000259711,0.018026158
ENSG00000259712,0.0071579027
ENSG00000259715,0.005881315
LINC00677,0.00026908144
LINC02284,0.0267807
ENSG00000259720,0.00068470696
GREM1-AS1,0.0
ENSG00000259723,0.01870699
LINC01581,0.0007501795
ENSG00000259725,0.0
ENSG00000259731,0.0
ENSG00000259734,0.0
CRTC3-AS1,0.07353519
ENSG00000259737,0.00036323012
ENSG00000259753,0.57023555
ENSG00000259754,0.21222179
ENSG00000259755,0.014672297
ENSG00000259756,0.0016173585
ENSG00000259757,0.0008255353
ENSG00000259759,0.0
LINC02157,0.0
PCSK6-AS1,0.00024752753
ZFHX3-AS1,0.13638034
LINC03034,0.0002677612
ENSG00000259773,0.00057867175
ENSG00000259774,0.0004975904
EIF5-DT,0.0010266207
ENSG00000259776,0.0006942392
LINC01922,0.0
ENSG00000259780,0.0027644783
LINC02259,0.0046552457
ENSG00000259784,0.0004680556
LINC02109,0.0021050156
UAP1-DT,0.000293547
ENSG00000259789,0.0
ENSG00000259791,0.00041762326
ENSG00000259792,0.0
ENSG00000259793,0.00025729428
ENSG00000259798,0.0
MARCHF6-DT,0.004907027
SLC22A31,0.00078904745
CTCF-DT,0.0
ENSG00000259805,0.0490759
ENSG00000259807,0.0
ENSG00000259813,0.0
ENSG00000259814,0.00016888781
LINC02769,0.0
ENSG00000259817,0.0
CZIB-DT,0.0014332419
ENSG00000259819,0.0
ENSG00000259821,0.01574505
LYPD8,0.013535845
CDK13-DT,0.0028463511
ENSG00000259828,0.00015618824
LINC00567,0.0
ENSG00000259833,0.0014446137
LINC01904,0.0
ENSG00000259840,0.0
LINC01566,0.00093561044
HEATR3-AS1,0.001006739
ENSG00000259846,0.004180859
LINC02126,0.00061433716
VENTXP1,0.0
IGHV1OR16-2,0.0
LINC02956,0.0
ENSG00000259861,0.0
ENSG00000259862,0.0
SH3RF3-AS1,0.0005283542
DYNLRB2-AS1,0.03271338
ENSG00000259869,0.00035983344
ENSG00000259870,0.0
ENSG00000259876,0.0009866102
ZNF778-DT,0.017616317
ENSG00000259878,0.0
ENSG00000259881,0.00082656526
EHD4-AS1,0.005141229
FIGNL2-DT,0.0039001447
ENSG00000259889,0.0002687126
ENSG00000259891,0.022002663
TEDC2-AS1,0.002796937
ENSG00000259899,0.03144174
ENSG00000259900,0.0
PWRN1,0.2382137
ENSG00000259906,0.0
ENSG00000259907,0.0
LNCPTCTS,0.00015168845
ENSG00000259912,0.0
ENSG00000259914,0.0
ENSG00000259915,0.021767665
AQP7B,0.03444965
ENSG00000259920,0.00013331584
ENSG00000259925,0.020950224
ENSG00000259928,0.0
ENSG00000259929,0.0044960487
ENSG00000259940,0.0010104155
ENSG00000259941,0.0059727407
CDRT7,0.0
ENSG00000259945,0.0043527535
ENSG00000259946,0.0
LINC02124,0.0
ENSG00000259952,9.1788585e-05
IL21R-AS1,0.0022619187
ENSG00000259955,0.00054897025
ENSG00000259959,0.008352156
ENSG00000259961,0.0
THSD4-AS1,0.16879497
ENSG00000259967,0.0
ENSG00000259968,0.0
LINC00261,0.0
ENSG00000259976,0.0
ENSG00000259977,0.0
ENSG00000259981,0.0
ENSG00000259985,0.0008732539
ENSG00000259986,0.042746678
ENSG00000259989,0.0
IGHV1OR16-4,0.0
ENSG00000260000,0.0032864697
ENSG00000260003,0.0
ENSG00000260004,0.0
ENSG00000260005,0.000311215
ENSG00000260007,0.008050769
ENSG00000260008,0.0009022651
LINC02130,0.00123759
ENSG00000260011,0.007129852
ENSG00000260017,0.010733884
MBTPS1-DT,0.0053298874
LINC01992,0.0022480097
ENSG00000260021,0.0
ENSG00000260022,0.0
LINC02189,0.0
ENSG00000260029,0.0
LCMT1-AS2,0.0018453673
ENSG00000260037,0.0046757413
ENSG00000260041,0.00013548449
ENSG00000260042,0.10477285
ENSG00000260046,0.0011143364
IGHV1OR16-3,0.0
ENSG00000260051,8.87386e-05
LINC01571,0.017289702
ENSG00000260058,0.00020832928
ENSG00000260059,0.000180129
ENSG00000260063,0.00259528
ENSG00000260066,0.0
ENSG00000260070,0.0
ENSG00000260072,0.00047949934
ENSG00000260073,0.0
MRFAP1P1,0.0
ENSG00000260084,0.0046955864
ENSG00000260086,0.0083152875
DDX59-AS1,0.008774962
ENSG00000260091,0.0014929746
ENSG00000260092,0.0002459494
MSRA-DT,0.003549475
LINC00564,0.0
SPDYE6,0.0094426945
LINC01070,0.0
ENSG00000260107,0.00034008868
ENSG00000260111,0.014144252
CDH8-AS1,0.010145659
ENSG00000260118,0.0020275195
ENSG00000260120,0.00022389849
ENSG00000260121,0.002453218
ENSG00000260122,0.008314018
CARMAL,0.005908316
AGBL1-AS1,0.0
ENSG00000260126,0.00022886429
LINC00556,0.0
ENSG00000260132,0.0012421816
MMP2-AS1,0.0015217426
ENSG00000260137,0.0
ENSG00000260142,0.0
ENSG00000260145,0.0014740196
CPNE2-DT,0.00029105705
LINC02673,0.00013904485
ENSG00000260156,0.00040816746
ENSG00000260158,0.0014757939
ENSG00000260162,0.0
ENSG00000260166,0.0
ENSG00000260167,0.012170831
ENSG00000260170,0.0030695628
ENSG00000260171,0.0
LINC01413,0.0
ENSG00000260173,0.0077094715
ENSG00000260176,0.00026523677
ENSG00000260177,0.0031357368
ENSG00000260179,0.00053036626
ENSG00000260185,0.005845974
LINC02137,0.0024623103
ENSG00000260188,0.0
LINC02240,0.032739855
LINC02846,0.000343565
ENSG00000260194,0.00016069671
ENSG00000260196,0.021843046
ENSG00000260197,0.0
ENSG00000260201,0.0014162743
ENSG00000260202,0.0001667428
ENSG00000260205,0.0
ENSG00000260206,0.0006786812
ENSG00000260209,0.0002053837
CENPN-AS1,0.0
ENSG00000260217,0.0
CD2BP2-DT,0.0013193537
CCDC187,0.007817162
ENSG00000260223,0.000623202
CDH13-AS2,0.0019638005
FRRS1L,0.0030608359
KDM7A-DT,0.0
PWRN4,0.0039196042
ENSG00000260234,0.00044829774
ENSG00000260235,0.00019176114
ENSG00000260237,0.0
PMF1-BGLAP,0.0050451816
LINC02533,0.0
ENSG00000260242,0.0
ENSG00000260246,0.0028159106
ENSG00000260249,0.0004910866
ENSG00000260252,0.0012785561
ENSG00000260254,0.00035771646
ENSG00000260256,0.0
LINC02166,0.021261297
ENSG00000260261,0.0
ENSG00000260262,0.0
LINC02194,0.0
LINC00919,0.00014117756
ENSG00000260271,0.00082703115
ENSG00000260272,0.0071403193
ENSG00000260273,0.0005196573
ENSG00000260274,0.0037900305
ENSG00000260277,0.0004074511
BMP2K-DT,0.0024007922
ENSG00000260279,0.0029587087
ITFG1-AS1,0.0031618075
TRMT61A-DT,0.0084247645
ARMH2,0.0
TBC1D3G,0.0
ENSG00000260289,0.0
LINC01882,0.0017185725
ENSG00000260303,0.0
ENSG00000260304,0.00057554437
NTRK3-AS1,0.00083985477
ENSG00000260306,0.002884774
ENSG00000260311,0.0
ENSG00000260312,0.0
LINC02986,0.008044764
ENSG00000260322,0.0
HSPB9,0.001030392
ENSG00000260328,0.0
TMEM263-DT,0.007938352
ENSG00000260331,0.0025229866
LINC01570,0.00026095213
HEXA-AS1,0.0052539017
LINC02176,0.0052518826
ENSG00000260342,0.0007436358
LINC01043,0.0
ENSG00000260348,0.0
ENSG00000260349,0.0227125
ENSG00000260350,0.0014064355
ENSG00000260351,0.0
SMG1-DT,0.025551872
ENSG00000260362,0.00010404752
ENSG00000260364,0.017401846
ENSG00000260367,0.0029897755
ENSG00000260369,0.0003363167
ENSG00000260370,0.0
ENSG00000260371,0.017122248
AQP4-AS1,0.14793923
ENSG00000260377,0.0
ENSG00000260378,0.009732767
ENSG00000260381,0.0015049272
ENSG00000260385,0.0
ENSG00000260387,0.0
LINC00562,0.0
ENSG00000260390,0.0
ENSG00000260392,0.023975128
ENSG00000260393,0.0
STUB1-DT,0.00073007634
ENSG00000260402,0.0
ENSG00000260403,0.0025295338
ENSG00000260406,0.0
ENSG00000260416,0.0
ENSG00000260417,0.0
ENSG00000260418,0.013585722
ENSG00000260419,0.0
LINC02182,0.0024073794
ENSG00000260422,0.00064052327
LINC02367,0.0009344093
ENSG00000260425,0.0074059255
SCX,0.016466584
ENSG00000260430,0.0029843508
LINC01917,0.0
ENSG00000260436,0.0027561786
LMF1-AS1,0.004183797
LINC01544,0.00077320985
ENSG00000260441,0.00028776913
ATP2A1-AS1,0.0013662016
ENSG00000260447,0.00051933224
LCMT1-AS1,0.0
LINC02134,0.0
LINC02957,0.00010409894
NBAT1,0.023580667
ENSG00000260457,0.01731946
KCNJ18,0.0
ENSG00000260460,0.0004765427
ENSG00000260464,0.0
ENSG00000260465,0.024388526
ENSG00000260466,0.0009825063
ENSG00000260467,0.0017044145
LINC01290,0.017898984
INSYN1-AS1,0.0033132553
ENSG00000260473,0.014584741
SLC25A28-DT,0.0006830052
ENSG00000260476,7.262901e-05
LINC01584,0.0013472594
ENSG00000260478,0.00089302036
ENSG00000260484,0.0
ENSG00000260488,0.0028317305
CISTR,0.0
E2F5-DT,0.0034395691
ENSG00000260495,0.0061678654
ENSG00000260496,0.0
ENSG00000260498,0.0009976819
ENSG00000260500,0.0023023237
ENSG00000260504,0.0
ENSG00000260505,0.0
ENSG00000260507,0.006731875
ENSG00000260509,0.00022667926
ENSG00000260510,0.014921488
ENSG00000260515,0.0
ATP8A1-DT,0.0
ENSG00000260520,0.007607733
AP1AR-DT,0.00075406913
FAM157C,0.2845726
ENSG00000260530,0.0
ENSG00000260532,0.0
ENSG00000260536,0.01798368
ENSG00000260537,0.036807537
ENSG00000260542,0.0
ENSG00000260545,0.0004836348
ENSG00000260550,0.00028784756
PWRN2,0.0
ENSG00000260555,0.00017164413
ENSG00000260558,0.00028710847
ENSG00000260563,0.025038201
ENSG00000260564,0.0
ENSG00000260568,0.0
ENSG00000260569,0.0027516668
ENSG00000260570,0.0052655293
PPM1L-DT,0.0046277377
ENSG00000260573,0.007853516
ENSG00000260574,0.0
ENSG00000260575,0.0
CDH3-AS1,0.0009392858
ENSG00000260578,0.0017576008
ENSG00000260579,0.0
ENSG00000260580,0.004820208
ENSG00000260583,0.0007741023
ENSG00000260585,0.004009141
ENSG00000260588,0.0
ENSG00000260592,0.00077360333
ENSG00000260593,0.0023764905
ENSG00000260594,0.0005042887
DUX4,0.00013331584
ENSG00000260597,0.0
ENSG00000260604,0.002667064
ENSG00000260605,0.0
ENSG00000260608,0.0
ENSG00000260611,0.0
ENSG00000260612,0.0
ENSG00000260613,0.0012369399
CYLD-AS2,0.0022693097
ENSG00000260617,0.00019377441
ENSG00000260618,0.005720845
ENSG00000260619,6.681999e-05
ENSG00000260620,0.0
ENSG00000260621,0.007883653
ENSG00000260624,0.0
RUSF1-DT,0.006212762
ENSG00000260626,0.01036094
BGLT3,0.0
ENSG00000260633,0.0011826025
ENSG00000260634,0.00011345246
ENSG00000260635,0.0028478184
ENSG00000260640,0.0
TSPAN5-DT,0.0016064872
ENSG00000260642,0.0
ENSG00000260643,0.0
ENSG00000260645,0.0043439767
ENSG00000260646,0.0024813248
ENSG00000260647,0.003845931
ENSG00000260650,0.00035054228
ENSG00000260651,0.0009399083
MIR3147HG,0.0017450989
ENSG00000260657,0.008348982
ENSG00000260658,0.5792203
ENSG00000260659,0.0
ENSG00000260660,0.0
ENSG00000260661,0.01689272
ENSG00000260664,0.013884121
ENSG00000260670,0.0
ENSG00000260672,0.0009861424
ENSG00000260673,0.0
LINC01541,0.0011842663
ENSG00000260677,0.0
ENSG00000260679,0.0
ENSG00000260681,0.0
ENSG00000260683,0.0
ANKRD20A1,0.010282802
ENSG00000260693,0.019906214
ENSG00000260694,0.0
ENSG00000260695,0.0
ENSG00000260698,0.001824538
ENSG00000260701,0.0005788341
ENSG00000260706,0.0032230874
ENSG00000260710,0.003658007
ENSG00000260715,0.0
ENSG00000260719,0.00042711594
LINC01243,0.0005763984
ENSG00000260721,0.0
ENSG00000260725,0.00020709111
ENSG00000260729,0.35958776
ENSG00000260733,0.017795768
TLE7,0.0
ENSG00000260735,0.0
LINC01227,0.0
LINC00554,0.0
ENSG00000260739,0.0
ENSG00000260740,0.0032488036
ENSG00000260741,0.019589892
ITPRID2-DT,0.0017318673
ENSG00000260743,0.0007593626
ENSG00000260744,0.0008217152
ENSG00000260750,0.004649796
ENSG00000260755,0.0059143472
ENSG00000260756,0.0
ENSG00000260761,0.0
ENSG00000260763,0.0
ENSG00000260771,0.0
ENSG00000260773,0.010977882
ENSG00000260777,0.0
MIR3677HG,0.015565689
ENSG00000260779,0.0
CASC17,0.0006123088
ENSG00000260786,0.0
CEDORA,0.0017783195
CDR2-DT,0.024463462
LINC02280,0.00014049449
ENSG00000260796,0.0033681055
ENSG00000260798,0.0057574217
SERTM2,0.0
LINC01963,0.0057249363
PAPOLA-DT,0.0030276936
CEROX1,0.0
ENSG00000260808,0.00900951
ENSG00000260810,0.00015521327
ENSG00000260814,0.0003855182
ENSG00000260823,0.00024278362
ENSG00000260827,0.0
ENSG00000260830,0.0
ENSG00000260832,0.0007206735
ENSG00000260834,0.0005902229
ENSG00000260836,0.0012038434
ENSG00000260838,6.3184845e-05
LINC01964,0.0
ENSG00000260845,0.0001171027
ENSG00000260847,0.0
ENSG00000260848,0.0003444167
ENSG00000260850,0.029229125
ENSG00000260851,0.093903735
FBXL19-AS1,0.009838263
NFATC2IP-AS1,0.024772706
LINC02184,0.0
ENSG00000260855,0.021949882
ENSG00000260857,0.0
ENSG00000260858,0.0
ENSG00000260861,0.0
ENSG00000260867,0.0024032563
LINC01960,0.0
ENSG00000260874,0.0027901004
LINC01229,0.00860912
ENSG00000260877,0.0
ENSG00000260879,0.0015256407
HCCAT5,0.0
PCHILR,0.004398576
TAT-AS1,0.0021549724
CASC22,0.0023891546
ENSG00000260891,0.009488452
ENSG00000260892,0.0
ENSG00000260894,0.0
ENSG00000260895,0.0
ARLNC1,0.006121848
ADPGK-AS1,0.001016152
LINC02011,0.0008765189
XKR7,0.002582321
LINC02890,0.004645003
ENSG00000260907,0.0
SWINGN,0.0
ENSG00000260911,0.026734507
LINC01254,0.000548902
ENSG00000260914,0.0007628828
ENSG00000260919,0.0021223705
ENSG00000260921,0.0
ENSG00000260922,0.0018377784
LINC01311,0.0026524502
ENSG00000260926,0.0
ENSG00000260927,0.0065338453
LINC01416,0.009416616
ENSG00000260932,0.0
ENSG00000260934,0.000104310915
ENSG00000260937,0.0064923353
CAPN10-DT,0.016516978
LINC02555,0.00035011503
FOXC2-AS1,0.0
ENSG00000260945,0.0
ENSG00000260947,0.0
ENSG00000260953,0.00017770565
ENSG00000260955,0.0051688487
ENSG00000260957,0.0
ENSG00000260958,0.0019856968
ENSG00000260959,0.0
LINC00557,0.0
LINC03064,0.0022402222
WWOX-AS1,0.0007960786
ENSG00000260970,0.0020681305
ENSG00000260971,0.016281746
ENSG00000260972,0.0
ENSG00000260973,0.0
ENSG00000260974,0.0
ENSG00000260975,0.001945755
LINC01633,0.004283208
ENSG00000260978,0.0
USP7-AS1,0.0018621314
ENSG00000260981,9.714262e-05
ENSG00000260986,0.00035496327
ENSG00000260988,0.0
ENSG00000260989,0.013964775
ENSG00000260990,0.0008787893
DOCK9-DT,0.0012777041
ENSG00000260995,0.0004860621
ENSG00000260999,0.008145066
ENSG00000261000,0.001498641
VPS39-DT,0.003971056
LINC01572,0.22415185
ENSG00000261009,0.0
ENSG00000261012,0.0
LINC02165,0.00036036997
ENSG00000261018,0.00074786984
ENSG00000261019,0.00025680472
ENSG00000261020,0.0
ENSG00000261024,0.0
ENSG00000261025,0.0
ENSG00000261028,0.004527491
MPHOSPH6-DT,0.0006325291
ENSG00000261030,0.0
SPECC1-DT,0.0
ENSG00000261035,0.0
ENSG00000261036,0.00041901856
ENSG00000261037,0.00057236745
ENSG00000261038,0.0
ENSG00000261043,0.0
LINC02129,0.0004073763
ENSG00000261049,0.005559615
SYNM-AS2,0.0005907649
ENSG00000261055,0.0
LINC00555,0.0
ENSG00000261058,0.0067028957
ENSG00000261063,0.008025615
ENSG00000261065,0.0002984033
ENSG00000261066,0.0
ENSG00000261069,0.0014980685
ENSG00000261070,0.0015644528
ENSG00000261071,0.0036461756
LINC01195,0.00026531206
ENSG00000261076,0.0
ENSG00000261078,0.0
ENSG00000261079,0.0023220314
RUNX2-AS1,0.00020073613
LINC01228,0.0
LINC02516,0.021323735
ENSG00000261090,0.0
LINC02178,0.00039436918
ENSG00000261093,0.0008747517
ENSG00000261095,0.00039676906
LINC00563,0.0
ENSG00000261103,6.837958e-05
ENSG00000261104,0.001741774
ENSG00000261113,0.0008333475
TMEM178B,0.5344663
ENSG00000261117,0.0015921181
ENSG00000261118,0.013673995
LINC02473,0.0003803756
LINC02167,0.0
ENSG00000261124,0.008643879
ENSG00000261129,0.0
ENSG00000261130,0.005070451
ENSG00000261136,0.003547737
ENSG00000261140,0.10635774
ENSG00000261141,0.0043962775
ENSG00000261146,0.0
ENSG00000261147,0.0
LINC02131,0.0007233919
LINC01989,0.003316049
ENSG00000261158,0.0018121384
ENSG00000261161,0.0077525307
ENSG00000261166,0.0
ENSG00000261170,0.12268205
ENSG00000261172,0.026209341
DNAJA2-DT,0.0055888705
LINC02188,0.005725727
ENSG00000261177,0.00019316738
LINC03121,0.0
LINC03100,0.0
ENSG00000261187,0.0
TFIP11-DT,0.005202801
DSP-AS1,0.0021327643
ENSG00000261191,0.0052730413
LINC01898,0.0011083597
ENSG00000261195,0.0067736777
ENSG00000261198,0.0
ENSG00000261200,0.007700983
TNRC6B-DT,0.00016539947
ENSG00000261204,0.0
LINC00561,0.0
ENSG00000261207,0.00050218427
CLEC19A,0.0036094536
ENSG00000261211,0.0075721564
ENSG00000261213,0.0
ENSG00000261216,0.00975429
ENSG00000261219,0.0
ST3GAL1-DT,0.0032572583
ENSG00000261229,0.0
LINC02133,0.019433651
HSD17B2-AS1,0.030372888
ENSG00000261238,0.00014410366
ENSG00000261240,0.0
LINC02128,0.0044415565
ENSG00000261242,0.0019480089
ENSG00000261243,0.00050055666
ENSG00000261244,0.0
GOLGA8T,0.0003548373
ENSG00000261248,0.00709335
LINC01751,0.0
ENSG00000261250,0.0037504165
EFCAB6-DT,0.007990154
ENSG00000261253,0.0
ENSG00000261257,0.0
ENSG00000261260,0.0
ENSG00000261261,0.0
ENSG00000261265,0.00074031117
ENSG00000261266,0.0003078762
ENSG00000261267,0.0061840466
QKILA,0.0004381242
MUC22,0.0014501557
ENSG00000261275,0.0
ENSG00000261276,0.0
ENSG00000261285,0.00021811995
ATP2C2-AS1,0.017953573
ENSG00000261292,7.94639e-05
ENSG00000261293,0.0
ENSG00000261294,0.0
ENSG00000261296,0.0
ENSG00000261298,0.0
NUP93-DT,0.004227576
LINC02252,0.0014626938
ENSG00000261307,0.0
FIGNL2,0.08294336
ENSG00000261310,0.00017083541
ENSG00000261312,0.004402856
ENSG00000261313,0.0005796614
LINC01834,0.0
DIS3L-AS1,0.00862515
LINC02152,0.0
ENSG00000261320,0.00019161656
LINC02192,0.000107143176
LINC01355,0.040376224
ENSG00000261327,0.0
ENSG00000261329,0.008093486
ITGAL-AS1,0.0012654514
ENSG00000261334,0.0007849756
ENSG00000261335,0.009618318
LINC01616,0.0
SMIM47,0.0013379361
ENSG00000261346,0.0088723805
ENSG00000261347,0.0
LINC02136,0.0003040938
ENSG00000261357,0.0006837995
PYCARD-AS1,0.00030436917
OTULIN-DT,0.006616213
ENSG00000261363,0.0
ENSG00000261364,0.0
MANEA-DT,0.0052143363
ENSG00000261367,0.00066652376
ENSG00000261368,0.0
ENSG00000261369,0.007906484
VPS9D1-AS1,0.013760744
ENSG00000261376,0.0
ENSG00000261382,0.0
ENSG00000261385,0.0009271814
MAFTRR,0.016551921
ENSG00000261392,0.0
ENSG00000261393,0.0
ENSG00000261394,0.0016475525
ENSG00000261396,0.00032848428
LINC01177,0.0
ENSG00000261398,0.0
MAPK8IP3-AS1,0.0029617094
ENSG00000261400,0.0
ENSG00000261402,0.0
ENSG00000261403,0.00021754042
PSMD7-DT,0.12342105
ENSG00000261407,0.00061795226
TEN1-CDK3,0.0
CDH13-AS1,0.00029097032
ENSG00000261411,0.0021426491
CORO1A-AS1,0.0
MPC1-DT,0.012746995
ENSG00000261421,0.0
TMEM202-AS1,0.041406024
ENSG00000261427,0.010738989
DHX35-DT,0.0017574418
LINC01613,0.0008555635
ENSG00000261433,0.0007438539
ENSG00000261435,0.00012768108
ENSG00000261436,0.004609807
LINC02894,0.006381631
ENSG00000261442,0.0041631367
LINC00559,0.0028219756
ENSG00000261447,0.0
ENSG00000261448,0.0036482143
ENSG00000261449,0.00019335539
LINC01735,0.00017845871
TUBB8,0.02426724
ENSG00000261459,0.004519762
ENSG00000261460,0.069490425
COQ7-DT,0.002201992
ENSG00000261466,0.0
ENSG00000261467,0.0
ENSG00000261471,0.0
ENSG00000261472,0.00089578115
LINC02190,0.0
ENSG00000261478,0.0
GOLGA8M,0.0
CARHSP1-DT,0.00065350905
ENSG00000261482,0.0
PAN3-AS1,0.0050989687
ENSG00000261489,9.124803e-05
LINC00566,0.00085774175
BBS7-DT,0.0
LINC01686,0.00082162727
ENSG00000261505,0.017205805
ENSG00000261507,0.0014406642
TP53TG3B,0.0
ENSG00000261512,0.007010145
ENSG00000261513,9.235809e-05
LINC01976,0.0026717663
LINC00558,0.0
ENSG00000261519,0.0014623756
DLGAP1-AS5,0.00020709111
ENSG00000261523,0.0
ENSG00000261532,0.00037632615
ENSG00000261535,0.0004703899
ENSG00000261540,0.0011291491
ENSG00000261541,0.0
ENSG00000261542,0.0039437017
ENSG00000261543,0.0011753559
ENSG00000261546,0.0
ENSG00000261552,0.0001578236
ENSG00000261555,0.0
LINC01859,0.0
ENSG00000261566,0.0
ENSG00000261569,0.0
AGK-DT,0.014359274
ENSG00000261573,0.0031946874
ENSG00000261582,0.00044202665
ENSG00000261583,0.0
ENSG00000261584,0.029077908
ENSG00000261586,0.0
TMEM249,0.0
ENSG00000261592,0.0048459815
TPBGL,0.00014258659
PPM1J-DT,0.0
ENSG00000261600,0.0008840329
ENSG00000261602,0.0041487655
PRSS46P,0.0
ENSG00000261604,0.003109093
ENSG00000261610,0.0015297743
ENSG00000261611,0.00076786696
ENSG00000261613,0.030063346
LINC01858,0.00028083878
TTC23-AS1,0.0025670778
LINC02177,0.0044950196
LINC02605,0.017410569
LINC02179,0.0
ENSG00000261627,0.0
ENSG00000261629,0.0
ENSG00000261630,0.0014208723
ENSG00000261632,0.047670905
ENSG00000261633,0.0025294549
PAQR5-DT,0.05807791
LINC02191,0.0
LINC02127,0.00011665311
ENSG00000261638,0.0020885607
ENSG00000261641,0.0017260052
ENSG00000261642,0.0
CYLD-AS1,0.00050672464
ENSG00000261646,0.0
ENSG00000261648,0.0
GOLGA6L7,0.0052031465
ENSG00000261651,0.0
PIERCE2,0.020244513
ENSG00000261653,0.00018155889
BEAN1-AS1,0.0
ECI1-AS1,0.002891088
TTC39A-AS1,0.012409339
LY6L,0.0
ENSG00000261668,0.0020730733
ENSG00000261670,0.00018428544
ENSG00000261671,0.0016378894
ENSG00000261673,0.00043627573
SCRT1,0.0
ENSG00000261682,0.00047381822
LINC00838,0.0
ENSG00000261684,0.0023806933
ENSG00000261687,0.0
ENSG00000261691,8.078533e-05
ENSG00000261693,0.0005873546
ENSG00000261695,0.0008422577
ENSG00000261696,0.0
LINC02168,0.0
IGHV1OR16-1,0.0
LINC00165,0.0
ENSG00000261707,0.00042315674
ENSG00000261710,0.0
LINC01477,0.0
ENSG00000261717,0.032927055
ENSG00000261722,0.0024909915
ENSG00000261723,0.0037998324
ENSG00000261728,0.0
GS1-204I12.4,0.00230991
FOXF2-DT,0.0
ENSG00000261731,0.0002462413
ENSG00000261734,0.007853255
MIR3976HG,0.0011745893
GOLGA8S,0.0019483654
LINC00922,0.007249715
ENSG00000261743,0.0
ZFPM1-AS1,0.017167382
LINC02180,0.0
ENSG00000261751,0.0
ENSG00000261754,0.0
STAG1-DT,0.00018829957
ENSG00000261760,0.0
ENSG00000261762,0.0
ENSG00000261763,0.0
ENSG00000261766,0.038209304
ENSG00000261779,0.0002952171
LINC01654,0.00022542308
ENSG00000261786,0.013831696
TCF24,0.06109839
ENSG00000261789,0.0
ENSG00000261790,0.0013666083
ENSG00000261793,0.0
GOLGA8H,0.0039250623
ENSG00000261795,0.00035459132
ISY1-RAB43,0.008535375
ENSG00000261798,0.0
ENSG00000261800,0.0
LOXL1-AS1,0.026250124
LINC02140,0.0005492869
ENSG00000261804,0.0035781495
LINC02141,0.008253822
ENSG00000261810,0.0005903896
LINC02164,0.0
ENSG00000261815,0.0
ENSG00000261816,0.0
ENSG00000261817,0.00017032414
ENSG00000261818,0.0019784488
ENSG00000261821,0.0007229106
ENSG00000261822,0.0024325012
ENSG00000261823,0.004076951
ENSG00000261826,0.0
ENSG00000261831,0.0036467288
ENSG00000261832,0.0024780652
IGHV3OR16-15,0.0
ENSG00000261838,0.0045670792
ENSG00000261839,0.0009983146
ENSG00000261842,0.0
ENSG00000261848,0.008191783
LINC02186,0.0
MIA,0.0
LINC01996,0.0053910655
ENSG00000261872,0.0018902605
SMIM36,0.00084015634
ZNF594-DT,0.22203216
ENSG00000261884,0.0023892454
GOSR2-DT,0.0036046405
ENSG00000261888,0.015253255
ENSG00000261889,0.007607176
ENSG00000261898,0.00034351062
ENSG00000261915,0.00037813984
ENSG00000261924,0.00025588364
PCDHGA9,0.0
ENSG00000261938,0.0012853649
GFY,0.0
ENSG00000261959,0.0
ENSG00000261976,0.0
ENSG00000261978,0.00045238857
ENSG00000261996,0.00054063444
DLGAP1-AS2,0.044258002
ENSG00000262003,0.0008765326
ENSG00000262006,0.0
ENSG00000262011,0.0
ENSG00000262020,0.050850306
ENSG00000262050,0.0075545157
ENSG00000262052,0.0014568672
DKFZP434A062,0.0013366028
ENSG00000262079,0.00053862744
ENSG00000262094,0.0
ENSG00000262098,0.0005051005
DHX33-DT,0.0
ENSG00000262112,0.0
ENSG00000262115,0.0
ENSG00000262116,0.0005803914
BCAR4,0.00032789487
ENSG00000262133,0.0004899774
NQO1-DT,0.026498402
ENSG00000262147,0.0
ENSG00000262151,0.014707453
LINC02175,0.0030642166
ENSG00000262160,0.02838242
C17orf114,0.006840156
ENSG00000262171,0.0
MYMX,0.00047121596
LINC01978,0.00021947891
ENSG00000262198,0.011749497
PCDHGB3,0.0
ENSG00000262211,0.0072698086
ENSG00000262213,0.002841549
LINC03048,0.004367323
ENSG00000262228,0.0
ENSG00000262267,0.00094404665
RPH3AL-AS2,0.04115905
ENSG00000262296,0.00052282243
ENSG00000262298,0.00029197344
ENSG00000262302,0.07268291
ENSG00000262304,0.0
ENSG00000262312,0.007892324
ENSG00000262313,0.0
ENSG00000262319,0.007277438
ENSG00000262332,0.0005632595
ENSG00000262339,0.0
ENSG00000262343,0.0
LINC02564,0.0
ENSG00000262358,0.0
ENSG00000262372,0.0009437101
ENSG00000262412,0.0023986588
ENSG00000262413,0.0019513458
ENSG00000262429,0.0052892864
ENSG00000262434,0.0
ENSG00000262445,0.0010013469
MIR193BHG,0.04473386
ENSG00000262456,0.00036188736
LINC01569,0.020674696
TMEM256-PLSCR3,0.013990923
ENSG00000262482,0.011769997
CCER2,0.0063898214
ENSG00000262521,0.0
ENSG00000262526,0.0006564366
ENSG00000262528,0.0056866035
ENSG00000262529,0.006415182
ENSG00000262533,0.0012274142
SMIM28,0.0
ENSG00000262560,0.015097275
PCDHGA4,0.0
ENSG00000262580,0.07444636
LINC01979,0.0012076434
LINC00621,0.04241724
ENSG00000262624,0.0
OR1D5,0.0
ENSG00000262633,0.1444153
ENSG00000262660,0.0024782969
ENSG00000262662,0.0
ENSG00000262663,0.0
OVCA2,0.0
CAMTA2-AS1,0.00011919355
ENSG00000262681,0.005613127
GLIS2-AS1,0.024271656
ENSG00000262692,0.004282802
ZFP3-DT,0.00010212012
ENSG00000262703,0.0
ENSG00000262714,0.0045634443
ARHGAP11A-DT,0.08303553
ENSG00000262730,9.4946205e-05
ENSG00000262732,0.000786927
ENSG00000262768,0.0
ENSG00000262769,0.028090436
LINC01977,0.00028612258
ENSG00000262777,0.0025601757
ENSG00000262786,0.0
ENSG00000262791,0.0018068157
ENSG00000262801,0.13999294
ENSG00000262810,0.03223357
ENSG00000262815,0.0
ENSG00000262823,0.033793356
ENSG00000262831,0.00087655766
ENSG00000262833,0.00034925004
ENSG00000262837,0.0012948957
ENSG00000262848,0.0041414336
ENSG00000262873,0.0009848397
C19orf84,0.0
ENSG00000262881,0.0019938832
ENSG00000262884,0.0006916594
ENSG00000262898,0.00045824226
ENSG00000262899,0.0009639684
CTNS-AS1,0.0054588844
ENSG00000262905,0.00017069129
ENSG00000262920,0.0055150585
ENSG00000262921,0.0024149118
ENSG00000262950,0.0022264877
ENSG00000262966,0.0006062113
ENSG00000262983,0.001126927
ENSG00000262995,0.012826837
ENSG00000262999,0.00039593666
AKAP1-DT,0.015720062
ENSG00000263015,0.0010239843
ENSG00000263020,0.0
ENSG00000263033,0.067197956
ENSG00000263041,0.0
DPH1-AS1,0.024867697
ENSG00000263051,0.0
ENSG00000263063,0.00038882345
ENSG00000263065,0.0
ZNF213-AS1,0.06554158
ENSG00000263080,0.00020920132
ENSG00000263096,0.00030236837
ENSG00000263098,0.0
ENSG00000263105,0.0023272668
ENSG00000263110,0.0
ENSG00000263126,0.00096231105
LINC01896,0.03490354
ENSG00000263154,0.0011437222
MYZAP,0.0
ENSG00000263159,0.0
ENSG00000263164,0.0003403972
ENSG00000263165,0.0
ENSG00000263167,0.0
ENSG00000263171,0.0
ENSG00000263176,0.0
DPEP2NB,0.0
ENSG00000263207,0.0
ENSG00000263218,0.0
ENSG00000263220,0.0
ENSG00000263234,0.0
ENSG00000263237,0.00011704449
ENSG00000263253,0.0
LINC03107,0.006040121
ENSG00000263271,0.0
ENSG00000263279,6.894148e-05
ENSG00000263280,0.0011859841
EFCAB13-DT,0.12501255
ENSG00000263300,0.032240484
ENSG00000263301,0.0
ENSG00000263305,0.0
RSL1D1-DT,0.1664867
LINC01975,0.0031228766
LINC01982,0.010109864
ENSG00000263321,0.0014749366
ENSG00000263325,0.007046063
TAPT1-AS1,0.5845012
ENSG00000263335,0.007042928
ENSG00000263342,0.0
SGSM2-AS1,0.005946341
PPIAL4A,0.0
ENSG00000263370,0.0
ENSG00000263382,0.0
GTSCR1,0.0018866416
ENSG00000263424,0.0016920117
ENSG00000263427,0.0
TMEM238L,0.04565669
ENSG00000263435,0.0
LINC01919,6.864097e-05
ENSG00000263450,0.0
PPIAL4C,0.0
ENSG00000263466,0.00092708936
ENSG00000263477,0.0017859448
ENSG00000263489,0.00022719879
ENSG00000263494,0.0048603313
ENSG00000263499,0.00028437207
ENSG00000263501,0.0
FAM72C,0.0003317439
LINC02563,0.0
IKBKE,0.026988233
ENSG00000263531,0.0031659084
ENSG00000263551,0.013524405
ENSG00000263567,0.0
ENSG00000263571,0.0
PYCR1-AS1,0.0
HID1-AS1,0.0030084075
ENSG00000263594,0.0
ENSG00000263603,0.020052454
LINC02002,0.00020574183
ENSG00000263611,0.0
ENSG00000263612,0.0
ENSG00000263613,0.0
ENSG00000263618,0.0
ENSG00000263620,0.0021565005
ENSG00000263622,0.0
ENSG00000263624,0.011820936
PPP4R1-AS1,0.0031134547
ENSG00000263635,0.0019444046
ENSG00000263637,0.0
MSMB,0.00078176986
ENSG00000263644,0.006467095
ENSG00000263655,0.006379723
ENSG00000263657,0.06542385
LINC03066,0.00016704788
ENSG00000263674,0.0
ENSG00000263680,0.0033251652
ENSG00000263683,0.00041145654
ENSG00000263684,0.0
ENSG00000263707,0.00093502
ENSG00000263708,0.029716069
ENSG00000263709,0.009291616
LINC02210-CRHR1,0.06771449
SEPTIN9-DT,0.030262483
DLGAP1-AS3,0.004873051
ENSG00000263745,0.07616784
ENSG00000263756,0.0
GDF2,0.0
ENSG00000263765,0.0024782245
KPNB1-DT,0.11159635
SKAP1-AS1,0.014035002
ENSG00000263797,0.0
ENSG00000263809,0.0
ENSG00000263821,0.0
ENSG00000263823,0.0015605317
ENSG00000263826,0.0009879514
ENSG00000263847,0.022791984
ENSG00000263859,0.00018137656
ENSG00000263860,0.0
LINC01543,0.00020892877
ENSG00000263863,0.00031699802
DLGAP1-AS4,0.002484849
THOC1-DT,0.0026882826
ENSG00000263893,0.0005472589
ENSG00000263923,0.009300031
ENSG00000263924,0.0011985868
ENSG00000263952,0.0010729333
NETO1-DT,0.0
ENSG00000263970,0.0
ENSG00000263982,0.005925092
ENSG00000263986,0.0
ENSG00000263990,0.016807623
ENSG00000264000,0.003099851
ENSG00000264012,0.0
ENSG00000264015,0.016185924
ENSG00000264016,0.006900238
ENSG00000264019,0.008943352
ENSG00000264023,0.0
LINC02003,0.0015520002
ABHD15-AS1,0.114173755
ENSG00000264044,0.0
ENSG00000264058,0.00044571588
ENSG00000264066,0.0
ENSG00000264083,0.005938681
ENSG00000264108,0.0
ENSG00000264116,0.00052675063
ENSG00000264125,0.0
ENSG00000264131,0.0
ENSG00000264149,0.001838491
ENSG00000264151,0.0039658416
ENSG00000264174,0.0
ENSG00000264177,0.0007891939
ENSG00000264187,0.0062041166
ENSG00000264196,0.0
ENSG00000264207,0.0018489044
ENSG00000264215,0.0
ANXA8L1,0.0013830101
LINC01916,0.0006897118
MYL12-AS1,0.001345964
ENSG00000264243,0.00023812975
ENSG00000264254,0.0005437172
LINC01893,0.0
ENSG00000264262,0.0
LINC01925,0.0005894305
DYM-AS1,0.0017984012
SAP30BP-AS1,0.00022549371
ENSG00000264272,0.0
ENSG00000264273,0.0019253596
ZNF236-DT,0.03238804
LINC01444,0.0
ENSG00000264304,0.0015941765
ENSG00000264324,0.06732593
ENSG00000264339,0.00723618
ENSG00000264340,0.0
LINC01894,0.0017833282
ENSG00000264365,0.002161755
LINC02675,0.022917476
ENSG00000264422,0.0
MYH4,0.0016864047
ENSG00000264434,0.0
MIR378D2HG,0.00047402066
ENSG00000264449,0.018857192
ENSG00000264451,0.0
ENSG00000264458,0.012705458
LINC02837,0.0
ENSG00000264472,0.0
ENSG00000264475,0.0008163428
ENSG00000264486,0.0
ENSG00000264488,0.00020907733
ENSG00000264490,0.0
ENSG00000264491,0.0
ENSG00000264513,0.021967938
ENSG00000264514,0.0006821144
ENSG00000264520,0.011655485
ENSG00000264545,0.0072094053
ENSG00000264548,0.0071420055
ENSG00000264558,0.00024857887
DCXR-DT,0.00049597694
LINC00526,0.0
ENSG00000264577,0.00057951664
ENSG00000264578,0.00071093056
ENSG00000264587,0.00039947906
MAPT-AS1,0.011735889
ENSG00000264595,0.00078167545
ENSG00000264622,0.00090653193
PRKCA-AS1,0.076591596
ENSG00000264634,0.0
ENSG00000264643,0.0
ENSG00000264647,0.0
ENSG00000264659,0.0
ENSG00000264666,0.0137392795
ENSG00000264668,0.016541721
SEPTIN4-AS1,0.027671756
ENSG00000264673,0.0
ENSG00000264693,6.434063e-05
ENSG00000264695,0.0
LINC01912,0.0
ENSG00000264701,0.0043347417
ENSG00000264705,0.00052615145
NPY4R2,0.0
ENSG00000264727,0.0
ENSG00000264729,0.0
ENSG00000264734,0.0
ENSG00000264735,0.0
ENSG00000264739,0.0003643372
TTC39C-AS1,0.0014346803
ENSG00000264750,0.0
ENSG00000264765,0.0
MAFG-AS1,0.0
ENSG00000264785,0.0
ENSG00000264791,0.0
ENSG00000264808,0.011047996
ENSG00000264813,0.0021220096
ENSG00000264825,0.0005716029
ENSG00000264829,0.0
ENSG00000264843,0.0
DSG2-AS1,0.0047363597
ENSG00000264869,0.00034372107
ENSG00000264876,0.0003437818
ENSG00000264880,0.0
ENSG00000264914,0.0047418205
ENSG00000264924,0.0027202189
ENSG00000264932,0.0
PRR29-AS1,0.0015095018
ENSG00000264956,0.00080137356
TWSG1-DT,0.00894479
ENSG00000264968,0.024224872
ENSG00000264982,0.00028512144
ENSG00000264985,0.0
ENSG00000264990,0.0
MARCHF10-DT,0.0051549375
ENSG00000265008,0.0019611188
ENSG00000265043,0.0
ENSG00000265046,0.0
ENSG00000265055,0.00060807983
ENSG00000265069,9.124803e-05
ENSG00000265073,0.017233668
C1QTNF1-AS1,0.0036932535
ENSG00000265100,0.00071428204
ENSG00000265101,0.0
ENSG00000265115,0.0
ENSG00000265118,0.00045148248
ENSG00000265121,0.0
ENSG00000265125,0.0012606945
ENSG00000265126,0.0
ENSG00000265128,0.0031704279
ENSG00000265139,0.0010754829
MIR133A1HG,0.0024803588
CDRT8,0.0
ALDOC-AS1,0.00018909063
ANXA8,0.0014551345
ENSG00000265194,0.00015825855
RBP3,0.0
ENSG00000265204,0.0069150655
ENSG00000265205,0.0021768268
ENSG00000265217,0.0003901101
ENSG00000265218,0.054544322
IGLJCOR18,0.0
ENSG00000265246,0.0
ENSG00000265254,8.1269136e-05
ENSG00000265265,0.0
ENSG00000265282,0.00040774225
ENSG00000265289,0.0009109558
ENSG00000265303,0.0019375545
LINC01476,0.014203871
ENSG00000265316,0.0023388383
ENSG00000265334,0.030819086
ENSG00000265342,0.0003269936
ENSG00000265349,0.017903883
LINC01899,0.004611648
ENSG00000265359,0.002933397
PCAT18,0.008918587
LINC01908,0.00083711126
ENSG00000265378,0.0
ENSG00000265380,0.0
ENSG00000265393,0.02068431
ENSG00000265394,0.002915468
ENSG00000265399,0.0126111405
ENSG00000265400,0.0009215247
ENSG00000265401,0.00034647447
PRR11-AS1,0.00031536838
ENSG00000265425,0.0
ENSG00000265443,0.00037328058
ENSG00000265445,0.0007768108
CLASP1-AS1,0.025325164
NARF-AS2,0.004059479
ENSG00000265474,0.0013013782
ENSG00000265478,0.0
ENSG00000265484,0.0019396754
LINC01915,0.0009927239
ENSG00000265487,0.007951671
ARHGAP44-AS1,0.0020059536
ENSG00000265490,0.0016139998
ENSG00000265494,0.0014587536
ENSG00000265496,0.00086505193
ENSG00000265511,0.0
LINC01892,0.0
ENSG00000265519,0.00016384381
DSEL-AS1,0.04440233
ENSG00000265542,0.026916232
ENSG00000265547,0.0
ENSG00000265552,0.0
ENSG00000265554,0.00012683391
LINC01903,0.0
CFAP298-TCP10L,0.0061037755
ENSG00000265618,0.0005393304
ENSG00000265643,0.005323205
ENSG00000265644,0.0
ENSG00000265656,0.0064533134
ENSG00000265664,0.0
ENSG00000265670,0.0
ENSG00000265678,0.0001497208
MILIP,0.0067676404
ENSG00000265689,0.0
ENSG00000265690,0.0
LINC01970,0.004270052
ENSG00000265697,0.0
ENSG00000265702,0.011364105
ENSG00000265728,0.0028886367
ENSG00000265737,0.027547542
ENSG00000265739,0.015559803
LINC02978,0.00041901856
ENSG00000265749,0.020266345
ENSG00000265750,0.008517773
ENSG00000265751,0.009612234
LINC02958,0.001358963
LINC01900,0.0052602054
ZNF488,0.0033089214
CXADRP3,0.0
ZNF516-AS1,0.0037155973
ENSG00000265781,0.0
ENSG00000265784,0.0005355141
LINC01906,0.00017459191
CYP4F35P,0.0
NOS2P1,0.0
ENSG00000265799,0.0
FSBP,0.0
EEF1E1-BLOC1S5,0.0020036285
ENSG00000265840,0.0008572734
LINC01029,0.0
ENSG00000265844,0.0017153829
ENSG00000265845,0.009057213
DSCAS,0.009404167
ENSG00000265907,0.026896875
ENSG00000265908,0.0
ENSG00000265912,0.003160986
ENSG00000265927,0.0
LINC00668,0.0005424517
ENSG00000265935,0.0
LINC01387,0.0013243101
GACAT2,0.0017451487
ENSG00000265967,0.002201342
ENSG00000265971,0.0
ENSG00000265980,0.002763556
GREB1L-DT,0.00014817294
ENSG00000265987,0.046036407
ENSG00000265994,0.0
ENSG00000265995,0.0025521505
GATA6-AS1,0.00095508056
LINC02079,0.0
ENSG00000266014,0.0
SLC9A3R1-AS1,0.001686408
ENSG00000266049,0.06834339
NDUFV2-AS1,0.029707948
ENSG00000266065,0.0
ENSG00000266076,0.030671591
ENSG00000266086,0.10279826
ENSG00000266088,0.0009770201
ENSG00000266100,0.0007635269
ENSG00000266101,0.00028060706
ENSG00000266102,0.0
ENSG00000266106,0.0
ENSG00000266111,0.008868743
ENSG00000266114,0.0
ENSG00000266120,0.008232729
ENSG00000266149,0.00045161683
ENSG00000266153,0.0
ENSG00000266171,0.0010860213
ENSG00000266196,0.0
ENSG00000266202,0.050589878
GJD3-AS1,7.30799e-05
ENSG00000266213,0.0
LINC00683,0.0016921841
LINC01909,0.018957384
ENSG00000266261,0.000358364
KLF14,6.2830026e-05
ENSG00000266268,0.007078135
ENSG00000266273,0.0
LINC01910,0.0
ENSG00000266279,0.0
ENSG00000266283,0.0
LINC02974,0.0039824527
LINC02933,0.0009798978
DYNLL2-DT,0.00041138846
LIVAR,0.0
ENSG00000266311,0.0005644027
LINC01927,0.00025097825
ENSG00000266313,0.004003969
ENSG00000266335,0.0
ENSG00000266340,0.0018277289
ENSG00000266341,0.0
LINC02074,0.001251823
ENSG00000266368,0.017781563
ENSG00000266369,0.0
PIK3R5-DT,0.0010813064
ENSG00000266397,0.007831698
ENSG00000266401,7.30799e-05
ARHGAP28-AS1,0.00069962104
NARF-AS1,6.703905e-05
ENSG00000266456,0.0012669702
ENSG00000266460,0.00045133752
ENSG00000266466,8.204289e-05
ENSG00000266469,0.0043178126
ENSG00000266489,0.0
ENSG00000266495,0.0
ENSG00000266498,0.0
ENSG00000266505,0.0
ENSG00000266521,0.0001094681
GDF10,0.0
ENSG00000266527,0.006956114
ENSG00000266535,0.00014878607
ENSG00000266541,0.0017515309
LINC01443,0.003895161
ENSG00000266573,0.0043680384
ENSG00000266578,0.0032476163
ENSG00000266579,0.0
ENSG00000266586,0.00022489348
ENSG00000266598,0.0015533733
ENSG00000266602,0.0056437347
LINC01887,0.0045557404
ENSG00000266642,0.00083913177
ENSG00000266644,0.0
ENSG00000266651,0.0002938922
ENSG00000266654,0.00023871529
ENSG00000266667,0.012436831
ENSG00000266677,0.0043453244
ENSG00000266680,0.0027044008
ENSG00000266696,0.00486395
ENSG00000266708,0.0
ENSG00000266709,0.0
ENSG00000266711,0.0
MYO15B,0.25920445
ENSG00000266717,0.0006770353
ENSG00000266718,0.0002833625
ENSG00000266728,0.0035102717
DSG1-AS1,0.023961032
TBC1D29P,0.0020322425
ENSG00000266743,0.0
ENSG00000266744,0.0086831795
ENSG00000266765,0.00061716477
ENSG00000266767,0.003080881
ENSG00000266774,0.0
ENSG00000266775,0.0
ENSG00000266821,0.0017871796
ENSG00000266824,0.0018893081
IGBP1C,0.0
ENSG00000266830,6.3972635e-05
ENSG00000266840,0.0006041435
ENSG00000266844,0.0043296916
ENSG00000266846,0.02915073
ENSG00000266850,0.0
ENSG00000266869,0.0026360988
ENSG00000266872,0.0004140572
ENSG00000266877,0.031273797
ENSG00000266897,0.0
ENSG00000266901,0.0
CEACAM16-AS1,0.113438584
LINC00663,0.0078069894
ENSG00000266905,0.0004169934
LINC01841,0.011560855
ENSG00000266918,0.0
ZNF230-DT,0.00055045413
ENSG00000266923,0.0008438431
ENSG00000266924,0.0
ENSG00000266925,0.0
ENSG00000266928,0.0012900358
MADCAM1-AS1,0.008924095
ENSG00000266936,0.0038534026
ENSG00000266941,0.0003832082
ENSG00000266947,0.011509708
ENSG00000266950,0.00762386
ENSG00000266951,0.0
LINC01538,0.017761981
ENSG00000266953,0.0040758457
LDLRAD4-AS2,0.0002827934
ENSG00000266955,0.00047307677
ENSG00000266957,0.029247899
ENSG00000266961,0.0
ENSG00000266963,0.0
CEP192-DT,0.0034394038
SOCS3-DT,0.06323115
ENSG00000266973,0.0016506998
FARSA-AS1,0.0
ENSG00000266976,0.0
ENSG00000266977,0.004206879
LIMASI,0.1054533
LINC01180,0.0
ENSG00000266980,0.0
RANBP3-DT,0.019268177
ENSG00000266985,0.0
ENSG00000266987,0.0015546073
ENSG00000266990,0.0
ENSG00000266993,0.0017645251
ENSG00000266997,0.0036707122
ENSG00000266998,0.0039769225
ENSG00000267000,0.00015978707
ENSG00000267001,0.00047443854
ENSG00000267004,0.0009640305
ENSG00000267006,0.0
ENSG00000267007,0.001198081
ENSG00000267011,0.012725188
LINC01929,0.0
LINC01532,0.0048051546
ENSG00000267015,0.0
ENSG00000267016,0.012991599
ENSG00000267022,0.008111098
ENSG00000267024,0.0005711472
ENSG00000267026,0.0016344945
ENSG00000267027,0.00063845253
TCF4-AS1,0.010937611
ENSG00000267030,0.0
ENSG00000267033,0.0037505901
ENSG00000267035,0.0
ENSG00000267038,0.0
ENSG00000267039,0.008520122
ENSG00000267044,0.00037204736
ENSG00000267049,0.0080257505
ENSG00000267051,0.005235653
CTB-30L5.1,0.0046685794
ENSG00000267053,0.013938828
ENSG00000267055,0.008074381
LINC01905,0.0031465087
ENSG00000267058,0.004642893
ENSG00000267059,0.011024239
ENSG00000267061,0.0003367959
ENSG00000267062,0.003723373
ENSG00000267063,0.0033732804
UXT-AS1,0.0003428452
LINC02080,0.003232922
ENSG00000267069,0.00015220144
ENSG00000267072,0.0036020952
ENSG00000267073,0.0
ENSG00000267075,0.0
ENSG00000267077,0.0013906125
ENSG00000267078,0.0
ENSG00000267079,0.0
DOCK6-AS1,0.022996351
ENSG00000267089,0.00028285146
ENSG00000267090,0.0
ENSG00000267092,0.0017292084
ENSG00000267095,0.0009245189
SLC14A2-AS1,0.025059352
ENSG00000267098,0.014266716
ENSG00000267101,0.0017140632
TBC1D3P1-DHX40P1,0.0
ENSG00000267108,0.000987137
ENSG00000267109,0.001664458
ENSG00000267110,0.0
ENSG00000267112,0.00033505334
ENSG00000267114,0.0068036863
ENSG00000267117,0.00066271925
ENSG00000267120,0.0
ENSG00000267122,0.0006780809
SCAT1,0.00023532414
ENSG00000267124,0.0013828931
ENSG00000267125,9.767165e-05
ENSG00000267127,0.0042002946
RNF157-AS1,0.011783616
ENSG00000267130,0.001203619
ENSG00000267133,0.0
LINC01924,0.18761133
ENSG00000267136,0.0038206603
ENSG00000267137,0.0
ENSG00000267139,0.0
ENSG00000267140,0.0
ENSG00000267141,0.0
ENSG00000267143,0.0
ZNF222-DT,0.0
ENSG00000267146,0.0
LINC01842,0.0034410274
ENSG00000267150,0.0
MIR2117HG,0.0006410711
ENSG00000267152,0.012507553
ENSG00000267157,0.0
ENSG00000267159,0.0
ENSG00000267160,0.0
CHMP1B-AS1,0.001808075
ENSG00000267168,0.013882011
ENSG00000267172,0.0
ENSG00000267173,0.003866924
ENSG00000267175,0.05019094
ENSG00000267177,0.00036580348
ENSG00000267179,0.038940564
ZNF45-AS1,0.026496565
ENSG00000267192,0.0
ENSG00000267193,0.016690064
ENSG00000267199,0.0028659008
LINC01775,0.00035955943
ENSG00000267202,0.0
LINC01782,0.0
ENSG00000267205,0.0005316817
BCAS3-AS1,0.019956863
LINC01897,0.0
ENSG00000267211,0.0
ENSG00000267212,0.0
DPY19L3-DT,0.011515995
ENSG00000267214,0.00062562886
ENSG00000267215,0.0
ZNF8-ERVK3-1,0.0
ENSG00000267219,0.008920109
C17orf113,0.0
ENSG00000267223,0.0
ENSG00000267224,0.0006047961
MALT1-AS1,0.0
ENSG00000267228,0.00046847016
ENSG00000267231,0.00010811028
ENSG00000267232,0.0
ENSG00000267234,0.0
ENSG00000267238,0.0
ENSG00000267239,0.0010548449
ENSG00000267240,0.00029001254
ENSG00000267247,0.0
ENSG00000267250,0.00045806787
ENSG00000267251,0.005275062
LINC01255,0.001373879
ENSG00000267255,0.0
ENSG00000267257,0.0005954147
ERVE-1,0.008031762
ENSG00000267260,0.0017218068
ENSG00000267261,0.0014708226
ENSG00000267262,0.017678922
GP6-AS1,0.11431476
ENSG00000267269,0.0
PARD6G-AS1,0.049556732
LINC01140,0.0
ENSG00000267273,0.0006963429
ENSG00000267277,0.0030998243
MAP3K14-AS1,0.012831695
ATF7-NPFF,0.0026429663
ENSG00000267282,0.008508805
ENSG00000267284,0.00574508
ENSG00000267286,0.0
ENSG00000267288,0.005458008
PIN1-DT,0.0
MAP4K1-AS1,0.0010941896
CEBPA-DT,0.00093505497
ENSG00000267299,0.012387376
RNFT1-DT,0.015511519
ENSG00000267303,0.00014666987
ENSG00000267304,0.0
UCA1-AS1,0.003177644
ZNF566-AS1,0.0019297721
ENSG00000267311,0.0
KC6,0.014160169
ENSG00000267314,0.0057019168
ENSG00000267317,0.0040287436
ENSG00000267318,0.013305187
ENSG00000267320,0.0021430205
LINC01415,5.927495e-05
ENSG00000267328,0.0
KIF18B-DT,0.0
ENSG00000267335,0.0014017972
LINC01478,0.0034706527
ENSG00000267338,0.00048335327
LINC00906,0.00095854246
ENSG00000267341,0.0002984527
ENSG00000267342,0.0017045534
ENSG00000267344,0.0
ENSG00000267345,0.006956716
GEMIN7-AS1,0.07833008
ENSG00000267349,0.0
ENSG00000267353,0.00017291364
ENSG00000267356,0.0
ENSG00000267359,0.0011609847
ENSG00000267360,0.013293203
ENSG00000267363,0.0
KCNJ2-AS1,0.0022892107
ENSG00000267366,0.0
UPK3BL1,0.0
ENSG00000267372,0.0
ENSG00000267373,0.0
MIR924HG,0.06349157
ENSG00000267375,0.017118873
ENSG00000267378,0.0
ENSG00000267379,0.0051625045
ENSG00000267385,0.0004582699
ENSG00000267387,0.0
KDSR-DT,0.020549381
MIR122HG,0.0
ENSG00000267393,0.0009662952
ATXN7L3-AS1,0.020603884
DM1-AS,0.03269308
ENSG00000267396,0.003067607
ENSG00000267397,0.00096672424
ENSG00000267401,0.0
TCF4-AS2,0.00035848317
ENSG00000267405,0.0009540272
LINC02841,0.0
ENSG00000267409,0.0027758353
LINC01901,0.00048087985
SETBP1-DT,0.002409836
HEATR6-DT,0.014723776
ENSG00000267417,0.00068750436
ZFP28-DT,0.001072474
ENSG00000267423,0.0020070851
ENSG00000267424,0.00045794234
LINC01928,0.002755677
ENSG00000267426,0.005748009
MFSD12-AS1,0.08543685
ENSG00000267437,0.0
ENSG00000267439,0.0025216115
LINC02594,0.0007162947
ENSG00000267443,0.0
ENSG00000267446,0.00045398902
ENSG00000267448,0.0004265467
LINC02073,0.0
CLEC4OP,0.0
ENSG00000267455,0.0
ENSG00000267457,0.0
ENSG00000267461,0.046441816
ENSG00000267462,0.00028181012
LINC03103,0.0
ENSG00000267466,0.0008803717
APOC4,0.0
ENSG00000267469,0.0048688934
ZNF571-AS1,0.00077510555
ENSG00000267476,0.04470758
ENSG00000267477,0.000559512
LINC02979,0.00020370669
ENSG00000267484,0.0014858551
LINC01837,0.0029601997
ENSG00000267491,0.0
CIRBP-AS1,0.00022484914
FAM215A,0.0
UQCRFS1-DT,0.00051021273
ENSG00000267501,0.0
ENSG00000267503,0.002275833
ENSG00000267505,6.312681e-05
ENSG00000267506,0.0045151147
ZNF285,0.0
ENSG00000267509,0.004820708
ENSG00000267510,0.0025945134
ENSG00000267512,0.00051906006
LINC01864,0.0002751947
ENSG00000267523,0.021944541
LINC01836,0.015402702
LINC00868,0.002187447
ENSG00000267546,0.019305792
ENSG00000267547,0.00084933214
ZSCAN5A-AS1,0.0081306
PTPRS-AS1,0.0
GNA15-DT,0.01063543
ENSG00000267552,0.003546662
ENSG00000267555,0.00016763077
ENSG00000267557,0.0010533996
ENSG00000267559,0.0016728097
ENSG00000267560,0.0
ENSG00000267561,0.0033104667
ENSG00000267563,0.0033509557
ENSG00000267564,0.0033587927
ENSG00000267565,0.0012162179
ENSG00000267567,0.0
ENSG00000267574,0.0
DNAAF3-AS1,0.0017935974
ENSG00000267579,0.00065001805
ENSG00000267580,0.0
ENSG00000267582,0.00068833557
ZNF24TR,0.0
LINC00907,0.19035345
LINC01926,0.0009707081
ENSG00000267598,0.004621002
LINC02959,0.0
ENSG00000267601,0.0
LINC01028,0.0
ENSG00000267604,0.0
ENSG00000267605,0.019257821
ENSG00000267606,0.0
ICAM4-AS1,0.002466874
ENSG00000267610,0.0
ENSG00000267612,5.0240455e-05
ENSG00000267614,0.0
ENSG00000267615,0.00051702536
ENSG00000267617,0.0
ENSG00000267618,0.0018456245
ENSG00000267625,0.0
HAUS5-DT,0.00029510268
ENSG00000267627,0.005084227
ENSG00000267628,0.00031023423
CGB1,0.0
ENSG00000267633,0.0057945736
ENSG00000267638,0.00092725136
ENSG00000267640,0.0
ASXL3-DT,0.0015032005
ENSG00000267644,0.0
POLR2J2-UPK3BL1,0.2861478
ENSG00000267646,0.00034866668
ENSG00000267649,0.0023653766
ENSG00000267650,0.0
ENSG00000267651,0.0008240659
RAB5C-AS1,0.00059986016
LINC01482,0.2224036
TSHZ3-AS1,0.024532419
ENSG00000267665,0.0007063498
ENSG00000267666,0.0031211416
ENSG00000267670,0.0
ENSG00000267674,0.0
ENSG00000267675,0.0
ENSG00000267677,0.0011142486
LINC03111,0.004271549
ENSG00000267688,0.008526478
LDLRAD4-AS1,0.0014139749
ENSG00000267694,0.00432177
ENSG00000267695,0.00062095054
ERVK-28,0.010926277
ENSG00000267698,0.019013003
ENSG00000267699,0.06698647
ENSG00000267703,0.0019009771
ENSG00000267705,0.00048918976
ENSG00000267706,0.0
ENSG00000267707,0.019071154
ENSG00000267709,0.0047548614
EDDM13,0.03222123
ENSG00000267711,0.0023906846
LINC01539,0.0
ENSG00000267714,0.0
LINC02078,0.0
ENSG00000267722,0.0
ENSG00000267723,0.01393167
ENSG00000267724,0.0010187024
LINC02565,0.0
ENSG00000267727,0.0
ENSG00000267729,0.0
ENSG00000267731,0.0012876743
ENSG00000267732,0.00047226736
ENSG00000267734,0.0014986148
ENSG00000267735,0.0
ENSG00000267737,0.026210275
ENSG00000267740,0.004382554
ENSG00000267743,0.00010156802
ENSG00000267746,0.0
ENSG00000267748,0.019926514
RUNDC3A-AS1,0.007300264
BSG-AS1,0.0033771687
ENSG00000267755,0.00020335619
ENSG00000267758,0.001487259
ENSG00000267760,0.0
MIR4527HG,0.0024965724
ENSG00000267762,0.004072333
ENSG00000267764,0.0053665442
ENSG00000267765,0.01569794
LINC01801,0.0104573
ENSG00000267769,0.00047595272
LINC01999,0.0042338036
ENSG00000267774,0.0
LINC01791,0.00045751178
CBARP-DT,0.00045235516
LINC01533,0.0004724805
ENSG00000267780,0.024768706
ENSG00000267782,0.0
ENSG00000267783,0.00063707016
ENSG00000267784,0.0
ENSG00000267786,0.0033130075
ENSG00000267788,0.0
ENSG00000267789,0.0
LINC01987,0.00027028707
ENSG00000267791,0.0
ENSG00000267801,0.002674595
ENSG00000267808,0.0
ENSG00000267811,0.0022869364
ENSG00000267815,0.0016523281
ENSG00000267834,0.004013965
ENSG00000267838,0.00803605
ARHGEF18-AS1,0.0058259983
ENSG00000267857,0.0
ENSG00000267868,0.0009363302
ZNF460-AS1,0.039736237
ENSG00000267872,0.0
ENSG00000267879,0.0045795264
ENSG00000267881,0.0047170916
ENSG00000267882,0.002256628
ENSG00000267886,0.0
ENSG00000267890,0.0013664046
ENSG00000267892,0.021353064
ENSG00000267898,0.0
VSIG10L-AS1,0.0
CCDC177,0.0
ENSG00000267919,0.0
ENSG00000267922,0.0019677554
ENSG00000267924,0.0121232
ENSG00000267927,0.0034614569
ENSG00000267934,0.0031092963
ENSG00000267939,0.022979055
ENSG00000267940,0.008188237
ENSG00000267943,0.0001171027
ENSG00000267952,0.00093541195
ENSG00000267968,0.004735815
MAGEA9B,0.0
ENSG00000267980,0.0057471846
ENSG00000267984,0.000886744
ENSG00000267986,0.0012208112
ENSG00000267992,0.0
SSX4,0.0
ENSG00000268015,0.008925445
ENSG00000268030,0.01384059
LINC01785,0.00037341303
ERFL,0.000644723
ENSG00000268047,0.0035168335
ENSG00000268049,0.0003524144
ENSG00000268055,0.0
ENSG00000268056,0.009817462
NAPA-AS1,0.02409762
ENSG00000268069,0.010566755
ENSG00000268078,0.0
ENSG00000268081,0.09938123
ENSG00000268083,0.004359901
ENSG00000268087,0.0032781616
GABRQ,0.028839102
ENSG00000268093,0.0036966286
ZNF649-AS1,0.0027234764
SLC6A14,0.0010506292
ENSG00000268107,0.0006392635
ENSG00000268108,0.0
ENSG00000268112,0.014331234
ENSG00000268120,0.0014495803
ENSG00000268129,0.004827285
ENSG00000268133,0.003350912
ENSG00000268149,0.001915168
ENSG00000268163,0.088407025
ENSG00000268170,0.0
ENSG00000268173,0.00043746064
SMIM17,0.006191917
ENSG00000268184,0.0022451645
ZNF114-AS1,0.00037931916
ENSG00000268191,0.0
ENSG00000268193,0.0048305374
ENSG00000268199,0.0006056207
ENSG00000268203,0.0
ENSG00000268204,0.005889613
OPN1MW,0.0
ARL14EPL,0.017446304
TCP11X1,0.0
ENSG00000268240,0.00028377763
AIRN,0.0006424774
PKMYT1AR,0.0018844634
ENSG00000268279,0.005237598
ENSG00000268287,0.0
ENSG00000268288,0.0
ENSG00000268289,0.002824949
ENSG00000268292,0.0
ENSG00000268296,0.0
LINC02560,0.0001406007
ENSG00000268309,0.001075675
ENSG00000268316,0.0
LINC01872,0.0005123056
SCGB1C2,0.00063437544
LRRC2-AS1,0.0009936274
ENSG00000268326,0.00095916557
FAM156A,0.06355102
ENSG00000268361,0.003091867
SERTAD3-AS1,0.0
ENSG00000268375,0.00030612078
ENSG00000268390,0.00037620132
ENSG00000268392,0.0050652125
ENSG00000268400,0.000638018
ENSG00000268401,0.002685458
ZNF143-AS1,0.010193772
ENSG00000268416,0.013168145
ENSG00000268434,9.426439e-05
SSX2B,0.0011090806
ENSG00000268458,0.14967293
ENSG00000268465,0.0018895306
MIR4453HG,0.0
ENSG00000268472,0.0
ENSG00000268475,0.0
NFILZ,0.0006300769
SIGLEC5,0.0
ENSG00000268505,0.0
ENSG00000268530,0.0010769973
ENSG00000268531,0.0
LINC02135,0.0
ENSG00000268533,0.036641482
ENSG00000268536,0.0025785344
ENSG00000268555,0.02441304
ENSG00000268560,0.0001906583
ILVBL-AS1,0.0009139756
ENSG00000268565,0.0
ENSG00000268566,0.004044077
ENSG00000268573,0.0
LINC01966,0.0
ENSG00000268583,0.010005964
ENSG00000268584,0.0126942415
RAET1E-AS1,0.021766283
ENSG00000268595,0.00069938076
ENSG00000268597,0.0
ENSG00000268601,0.0
ENSG00000268603,0.0
MAGEA2,0.0
ENSG00000268614,0.0
ENSG00000268618,0.0
IGFL2-AS1,0.00047445533
ENSG00000268628,0.0013504694
TEX13A,0.0
ENSG00000268635,0.0007127401
ENSG00000268636,0.0018171715
ENSG00000268643,0.008529617
ENSG00000268649,0.001697376
ENSG00000268650,0.014086832
CTAG1A,0.0
MIMT1,0.0
SAXO3,0.0
ENSG00000268673,0.0
ENSG00000268674,0.0
ENSG00000268677,0.0002617426
ENSG00000268678,0.0017115198
ENSG00000268686,0.001409778
ZNF723,0.0010099609
ENSG00000268707,0.00066251575
ENSG00000268729,0.0022652487
HSFX2,0.0
ENSG00000268739,0.0
ENSG00000268745,0.0
ENSG00000268746,0.0016786064
ENSG00000268750,0.024634177
SCGB1B2P,0.00555977
LINC01081,0.011027219
ENSG00000268756,0.001816892
ENSG00000268764,0.00050921284
ENSG00000268777,0.0
ENSG00000268790,0.00091965875
ENSG00000268797,0.14871053
LINC02132,0.0
LIF-AS2,0.0044725137
ENSG00000268833,0.0047632847
ENSG00000268836,0.0103378035
ENSG00000268842,0.00044663728
ENSG00000268845,0.0
ENSG00000268854,0.0018264648
ENSG00000268858,0.011238869
ENSG00000268870,0.0665478
ENSG00000268873,0.00081206014
ENSG00000268886,0.0026894514
LIM2-AS1,0.001261871
PLCE1-AS1,0.0
A1BG-AS1,0.01875706
ENSG00000268896,0.00027268357
CSAG2,0.0
ENSG00000268906,0.0
ENSG00000268912,0.005641694
CSAG3,0.0
ENSG00000268926,0.0006215385
ENSG00000268931,0.0015634454
ENSG00000268938,0.00069170847
CT45A1,0.0
LINC01711,0.0009954451
ERVV-2,0.0007214272
MIA-RAB4B,0.0
ENSG00000268981,0.036348738
KXD1-AS1,0.0007522973
ENSG00000268985,0.0037341777
SPANXN2,0.0
FAM236B,0.0
MAN1B1-DT,0.0054176864
HOMER3-AS1,0.0025897324
ENSG00000269026,0.0621988
ENSG00000269035,0.0015691665
LINC01838,0.0
SF1-DT,0.010505784
ENSG00000269043,0.2953224
ENSG00000269050,0.0007466763
ENSG00000269053,0.0
ZNF497-AS1,0.017330999
CALR3,0.0
ENSG00000269066,0.0025050323
ZNF728,0.022254162
ENSG00000269068,0.00028476107
ENSG00000269085,0.00078161625
LINC02965,0.0010438851
ENSG00000269091,0.007780224
ENSG00000269095,0.0015028404
CT45A3,0.0
ENSG00000269102,0.008369136
ENSG00000269106,0.0009637113
ENSG00000269107,0.00068740605
ENSG00000269110,0.033866733
ENSG00000269124,0.008942134
ENSG00000269125,0.0
MAST3-AS1,0.012005523
ENSG00000269148,0.0035695895
ENSG00000269151,0.0033173317
ENSG00000269155,0.0
ENSG00000269161,0.0008182845
ENSG00000269172,0.01544988
ENSG00000269176,0.0
ENSG00000269177,0.0
ENSG00000269179,0.010634644
LINC01082,0.0
ENSG00000269191,0.0045539266
ENSG00000269210,0.00060468185
LINC00528,0.0008830063
TMSB15C,0.0
ZNF350-AS1,0.08011185
ENSG00000269237,0.15030447
ENSG00000269242,0.0057737846
ENSG00000269243,0.003692384
ENSG00000269246,0.0
ENSG00000269256,0.0001568675
ENSG00000269271,0.0
ENSG00000269275,0.00033315065
ENSG00000269288,0.004051203
ENSG00000269289,0.01472845
ENSG00000269292,0.0022242314
ENSG00000269296,0.00022980121
ENSG00000269300,0.0
GRAMD1A-AS1,0.000880149
ENSG00000269307,0.0
ENSG00000269318,0.005536605
ENSG00000269321,9.333104e-05
IKBKG,0.049929135
ENSG00000269349,0.0
ENSG00000269350,0.00028381156
PTOV1-AS2,0.0014283655
LINC01233,0.0015413521
ENSG00000269365,0.0017972721
ENSG00000269371,0.0
ENSG00000269387,0.0
ENSG00000269392,0.001727022
ENSG00000269399,0.0053440756
ENSG00000269403,0.0
SPIB,0.0007918818
NXF2,0.00024763032
LINC01224,0.0017223378
PLA2G4C-AS1,0.0011576904
ENSG00000269425,0.00041703205
ENSG00000269427,0.010378596
OPN1MW3,0.0
NXF2B,0.0
PGLS-DT,0.09675522
ENSG00000269445,0.0
ENSG00000269446,0.0
H3Y1,0.0
ENSG00000269469,0.0035667268
ZNF132-DT,0.0018255481
ENSG00000269476,0.01721379
ENSG00000269480,0.0
ENSG00000269481,0.009277929
ENSG00000269482,0.0041545173
ENSG00000269483,0.0
ERVK9-11,0.0
ENSG00000269487,0.0
ENSG00000269489,0.0004370955
ENSG00000269495,0.0021057725
DMRTC1,0.0007169621
ENSG00000269504,0.0
ENSG00000269506,0.0
ENSG00000269514,0.010462626
ENSG00000269524,0.0
ERVV-1,0.0
ENSG00000269533,0.0
ENSG00000269534,0.011692844
ENSG00000269535,0.0126679335
ENSG00000269543,0.0
ENSG00000269547,0.016539766
ENSG00000269559,0.002558156
ENSG00000269564,0.0
ENSG00000269570,0.0
ENSG00000269583,0.0
CT45A10,0.0
ENSG00000269590,0.0006416557
ENSG00000269599,0.0019534742
ENSG00000269600,0.0009928215
ENSG00000269621,0.002433053
ENSG00000269635,0.0022669588
ZNF888-AS1,0.00013071348
ENSG00000269652,0.0
NOP53-AS1,0.009927929
ENSG00000269667,0.0
ENSG00000269680,0.009508856
ENSG00000269693,0.019851604
ENSG00000269694,0.00066626846
ZNF470-DT,0.03657926
ZIM2,0.0094876075
ENSG00000269711,0.0
CCDC194,0.0056875916
ENSG00000269729,0.00052983355
ENSG00000269736,0.0
ENSG00000269737,0.0
ENSG00000269741,0.0
ENSG00000269745,0.0
ENSG00000269752,0.0
ENSG00000269755,0.0463786
ENSG00000269758,0.00153574
SSX4B,0.0
ENSG00000269792,0.0
ZIM2-AS1,0.00056481035
ENSG00000269796,0.00016283827
ENSG00000269802,0.0044727074
BICRA-AS1,0.01719219
ENSG00000269807,0.018631494
ENSG00000269813,0.0005339665
ENSG00000269826,0.0
ENSG00000269836,0.00031803906
ENSG00000269842,0.00018331096
ENSG00000269843,0.0036965352
ENSG00000269846,0.0
RNF225,0.0
ZNF628-DT,0.0
ENSG00000269877,0.0
ENSG00000269883,0.0
ENSG00000269886,0.0006488313
ENSG00000269889,0.0036144238
ARHGAP19-SLIT1,0.007226893
ENSG00000269892,0.005365152
ENSG00000269895,0.0
COMMD3-BMI1,0.00075724104
ENSG00000269898,0.0012417823
ENSG00000269901,0.00512865
ENSG00000269902,0.0
ENSG00000269903,0.0014595753
ENSG00000269910,0.007005558
ENSG00000269915,0.06748002
ENSG00000269921,0.0018271042
ENSG00000269930,0.0207502
ENSG00000269931,0.0
ENSG00000269934,0.0
ENSG00000269935,0.0
ENSG00000269937,0.029631218
ENSG00000269945,0.0
ENSG00000269947,0.0013312362
ENSG00000269949,0.00010318115
ENSG00000269950,0.004206021
ENSG00000269954,0.0003324291
FMC1-LUC7L2,0.0
MKNK1-AS1,0.0051213605
ENSG00000269957,0.0020378085
SPACA6-AS1,0.005601917
ERBIN-DT,0.0010196333
MEI4,0.118151516
ENSG00000269967,0.018214729
ENSG00000269968,0.0014406973
ENSG00000269972,0.0
ENSG00000269976,0.0
ENSG00000269978,0.0017732803
ENSG00000269980,0.000526036
ENSG00000269982,0.0070412974
ENSG00000269983,0.0041811448
ENSG00000269984,0.0029608237
FARS2-AS1,0.003308937
ENSG00000269987,0.0023373903
ENSG00000269993,0.0
LINC02893,0.034023423
ENSG00000270000,0.00016704788
ENSG00000270001,0.0
ENSG00000270002,0.0
C16orf95-DT,0.008145215
ZNF559-ZNF177,0.08039079
ENSG00000270012,0.0
ENSG00000270017,0.00021655195
ENSG00000270020,0.0017533066
ENSG00000270021,0.0018605756
ENSG00000270035,0.0007173955
ENSG00000270036,0.0
ATP6V0D1-DT,0.11882971
ENSG00000270050,0.009857556
ENSG00000270052,0.0
ENSG00000270066,0.0058402517
ENSG00000270068,0.0
ENSG00000270071,0.0035684085
ENSG00000270074,0.0012560836
ENSG00000270075,0.0004880524
ENSG00000270076,0.00036259534
ENSG00000270082,0.0
GAS5-AS1,0.0013719421
ENSG00000270087,0.08285481
ENSG00000270090,0.0048832493
ENSG00000270091,0.006694489
ENSG00000270094,0.00027132552
ENSG00000270096,0.0021633215
ENSG00000270099,0.09435788
ENSG00000270100,0.005258874
ENSG00000270103,0.009572154
ENSG00000270104,0.0012378502
TSNAX-DISC1,0.03751758
ENSG00000270110,0.004188191
CELF2-DT,0.0022265504
ENSG00000270115,0.0
ENSG00000270117,0.00066448946
ENSG00000270118,0.0
ENSG00000270124,0.00080902985
ENSG00000270127,0.036245044
ENSG00000270131,0.0
ENSG00000270135,0.002020661
MICOS10-NBL1,0.0
ENSG00000270139,0.0
TERC,0.0019650406
ENSG00000270149,0.1078509
ENSG00000270159,0.0
ENSG00000270171,0.00019547043
ENSG00000270174,0.016643722
PPP2CA-DT,0.00090300606
BIVM-ERCC5,0.0
ENSG00000270184,0.00013196873
IGHD1OR15-1B,0.0
IGKV1OR2-11,0.0
GOLGA4-AS1,0.0018588838
ENSG00000270207,0.00023959443
ENSG00000270210,0.014768629
ENSG00000270212,0.0
ENSG00000270240,0.005717028
ENSG00000270249,0.008729946
IGKV3OR2-5,0.0
H4C15,0.001375418
ENSG00000270277,0.0
ENSG00000270279,0.0
ENSG00000270299,0.0
ENSG00000270302,0.0009364894
BORCS7-ASMT,0.02873496
IGHV3OR16-11,0.0
ENSG00000270321,0.00059600495
SMC2-DT,0.00067135965
PPIAL4H,0.0
IGHV1OR15-4,0.0
ENSG00000270361,0.0
HMGN3-AS1,0.013308635
ENSG00000270372,0.0
HEATR9,0.006568571
ENSG00000270380,0.0
ENSG00000270403,8.377544e-05
ENSG00000270412,0.0
IGKV2OR2-7,0.0
IGHD4OR15-4B,0.0
ENSG00000270457,0.00025349902
ENSG00000270460,0.00025066882
ENSG00000270462,0.00019254384
IGHV3OR16-12,0.0
IGHV3OR16-9,0.0
IGHV3-29,0.0
ENSG00000270482,0.00064010144
ENSG00000270487,0.0
ENSG00000270504,0.0048773857
IGHV1OR15-1,0.0
ENSG00000270522,0.00047307744
ENSG00000270540,0.003939137
LINC01235,0.0025084214
IGHV3-30,0.0
ENSG00000270557,0.0
FOXP1-DT,0.0
ENSG00000270571,0.0978471
ENSG00000270574,0.0
ENSG00000270589,0.001793036
PRAMEF5,0.0
LEISA1,0.00019129111
URGCP-MRPS24,0.0013791737
ENSG00000270638,0.0012428996
ENSG00000270659,0.0004633369
ENSG00000270661,0.0
YTHDF3-DT,0.0024691275
ENSG00000270681,0.0009375336
IGHV1OR15-6,0.0
ENSG00000270697,0.0
ENSG00000270720,0.00079593685
ENSG00000270725,0.0041906834
IGKV2OR2-1,0.0
FBXW7-AS1,0.0
ENSG00000270755,0.0006488937
HSPE1-MOB4,0.023047158
ENSG00000270760,0.004842457
CD2AP-DT,0.013782763
GAS2L2,0.003040769
ENSG00000270777,0.0005225436
ENSG00000270792,0.15370102
RPS10-NUDT3,0.015164194
C17orf50,0.0
LINC00221,0.0
ENSG00000270823,0.0011360854
IGHD5OR15-5B,0.0
ENSG00000270828,0.0
ENSG00000270829,0.0
IGHV3OR16-6,0.0
ENSG00000270866,0.0
ZNF30-AS1,0.004175133
H4C14,0.00033468305
ENSG00000270883,0.0
RASL10B,0.0
ENSG00000270919,0.0
ENSG00000270933,0.0015098804
ENSG00000270937,0.0019269737
CT45A9,0.0
ENSG00000270947,0.0012528268
ENSG00000270951,0.0
ENSG00000270953,0.008335617
ENSG00000270956,0.0
LPP-AS2,0.00487281
IGHD5OR15-5A,0.0
MAP2K5-DT,0.0017801644
ENSG00000270972,0.0005090916
ENSG00000270977,0.0007962531
ENSG00000270988,0.0
ENSG00000270996,0.00085465494
IGKV1OR2-118,0.0
ENSG00000271011,0.0
IGKV2OR2-7D,0.0
ENSG00000271032,0.0015992048
TMEM242-DT,0.00080582104
ENSG00000271046,0.0
SLC4A8-AS1,0.0006621777
CTAGE15,0.00016740015
NAMA,0.0032817184
TLCD4-RWDD3,0.008558848
IGLCOR22-2,0.0
LINC03067,0.0041349
IGHV3OR16-8,0.0
ITGB8-AS1,0.014634852
IGLVIVOR22-1,0.0
ENSG00000271141,0.0
ENSG00000271148,0.00039794712
ENSG00000271151,0.0038119198
ENSG00000271155,0.0019099057
LINC00904,0.0
ENSG00000271172,0.0
IGHV3OR16-13,0.0
ENSG00000271185,0.002581077
ENSG00000271192,0.0
PATJ-DT,0.010625388
ENSG00000271201,0.0
ENSG00000271208,0.0
LINC01050,0.0
ENSG00000271218,0.01836141
ENSG00000271228,0.00043863623
ENSG00000271234,0.0
ENSG00000271239,0.0
ENSG00000271252,0.0
ENSG00000271265,0.0021510348
UGT2A2,0.0
IGHV1OR15-3,0.0
SRXN1,0.00042481808
ENSG00000271314,0.0
IGHD4OR15-4A,0.0
ENSG00000271320,0.0
CTAGE6,0.0016652722
ENSG00000271327,0.007641248
LINC02104,0.0011587699
CCNY-AS1,0.10445818
IGHD1OR15-1A,0.0
ENSG00000271344,0.0078046285
IGKV1OR2-9,0.0
USP6NL-AS1,0.0
ENSG00000271366,0.006436294
ENSG00000271367,0.0
PYGO2-AS1,0.004951232
ENSG00000271382,0.0017520013
ENSG00000271384,0.0
C1orf21-DT,0.00084026455
ENSG00000271390,0.0
LINC02336,0.0003594871
ENSG00000271398,0.0
ENSG00000271401,0.0
IGKV2OR2-2,0.0
ENSG00000271420,0.002475644
NBPF10,0.016435632
ENSG00000271427,0.003431933
CT45A2,0.0
ENSG00000271522,0.000112011825
LINC02427,0.029550765
ENSG00000271551,0.0016841854
ENSG00000271553,0.021877881
ENSG00000271554,0.03655435
LINC02333,0.00025657687
PPIAL4E,0.0
IGKV1OR2-6,0.0
PRKACB-DT,0.006843069
ENSG00000271579,0.00044592467
LINC02550,0.011039536
IGHV3OR16-7,0.0
SLC46A2-AS1,0.0017378755
PDCD6IP-DT,0.015062414
IRF2-DT,0.0
ENSG00000271653,0.0
ENSG00000271659,0.00022471417
ENSG00000271670,0.00028245526
ENSG00000271698,0.0
ENSG00000271709,0.0
FAM169A-AS1,0.0010354138
ENSG00000271715,0.0012156442
ENSG00000271716,0.0014133548
ENSG00000271717,0.055333234
MROH7-TTC4,0.0713511
ENSG00000271727,0.0035124768
ENSG00000271730,0.0021927971
ENSG00000271732,0.0
LINC02772,0.0003323576
ENSG00000271741,0.0006689215
ENSG00000271742,0.0
ENSG00000271743,0.0012083821
ENSG00000271746,0.0020489376
ENSG00000271752,0.0002905505
ENSG00000271754,0.0016259454
ENSG00000271755,0.0011608117
ENSG00000271758,0.08546656
ENSG00000271761,0.006396977
ENSG00000271763,0.0026452553
ENSG00000271766,0.0
ENSG00000271771,0.00057063997
ENSG00000271774,0.04984798
ENSG00000271776,0.0
ENSG00000271780,0.0055469903
ENSG00000271781,0.0016148312
TP53RK-DT,0.0005146456
ENSG00000271787,0.023776293
ENSG00000271789,0.032942344
ENSG00000271793,0.03376567
ENSG00000271795,0.0031146158
ENSG00000271797,0.0
ENSG00000271803,0.00012821436
ENSG00000271806,0.0074007437
ENSG00000271810,0.0
ENSG00000271811,0.0
ENSG00000271820,0.00011999187
ENSG00000271821,0.0005589569
SMIM32,0.02069002
ENSG00000271825,0.006472967
PLS3-AS1,0.05457377
ENSG00000271828,0.0007350853
ENSG00000271830,0.002047073
ENSG00000271843,0.0005931811
SYNPO2L-AS1,0.028254762
MAN2A1-DT,0.00010158977
LINC02343,0.20591575
ENSG00000271855,0.0030442374
LINC01215,0.0016968068
ENSG00000271857,0.0017466024
ENSG00000271860,0.05202743
ENSG00000271862,0.0018362913
ENSG00000271868,0.000792427
ENSG00000271871,0.0009453585
ENSG00000271882,0.0016213765
JARID2-DT,0.0006415161
C2orf74-AS1,0.002337981
ENSG00000271892,0.0
ENSG00000271893,0.002520155
ENSG00000271897,0.0007085455
ENSG00000271901,0.0012771663
TAGAP-AS1,0.14763603
ENSG00000271914,0.000483017
ENSG00000271916,0.0012087001
ENSG00000271918,0.006174579
ENSG00000271926,0.0006733698
ENSG00000271930,0.0
PNRC1-DT,0.0012581515
ENSG00000271933,0.0003127446
ENSG00000271936,0.0010451288
ENSG00000271937,0.003164007
ENSG00000271938,0.0
TPM4P2,0.0004790868
ENSG00000271945,0.004400668
ENSG00000271949,0.0075336844
LINC01954,0.0023127273
ENSG00000271958,0.0017466763
ENSG00000271963,0.0037608752
ENSG00000271964,0.0
ARFGEF1-DT,0.002625405
ENSG00000271967,0.00089766545
ENSG00000271969,0.00083726534
ENSG00000271971,0.0124655245
ENSG00000271976,0.01007134
ENSG00000271978,0.00774006
ENSG00000271980,0.003217159
ENSG00000271981,0.0
ENSG00000271983,0.0016180302
ENSG00000271984,0.00035424036
ENSG00000271989,0.0
TTC32-DT,0.00045691853
ENSG00000271992,0.0007006452
ENSG00000271993,0.004397332
ENSG00000271996,0.0081613725
ENSG00000271998,0.0
LINC02973,0.0
ENSG00000272004,0.013091702
ENSG00000272008,0.0018682865
ENSG00000272010,0.0019603486
ENSG00000272021,0.00061503146
AFF4-DT,0.0009883785
ENSG00000272024,0.0013714539
ENSG00000272027,0.034051042
ANKRD34A,0.0010992666
ENSG00000272037,0.00041438476
ENSG00000272043,0.00017181896
ENSG00000272046,0.00022545052
ENSG00000272050,0.0008846322
ENSG00000272056,0.00091511593
ANKH-DT,0.0014227235
BCAN-AS1,0.0
ENSG00000272071,0.0
ENSG00000272072,0.0006513143
ENSG00000272076,0.002088004
ENSG00000272077,0.0045485715
ENSG00000272078,0.023667486
ENSG00000272079,0.004100653
FCHO2-DT,0.003506687
ENSG00000272087,0.0031666912
ENSG00000272088,0.001116991
ENSG00000272092,0.0056571616
ENSG00000272094,0.000639164
TMEM14B-DT,0.0020937852
ENSG00000272100,0.0005734779
ENSG00000272103,0.0015940962
ENSG00000272104,0.0021271848
ENSG00000272108,0.0010416453
ENSG00000272109,0.0040480574
ENSG00000272112,0.00055322284
ENSG00000272114,0.0027510587
ENSG00000272115,0.00046664913
ENSG00000272121,0.00039996955
ENSG00000272123,0.0006649895
ENSG00000272128,0.0
ENSG00000272129,0.004474492
ENSG00000272130,0.00029085358
LINC01607,0.005712505
ENSG00000272139,0.0003260578
ENSG00000272140,0.037015192
ENSG00000272141,0.12421298
LYRM4-AS1,0.0036614707
ENSG00000272144,0.0046187015
NFYC-AS1,0.009225123
ENSG00000272148,0.0031281943
ENSG00000272149,0.0014835318
ENSG00000272153,0.0003701559
ENSG00000272154,0.0056009344
ENSG00000272156,0.0
ENSG00000272157,0.0005864573
ENSG00000272158,0.0002803193
ENSG00000272159,0.0034432472
ENSG00000272162,0.026331447
ENSG00000272163,0.0006662027
ENSG00000272167,0.0
CASC15,0.49169064
KLC4-AS1,0.0032336153
ENSG00000272172,0.003930065
ENSG00000272173,0.00070135563
ENSG00000272175,0.0003371053
ENSG00000272180,0.01624997
ENSG00000272181,0.0018067607
ENSG00000272182,0.0038744728
ENSG00000272183,0.0
VPS11-DT,0.0041646203
MAP7-AS1,0.0038573472
PDE7A-DT,0.0
ENSG00000272195,0.009511023
ENSG00000272202,0.0010483353
ENSG00000272203,0.00015753954
POU2F1-DT,0.000340542
ENSG00000272209,0.00050707906
ENSG00000272217,0.0021465663
MICA-AS1,0.007715011
ENSG00000272223,0.0035890003
ENSG00000272226,0.00029419083
ENSG00000272234,0.0006211601
ENSG00000272236,0.00043894592
ENSG00000272239,0.00020044057
ENSG00000272243,0.0060779713
ENSG00000272247,0.0015899444
ENSG00000272248,0.0
ENSG00000272249,0.0
ENSG00000272254,0.00013926343
ENSG00000272255,0.0
LINC01749,0.0027579817
ENSG00000272263,0.00029079508
ENSG00000272264,0.0
ENSG00000272265,0.0006282558
IER3-AS1,0.0027924345
ARGLU1-DT,0.007096368
ENSG00000272275,0.00031867274
ENSG00000272277,0.0062863226
ENSG00000272279,9.426439e-05
ENSG00000272293,0.0031837793
ENSG00000272297,0.03163467
ENSG00000272305,0.04106415
ENSG00000272312,0.00087696547
ENSG00000272320,0.0008737859
ENSG00000272321,0.00022358762
TTC23L-AS1,0.0031515232
DAP-DT,0.0011277323
ENSG00000272328,0.0
ENSG00000272329,0.0
ENSG00000272334,0.00015698804
ENSG00000272335,0.016814392
ENSG00000272338,0.0048176562
LINC01115,0.0
ENSG00000272343,0.004601459
ENSG00000272347,0.0
ENSG00000272360,0.00053343613
ENSG00000272361,0.002080849
ENSG00000272362,0.0
ENSG00000272366,0.0
ENSG00000272371,0.0005508414
ENSG00000272372,0.0
SCUBE3-AS1,0.01285632
ENSG00000272375,0.0028683464
ENSG00000272379,0.0
LINC02664,0.009001507
ENSG00000272384,0.0016637587
ENSG00000272396,0.00071219617
ENSG00000272397,0.0
ENSG00000272402,0.00087020104
ENSG00000272405,0.0010714339
ENSG00000272406,0.00034551267
ENSG00000272410,0.00902725
ENSG00000272411,0.000369338
FAM47E-STBD1,0.020482339
ENSG00000272417,0.0016184055
ENSG00000272425,0.0
ENSG00000272426,0.0022141065
ENSG00000272428,5.9366288e-05
LINC02637,0.00093851885
ZNF454-DT,0.0
ENSG00000272432,0.00028261816
ENSG00000272434,0.0034100604
ENSG00000272438,0.0038540203
ENSG00000272442,0.0031560813
MRPL20-DT,0.005737454
ENSG00000272456,0.0
ENSG00000272457,0.0
FAM193B-DT,0.0006819821
ENSG00000272461,0.007202809
LINC02980,0.008749858
ENSG00000272473,0.00505105
ENSG00000272476,0.0006837751
ENSG00000272478,0.0
ENSG00000272479,0.0
ENSG00000272483,0.00079464936
ENSG00000272485,0.0
ENSG00000272491,0.0040725535
ENSG00000272498,0.0
ENSG00000272502,0.00026267485
ENSG00000272505,0.010831768
ENSG00000272506,0.0016928494
ENSG00000272509,0.001046289
ENSG00000272510,0.001374108
CFAP206,0.0
ENSG00000272516,0.0
BTF3-DT,0.0018007426
ENSG00000272529,0.0
ENSG00000272537,0.0
ENSG00000272540,0.00011210491
ENSG00000272542,0.00048735298
ENSG00000272545,0.0
LINC02538,0.000996538
ENSG00000272554,0.0023887833
ENSG00000272555,0.0043838397
ENSG00000272558,0.058469083
H3-3A-DT,0.0011280087
ENSG00000272563,0.0010986945
ENSG00000272566,0.0
CPVL-AS2,0.13064125
ENSG00000272572,0.00490795
MUSTN1,0.0
LINC02098,0.0007007695
ENSG00000272576,0.00022711624
ENSG00000272582,0.0011898818
ENSG00000272588,0.014723477
ZSWIM8-AS1,0.0
ENSG00000272597,5.2172913e-05
ENSG00000272599,0.0044199084
ENSG00000272600,0.00031405818
EFCAB10-AS1,0.0012823052
ENSG00000272609,0.0045414227
ENSG00000272617,0.0
FAM131B-AS1,0.00048534904
AFAP1-AS1,0.0021155719
ENSG00000272622,0.010571845
ENSG00000272625,0.0014399823
ENSG00000272626,0.002773252
ENSG00000272630,0.009853152
ENSG00000272631,0.0055582863
ENSG00000272632,0.00047408167
ENSG00000272638,0.0019826468
ENSG00000272642,7.6071636e-05
ENSG00000272646,0.0014619806
ENSG00000272647,0.0111317085
ENSG00000272656,0.00026576626
ENSG00000272660,0.00023110988
ENSG00000272661,0.010481929
TIMMDC1-DT,0.00014830362
KLHDC7B-DT,0.0015057481
ENSG00000272668,0.014897968
ENSG00000272672,8.163324e-05
PCDHB16,0.00077907136
HNRNPD-DT,0.012419861
ENSG00000272678,0.0033905634
FAM223B,0.0
ENSG00000272682,0.00018023171
LINC02018,0.031200515
ENSG00000272691,0.00083530287
ENSG00000272692,0.0025289594
NUPR2P1,0.0
ENSG00000272694,0.0
GAS6-DT,0.0025462867
ENSG00000272696,0.0018961077
ENSG00000272699,0.00041166696
MESTIT1,0.00040625743
ENSG00000272703,0.0007012788
ENSG00000272707,0.00071714865
ENSG00000272710,0.0
HK2-DT,0.0003297402
ENSG00000272715,0.0
SLC30A6-DT,0.0037001383
ENSG00000272717,0.0
ENSG00000272719,0.0015372975
EIF2B5-DT,0.0008827808
LINC02266,0.0
ENSG00000272729,0.0
ENSG00000272733,0.033082422
ENSG00000272735,0.0019478414
ENSG00000272741,0.0014090504
ENSG00000272742,0.01137501
ENSG00000272744,0.0010451138
ENSG00000272745,0.00046604717
ENSG00000272748,0.0
ENSG00000272760,0.0
LINC03057,0.04188645
ENSG00000272764,0.0015516903
JMJD1C-AS1,0.0024982668
ENSG00000272768,0.003283041
ENSG00000272769,0.0041875774
ENSG00000272770,0.0
ENSG00000272772,0.01643524
ENSG00000272774,0.0010217461
ENSG00000272777,0.0008824648
ENSG00000272783,0.0021978293
ENSG00000272784,0.0011544607
ENSG00000272787,0.0
ENSG00000272791,0.0019863865
GAR1-DT,0.0006187934
ENSG00000272797,0.0
ENSG00000272798,0.0
ENSG00000272799,0.00019695931
ENSG00000272800,0.001100211
KRTAP10-7,0.0
ENSG00000272807,0.015651172
ENSG00000272810,0.00092463504
ENSG00000272814,0.0
ENSG00000272817,0.0
ENSG00000272821,0.007866088
ENSG00000272822,0.047824092
ENSG00000272823,0.0001740231
ENSG00000272824,0.0013444704
ENSG00000272825,0.002649659
ENSG00000272829,0.001980566
ENSG00000272832,0.0009986839
ENSG00000272834,0.0002466954
ENSG00000272836,0.0016637719
ENSG00000272839,0.0
MAP3K4-AS1,0.0020208736
ENSG00000272842,0.00016363872
ENSG00000272843,0.0022380073
ENSG00000272844,0.0013958035
ENSG00000272848,0.0013627127
ENSG00000272849,0.0019111767
ENSG00000272851,0.002985746
SUV39H2-DT,0.0055486844
ENSG00000272854,0.002074858
ENSG00000272855,0.001302327
SCPPPQ1,0.0
ENSG00000272861,0.0010644012
ENSG00000272862,0.00014606833
ENSG00000272864,0.0035625903
ENSG00000272865,0.0039659343
ENSG00000272866,0.0007339535
ENSG00000272871,0.0042001125
ENSG00000272874,0.00041315448
ENSG00000272885,0.0010103233
ENSG00000272892,0.0011195352
MIOS-DT,0.056396164
ENSG00000272895,0.0
ENSG00000272896,0.0054223584
ENSG00000272897,0.0012734494
SPMIP1,0.0041885236
TBC1D8-AS1,0.005953755
ENSG00000272905,0.0035198922
ENSG00000272906,0.005115713
ENSG00000272908,0.0
ENSG00000272909,0.0
ENSG00000272910,0.0002533177
ENSG00000272911,0.00044845633
ENSG00000272912,0.0006614419
LINC03052,0.002281712
ENSG00000272915,0.0010556807
ENSG00000272916,0.0015841731
ENSG00000272918,0.010136677
hsa-mir-1253,0.0
ENSG00000272921,0.006326527
ENSG00000272927,0.0067485836
LRRC8D-DT,0.0025355443
ENSG00000272936,0.0006702593
ENSG00000272942,0.0
ENSG00000272944,0.0012412561
ENSG00000272950,0.0005936362
ENSG00000272958,0.00057693035
ENSG00000272966,0.0015735385
ENSG00000272967,0.0011453067
ENSG00000272969,0.0006689655
ENSG00000272970,0.0005749412
ENSG00000272973,0.0012421021
MYHAS,0.0150610525
ENSG00000272982,0.002245512
ENSG00000272983,0.0
ENSG00000272984,0.0
ENSG00000272986,0.0034595423
ENSG00000272988,0.0
LINC02012,0.0018512855
ENSG00000272990,0.005196669
ENSG00000272991,0.0005995707
ENSG00000272995,0.00038825575
PFKP-DT,0.0033903983
ARHGEF2-AS2,0.0012122514
ARL2-SNX15,0.004733732
ENSG00000273006,0.0
ENSG00000273007,0.00215208
ENSG00000273010,0.0
ENSG00000273011,0.0005130681
ENSG00000273012,0.00027872896
ENSG00000273013,0.001037427
ENSG00000273014,0.005606704
ENSG00000273025,0.010115924
ENSG00000273026,0.0019249014
DGCR5,0.0026909576
CYP4F33P,0.0
ENSG00000273044,0.0005875476
C2orf15,0.0
ENSG00000273047,0.004518667
ENSG00000273049,0.00031565918
ENSG00000273055,0.0027334294
ENSG00000273056,0.0
ENSG00000273059,0.0028205544
CDC37L1-DT,0.013913958
RALGPS2-AS1,0.00087150326
ENSG00000273063,0.0
ENSG00000273064,0.006016392
ENSG00000273068,6.0333296e-05
ENSG00000273069,0.0004137668
ENSG00000273073,8.392257e-05
ENSG00000273076,0.0
ENSG00000273077,0.0008098739
GRIN2B,0.03559759
ENSG00000273080,0.0024548648
LARGE1-AS1,0.00090323365
LINC03073,0.0042530196
ENSG00000273088,0.040863212
ENSG00000273090,0.0008959513
ENSG00000273091,0.00076836016
ENSG00000273093,0.0
ENSG00000273098,0.0
ENSG00000273104,0.0
PPM1B-DT,0.0011292252
ENSG00000273107,0.0
ENSG00000273108,0.003880148
ENSG00000273110,0.0
LYPD4,0.0
ENSG00000273113,0.0012996172
ENSG00000273115,0.0
INSIG1-DT,0.0032711676
ENSG00000273124,0.0
LINC01990,0.001993066
PACERR,0.0013360564
ENSG00000273132,0.0024690744
ENSG00000273133,0.0014505853
NBPF26,0.071205
SELENOO-AS1,0.006350983
ENSG00000273139,0.001245541
ENSG00000273141,0.0039889775
LINC02604,0.013482058
DUSP5-DT,0.021110028
ENSG00000273145,0.0050931196
LCDR,0.010076909
ENSG00000273149,0.0010558686
ENSG00000273151,0.021093462
ENSG00000273153,0.0013663091
ENSG00000273154,0.0
ENSG00000273155,0.0
ENSG00000273160,0.0
ENSG00000273162,0.0006667667
ENSG00000273165,0.0048817284
ENSG00000273167,0.00304985
ENSG00000273171,0.00026849547
LINC02091,0.002737704
ENSG00000273174,0.000780717
ENSG00000273175,0.00062087824
ENSG00000273176,0.00012603217
ENSG00000273177,0.0
ENSG00000273179,0.002158076
ENSG00000273180,0.00041535764
ENSG00000273183,0.0028998067
ENSG00000273188,0.0037414604
ENSG00000273192,0.00085312664
ENSG00000273196,0.0
ENSG00000273198,0.0006481463
ENSG00000273199,0.0033162714
ENSG00000273204,0.010249441
ENSG00000273209,0.0012028571
ENSG00000273210,0.0006124016
ENSG00000273212,0.0018169659
ENSG00000273214,0.0
ENSG00000273217,0.0020592627
ENSG00000273218,0.002687659
ENSG00000273219,0.0026721049
ENSG00000273230,0.007959009
ENSG00000273233,0.00023902612
TMEM271,0.0
ENSG00000273240,0.0025103677
ENSG00000273243,0.0
ENSG00000273245,0.0006107078
ENSG00000273248,0.012457208
WDR5-DT,0.0015741921
TRABD-AS1,0.0117290905
LINC02928,0.0005679697
ENSG00000273258,0.0011082594
ENSG00000273259,0.014287526
ENSG00000273261,0.0008647444
ENSG00000273264,0.00068857387
CNNM3-DT,0.0003197699
ENSG00000273267,0.0
ENSG00000273269,0.0059916046
ENSG00000273271,0.0011003863
ENSG00000273272,0.0003808221
ZBTB8B,0.0
ENSG00000273275,0.00033335
ENSG00000273287,0.0
ENSG00000273291,0.027121456
ENSG00000273293,0.0017703191
C1QTNF3-AMACR,0.39177412
ENSG00000273295,0.02118869
ENSG00000273300,0.00038652404
ENSG00000273305,0.00083164504
ENSG00000273306,0.0010120332
ENSG00000273308,0.00066473614
ENSG00000273312,0.0
RBAKDN,0.0
ENSG00000273321,0.0002877965
ENSG00000273325,0.0011459616
TM4SF19-DYNLT2B,0.00040501842
ENSG00000273335,0.0021751523
ENSG00000273341,0.00025715548
ENSG00000273342,0.0
ENSG00000273348,0.0
ENSG00000273355,0.001750982
LINC02019,0.0031593584
ENSG00000273360,0.0008226269
ENSG00000273361,0.0011576806
ENSG00000273362,0.0
ENSG00000273365,0.0
ENSG00000273367,0.0029525126
ENSG00000273369,0.0
SFTPD-AS1,0.002383827
ENSG00000273375,0.0002329226
ENSG00000273381,0.014601534
TMEM167B-DT,0.010321507
ENSG00000273384,0.0
ENSG00000273387,0.001587126
ENSG00000273391,0.0045373966
ENSG00000273394,0.00044538372
LINC01396,0.002314139
ENSG00000273398,0.02277531
ENSG00000273399,0.0021331497
ENSG00000273402,0.0
ENSG00000273406,0.0
ENSG00000273413,0.0018645364
LINC02725,0.0
ENSG00000273416,0.0007688635
ENSG00000273419,0.0
ENSG00000273424,0.0014397796
ENSG00000273428,0.0020564725
ENSG00000273442,0.0011710703
ENSG00000273443,0.0
ENSG00000273445,0.0010275709
ENSG00000273447,0.00013910721
ENSG00000273448,0.06307205
ENSG00000273449,0.0036775996
ENSG00000273450,0.00034817087
ENSG00000273454,0.001480823
ENSG00000273455,0.0
ENSG00000273461,0.0
ENSG00000273464,0.00081746734
ENSG00000273472,0.0022691132
ENSG00000273473,0.0005996511
ENSG00000273474,0.0031475055
ENSG00000273476,0.0005155902
ENSG00000273483,0.00031090772
ENSG00000273485,0.000515288
ENSG00000273487,0.0007930436
APP-DT,0.008346274
ENSG00000273493,0.00090497703
ENSG00000273507,0.020396037
TBC1D3K,0.0
FOXD4L6,0.0
ENSG00000273521,0.0033150185
ENSG00000273523,0.0018148429
AGBL1,0.037939288
H4C12,0.0
ENSG00000273550,0.0003043972
ENSG00000273551,0.00033736913
ENSG00000273552,0.0007197566
ENSG00000273554,0.0
ENSG00000273558,0.0
ENSG00000273565,0.00013334442
ENSG00000273582,0.0
ENSG00000273590,0.00391559
ENSG00000273618,0.00015873717
RPS21-DT,0.008778126
ENSG00000273650,0.0012287442
ENSG00000273659,0.0
ENSG00000273664,0.0011962816
ENSG00000273669,0.00038624764
ENSG00000273674,0.035123233
ENSG00000273680,0.004950275
ENSG00000273687,0.0008368249
CT45A7,0.0
H2BC14,0.0
LHX1,0.20081478
ENSG00000273711,0.0003704802
ENSG00000273734,0.017533526
ENSG00000273747,0.0
ENSG00000273759,0.0
ENSG00000273760,0.0
CEACAM20,0.004364198
GTF2A1-AS1,0.0033475587
BNAT1,0.01349234
H2BC8,0.002435713
ENSG00000273805,0.0038443475
LINC02970,0.004184422
ENSG00000273816,0.0017303365
USP27X,0.0069132326
ENSG00000273821,6.312681e-05
ENSG00000273824,0.0
ENSG00000273828,0.014404993
ENSG00000273838,0.0
ENSG00000273877,0.0
ENSG00000273891,0.0012771182
ENSG00000273901,0.00018765988
ENSG00000273919,0.0
ENSG00000273920,0.0
ENSG00000273925,0.00056890293
ENSG00000273956,0.0011700257
ENSG00000273958,0.0
IGKV2-40,0.0
ENSG00000273965,0.00094974623
ENSG00000273971,0.00029121447
ENSG00000273972,0.0016064394
GOLGA6L1,9.201908e-05
ENSG00000273980,0.00016010771
ENSG00000273982,0.0
H3C8,0.0
ENSG00000273998,0.00063032727
ENSG00000274002,0.0014957475
ENSG00000274015,0.00030340845
LINC01138,0.0
ENSG00000274021,0.00020932635
ENSG00000274029,0.0
FAM230J,0.0004540437
INO80B-WBP1,0.0012185482
CASTOR2,0.1332005
ENSG00000274090,0.00062238716
ENSG00000274092,0.0035820077
OR4M2,0.0
ENSG00000274104,0.00613325
ENSG00000274124,0.00015183532
ENSG00000274156,0.0006897112
LINC02967,0.012665148
ENSG00000274175,0.0
ENSG00000274177,0.0009374197
H2AB1,0.00040210827
ENSG00000274184,0.005087681
ENSG00000274191,0.00016838881
ENSG00000274198,0.0
ANTXRL,0.0010815484
ENSG00000274213,0.011457696
ENSG00000274215,0.0010281964
ENSG00000274220,0.013603935
HEPFAL,0.00027413495
TBC1D3H,0.0
ENSG00000274227,0.0013064551
ENSG00000274238,0.0
ENSG00000274244,0.0
ENSG00000274248,0.001459601
ENSG00000274251,0.0
GGTLC3,9.227756e-05
SYNGAP1-AS1,0.019888917
ENSG00000274261,0.0
GAGE13,0.0
ENSG00000274276,0.0
ENSG00000274281,0.0017694086
H2BC6,0.012815798
ENSG00000274292,0.0066893157
ENSG00000274294,0.0026411891
ENSG00000274315,0.0053632357
LINC02334,0.06439947
ENSG00000274322,0.14061111
ENSG00000274331,0.0
LINC03104,0.09179249
ENSG00000274340,0.0022499976
ENSG00000274341,0.010848868
ZNF658,0.06194345
ENSG00000274363,0.0006473275
ENSG00000274370,0.0048802714
ENSG00000274372,0.012083594
ENSG00000274373,0.0026364042
ENSG00000274379,0.0
ENSG00000274383,0.01762964
TMEM269,0.0016080464
ENSG00000274387,0.00093288353
TPTE,0.01289102
ENSG00000274400,0.0004577883
ENSG00000274403,0.00030175483
ENSG00000274414,0.005059929
ENSG00000274415,0.0
TBC1D3D,0.0
ENSG00000274425,0.001813255
ENSG00000274441,0.0019214681
C8orf89,0.0015366655
ENSG00000274447,6.233351e-05
LINC01746,0.00036198145
ENSG00000274478,0.000875823
ENSG00000274492,0.00045096697
ENSG00000274501,0.0070714606
ENSG00000274507,0.0
ENSG00000274508,0.0
TBC1D3L,0.008030378
ENSG00000274515,0.0040340493
FAM74A6,0.0
SEBOX,0.0
ENSG00000274554,6.3184845e-05
ENSG00000274559,0.0
ENSG00000274560,0.0009931119
IGHV2-70,0.0
DGKK,0.014271971
RIMBP3B,0.0
TBC1D3,0.0
H4C6,0.0
ENSG00000274629,0.0009577795
ENSG00000274630,0.0
H2BC17,0.0
ENSG00000274653,0.0015924138
LINC02371,0.0
ENSG00000274670,0.0
ENSG00000274678,0.0010262477
ENSG00000274685,0.0
ENSG00000274695,0.00026883723
ENSG00000274698,0.0010954484
ENSG00000274712,0.0053699575
ENSG00000274718,0.0001465422
ENSG00000274723,0.0007687718
KRTAP7-1,0.0
H3C6,0.002897479
ENSG00000274751,0.0013932869
TRBV12-3,0.0
ENSG00000274758,0.0021461411
PRAMEF27,0.0
ENSG00000274766,0.00020057627
ENSG00000274776,0.002294869
ENSG00000274792,0.0
ENSG00000274797,0.00093252194
ENSG00000274798,0.00029353215
TBC1D3B,0.006612674
NPHP3-ACAD11,0.023637036
ENSG00000274818,0.000678414
ENSG00000274825,0.00031850368
LINC01297,0.0
ENSG00000274833,0.0020637172
ENSG00000274834,0.00016275146
BALR6,0.001071987
MAFIP,0.0006886509
ENSG00000274859,0.0017985872
ENSG00000274863,0.00095917634
ENSG00000274874,0.0
ENSG00000274893,0.0049297665
ENSG00000274895,0.002376658
ENSG00000274898,0.0
ENSG00000274904,0.0012813918
ENSG00000274918,0.00039404462
ENSG00000274922,0.0037076694
TBC1D3I,0.0005767106
ENSG00000274937,0.0
ENSG00000274944,9.34547e-05
ENSG00000274979,0.002982642
ENSG00000274993,0.0064930627
ENSG00000274996,0.0
H2AC12,0.0
ZNF280B,0.007844873
ENSG00000275005,0.0021327597
ENSG00000275016,0.008912426
ENSG00000275024,0.0014797583
ENSG00000275025,0.0
TP53TG3E,0.0
ENSG00000275038,0.0
ENSG00000275040,0.0003452493
ENSG00000275055,0.0035969012
ENSG00000275063,0.0
ENSG00000275088,0.0
ENSG00000275091,0.0007538179
ENSG00000275106,0.0
GAGE2E,0.0
ENSG00000275119,0.087272
ZSCAN2-AS1,0.058285084
H4C13,0.0
ENSG00000275139,0.0008179863
CCL16,0.0018248222
TRBV12-5,0.0
ENSG00000275163,0.0
ENSG00000275173,0.00073502265
ENSG00000275178,0.0
ENSG00000275180,0.0
ENSG00000275185,0.000386514
ENSG00000275186,0.0
ENSG00000275197,0.00036674197
LINC02960,0.0031098863
ENSG00000275202,0.005730333
LINC02826,0.0036160126
H2AC15,0.0004181956
ENSG00000275223,0.0008909019
LINC00547,0.0007185592
ENSG00000275228,0.0007976101
ENSG00000275234,0.030427119
ENSG00000275236,0.0
FAM242F,0.011177611
TRBV16,0.0
ENSG00000275248,0.0
ENSG00000275249,0.0
ENSG00000275263,0.00026553497
ENSG00000275265,0.00040271739
ENSG00000275278,0.0
ENSG00000275285,0.0030206155
ENSG00000275286,0.0
ENSG00000275322,0.0015490343
ENSG00000275327,0.0018233513
ENSG00000275329,0.0002591509
ENSG00000275332,0.0006529365
ENSG00000275345,0.0
LINC03043,0.00071839057
ENSG00000275358,0.00041247628
ENSG00000275367,0.008831434
ENSG00000275371,0.0004884134
H3C11,0.0
ENSG00000275383,0.0032568483
ENSG00000275389,0.0
ENSG00000275390,0.0078121014
ENSG00000275392,0.0004964629
FCGBP,0.0574391
ENSG00000275401,0.00012977018
ENSG00000275409,0.0025736599
HNF1B,0.6212938
ENSG00000275413,0.005702922
LINC03110,0.0
ENSG00000275427,0.0
ENSG00000275431,0.0
ENSG00000275438,0.00033961853
ENSG00000275441,0.0034252144
ENSG00000275443,0.17610754
ENSG00000275445,0.00019947387
ENSG00000275450,0.0016873133
ENSG00000275454,0.0017631506
ENSG00000275457,0.0017728515
ENSG00000275465,0.0004664021
ENSG00000275467,0.0
IGHV3-54,0.0
ENSG00000275476,0.0053164396
ENSG00000275479,0.0002825131
ENSG00000275481,0.0
ENSG00000275484,0.0
SPMAP1,0.00052432786
LINC01730,0.003992161
ENSG00000275496,0.0
ENSG00000275512,0.0006108025
ENSG00000275516,0.000819184
FAM236A,0.0
ENSG00000275527,0.002659909
ENSG00000275532,0.0036515235
STPG3-AS1,0.033336688
ENSG00000275552,0.0
ELOA3CP,0.0
ENSG00000275563,0.0
ENSG00000275569,0.0040361173
GRIFIN,0.0
ENSG00000275582,0.001535127
PDE4DIPP4,0.0
XKR5,0.000981121
ENSG00000275613,0.00065129646
FLJ16779,0.011025655
ENSG00000275628,0.0
ENSG00000275630,0.0008167733
ENSG00000275632,0.0058065862
ENSG00000275638,0.0015771968
ENSG00000275649,0.010785601
H4C7,0.0
ENSG00000275665,0.0031897863
ENSG00000275672,0.004956512
ENSG00000275674,0.03838432
ENSG00000275676,0.0
CCL15-CCL14,0.0026392215
MT1IP,0.00074922043
ENSG00000275703,0.0
ENSG00000275709,0.00052443234
ENSG00000275710,0.00023700908
H2BC9,0.00068855536
H3C1,0.0012402153
CCL15,0.0
ENSG00000275719,0.0018019656
ENSG00000275720,0.00079821947
LYZL6,0.0004357249
ENSG00000275728,0.0
ENSG00000275734,0.0
ENSG00000275740,0.02828875
ENSG00000275741,0.0062086284
TRBV14,0.0
IGHV3-79,0.0
ENSG00000275759,0.001711078
ZNF516-DT,0.0005641439
ENSG00000275765,0.0
ENSG00000275773,0.0
HNRNPCL2,0.0
ENSG00000275778,0.0
TRBV10-3,0.0
RIMBP3,0.0
ENSG00000275799,0.00898813
ENSG00000275807,0.0072827823
ENSG00000275812,0.0018969267
LINC03082,0.0031311654
ENSG00000275846,0.0012127688
LINC01742,0.0
ENSG00000275857,0.00085298467
ENSG00000275869,0.0
PICSAR,0.0
NAXD-AS1,0.0021206539
ENSG00000275888,0.0
ENSG00000275897,0.016404087
ENSG00000275898,0.0
ENSG00000275902,0.0015816609
ENSG00000275910,0.0010183488
ENSG00000275923,0.0
ENSG00000275936,0.0011022739
ENSG00000275944,0.0018476169
TBC1D3F,0.0
ENSG00000275963,8.264202e-05
ENSG00000275965,0.0
SPATA31A3,0.0
ENSG00000275993,0.011215734
ENSG00000275995,0.0
ENSG00000276012,0.0
ENSG00000276017,0.0
LINC03085,0.0037684448
SPATA31A7,0.0
UHRF1,0.008829016
IGKV2OR2-10,0.0
ENSG00000276063,0.00071382197
ENSG00000276071,0.0025588756
ENSG00000276076,0.0
LINC03105,0.0006009399
ENSG00000276087,0.0025549151
ENSG00000276093,0.0
FAM230F,0.00042491467
ENSG00000276101,0.0016054221
ENSG00000276110,0.0004802612
FUT8-AS1,0.000905385
OR13C2,0.0
ENSG00000276121,0.00047050882
ENSG00000276122,0.0
ENSG00000276128,0.0019389101
ENSG00000276131,6.48635e-05
ENSG00000276148,0.0066170734
ENSG00000276166,0.0006297785
H4C9,0.00014881678
ENSG00000276188,0.0
LINC00226,0.0
PIK3R6,0.013074165
OR4E1,0.0
ENSG00000276241,0.0044500926
LINC02809,0.00031515077
ENSG00000276256,0.082221806
ENSG00000276261,0.0016765787
ENSG00000276266,0.011546389
ENSG00000276272,0.00063238834
ENSG00000276289,0.0018514149
ENSG00000276292,0.0
ENSG00000276302,0.006190963
ENSG00000276308,0.0003835956
ENSG00000276317,0.00022004408
ENSG00000276345,0.03884464
H2AC14,0.0
ENSG00000276384,0.0006354035
FLJ36000,0.0
ENSG00000276403,0.0
TRBV13,0.0
ENSG00000276406,0.0
ENSG00000276407,0.00086253096
ENSG00000276408,0.0003642567
H2BC3,0.0
ENSG00000276411,0.0
ENSG00000276417,0.0
ENSG00000276418,0.0013441242
ENSG00000276422,0.00017459191
FAM25C,0.0035686975
ENSG00000276436,0.0
ENSG00000276445,0.0015963543
ENSG00000276449,0.007318989
ENSG00000276454,0.0005401443
LINC03025,0.0
ENSG00000276473,0.0
LINC00540,0.17305233
ENSG00000276487,0.0
ENSG00000276488,0.00065635954
ENSG00000276490,0.0038688744
BMS1P14,0.20878187
ENSG00000276502,0.00031439183
ENSG00000276508,0.0
ENSG00000276509,0.0011830131
ENSG00000276519,0.0
ENSG00000276523,0.0007324811
LINC03065,0.0024410475
ENSG00000276527,0.0018043211
ENSG00000276529,0.014057439
ENSG00000276542,0.0
PCDHGB5,0.0
TRBV18,0.0
ENSG00000276564,0.0
IGKV1D-13,0.0
ENSG00000276571,0.0011563868
SPATA31A5,0.0
TRBV11-3,0.0
RAB7B,0.007857324
ENSG00000276627,0.0
ENSG00000276638,0.0
ENSG00000276651,0.0018389544
ENSG00000276663,0.0009525174
IGKV1OR1-1,0.0
ENSG00000276687,0.0005237872
ENSG00000276688,0.0
ENSG00000276691,6.539948e-05
ENSG00000276693,0.0
ENSG00000276698,0.0032795155
TRAJ36,0.0
ENSG00000276702,0.00080210797
ENSG00000276707,0.0015003302
VAMP1-AS1,0.0037537422
ENSG00000276724,0.0
ENSG00000276727,0.0
ENSG00000276742,0.0013302895
PADI6,0.00085820374
ENSG00000276754,0.0017605333
LINC03106,0.0011120101
ENSG00000276760,0.0
ENSG00000276768,0.0005355175
ENSG00000276772,0.0070128487
IGHV4-4,0.0
LINC02227,0.0016943522
ENSG00000276786,0.0
ENSG00000276791,0.005671248
ENSG00000276807,0.0
TRBV15,0.0
ENSG00000276831,0.0003508477
ENSG00000276842,0.00064727344
ENSG00000276850,0.021632364
ENSG00000276851,0.01187514
ENSG00000276863,0.0028058435
ENSG00000276874,0.0
ENSG00000276888,0.0
ENSG00000276898,0.0
H2AC16,0.0
LINC03079,0.0
GSTT4,0.00016394656
ENSG00000276952,0.0003120187
TRBV12-4,0.0
ENSG00000276957,0.0017549309
ENSG00000276968,0.0009911683
ENSG00000276972,6.894148e-05
ENSG00000276984,0.0006565289
ENSG00000276993,0.0
ENSG00000276997,0.13562883
ENSG00000277007,0.015264511
ENSG00000277011,0.0015967801
ENSG00000277017,0.0
ENSG00000277020,0.00466887
ENSG00000277022,0.0040651304
ENSG00000277047,0.0
HNRNPCL3,0.0
ENSG00000277067,0.0015252023
H2AC8,9.426439e-05
ENSG00000277087,0.00038108797
CCL3-AS1,0.0008903478
ENSG00000277117,0.005867022
ENSG00000277128,0.0018614942
ENSG00000277135,0.0
LINC00235,0.0016004646
ENSG00000277144,0.0031960858
LINC00869,0.0
TYW1B,0.3686845
F8A3,0.00025969415
ENSG00000277151,0.0036033962
ENSG00000277152,0.008941415
H4C4,0.0005372244
ENSG00000277159,0.0012826751
PIGW,0.009930486
ENSG00000277182,0.0005744584
ENSG00000277196,0.008077552
LINC01632,0.0018621929
CCDC92B,0.002074528
ENSG00000277210,0.0
ENSG00000277214,0.0013967982
SPANXA2-OT1,0.016420482
ENSG00000277218,0.0
H2BC7,0.0
ENSG00000277228,0.064999685
GTSE1-DT,0.0006507361
ENSG00000277235,0.0010823442
ENSG00000277245,0.00075789384
ENSG00000277247,0.0
FAM74A7,0.0
LHX1-DT,0.18881254
ENSG00000277270,0.0
ENSG00000277277,0.0004226993
IGHV1OR21-1,0.0
RAB35-AS1,0.007369541
ENSG00000277287,0.0037172888
LINC02881,0.0
ENSG00000277299,0.0
GOLGA6L6,0.0
ENSG00000277332,0.0
ENSG00000277350,0.0005499726
ENSG00000277351,0.0
SRCIN1,0.023085015
ENSG00000277368,0.0024070584
ENSG00000277369,0.0009774858
ENSG00000277382,0.00046008104
BICRA-AS2,0.0062182653
GPR179,0.0003041573
ENSG00000277400,0.0018072574
ENSG00000277412,0.0
ENSG00000277425,0.00026527903
LINC02338,0.00011345246
CEBPB-AS1,0.0050731865
ENSG00000277453,0.0004376698
ENSG00000277459,0.002235977
ENSG00000277475,0.0
ENSG00000277476,0.01658346
PKD1L3,0.016506279
ENSG00000277482,0.0
ENSG00000277491,0.00026698704
SLCO4A1-AS2,0.001685311
ENSG00000277504,0.0006560208
ENSG00000277511,0.0022705474
LINC03021,0.010189086
LINC01796,0.003814378
PNMA8C,0.0
CT47C1,0.0
ZNF630-AS1,0.0015118517
ENSG00000277543,5.806554e-05
ENSG00000277550,0.0
OR13C5,0.00018723114
NEFL,0.0035088512
ENSG00000277587,0.00011510712
ENSG00000277597,0.0009328279
ENSG00000277602,0.0015388043
ENSG00000277611,0.03444261
ENSG00000277619,0.0
ENSG00000277621,0.00016857557
ENSG00000277630,0.0
PGM5P3-AS1,0.00094852364
CHD9NB,0.29213
ENSG00000277654,0.0
OR2W1-AS1,0.00079832826
ENSG00000277675,0.013718108
ENSG00000277684,0.00016874715
ENSG00000277688,0.02669005
ENSG00000277692,0.0023928862
ENSG00000277693,0.0004614599
ENSG00000277695,0.0
ENSG00000277701,0.0012791717
ENSG00000277715,0.008548415
LINC02255,0.0008590592
ENSG00000277728,9.1436275e-05
ENSG00000277737,0.0
ENSG00000277738,0.0
H2AB3,0.0
ENSG00000277749,8.1269136e-05
SYT15B,0.0013791822
ENSG00000277767,0.0014626735
H3C7,0.0
PGM5P2,0.0
ENSG00000277782,0.0010643055
ENSG00000277797,0.0
ENSG00000277825,0.0017123662
ENSG00000277831,0.0010591947
ENSG00000277836,0.0
ENSG00000277837,0.0
LINC02391,0.041918922
ENSG00000277856,0.0
H2AB2,0.0
ENSG00000277863,0.0
GOLGA6L22,0.0003427304
FAM230A,0.0
ENSG00000277873,0.0012597154
ENSG00000277879,0.0014059189
TRBV17,0.0
SRD5A2,0.003904099
ENSG00000277895,0.0005015451
ENSG00000277930,0.0
OR52E5,0.0009211793
ENSG00000277935,0.00036600252
ENSG00000277938,0.004591763
ENSG00000277954,0.0019099581
SENP3-EIF4A1,0.0005845949
ENSG00000277971,0.0
ENSG00000277978,0.0024768168
LINC02351,0.00031477076
ENSG00000277997,0.0
ENSG00000278013,0.003797205
ENSG00000278017,0.0012494021
RDM1,0.0027766835
TRBV7-9,0.0
ENSG00000278035,0.0020043284
ENSG00000278041,0.0
FAM247B,0.03858149
ENSG00000278052,0.0
TEX28,0.0028110552
ENSG00000278058,0.0035035706
ENSG00000278060,0.00085386325
ENSG00000278071,0.008962378
ENSG00000278075,0.000816596
CT45A8,0.0
LUNAR1,0.0003467207
ENSG00000278095,0.0
ENSG00000278097,0.0
P3R3URF-PIK3R3,0.007729581
ENSG00000278146,0.0
ENSG00000278147,0.0
ENSG00000278153,0.00029779354
ENSG00000278158,0.010964369
GLIDR,0.17878334
ENSG00000278192,0.00063288177
SSTR3,0.0
IGLV2-8,0.0
LINC01971,0.0
LINC02139,0.0013163047
PRICKLE4,0.0
CKAP2-DT,0.0012528918
ENSG00000278239,0.0
ENSG00000278254,0.001909385
ENSG00000278255,0.0
ENSG00000278263,0.0
ENSG00000278276,0.0018054435
CT45A6,0.0
TBC1D3C,0.0
ENSG00000278305,0.0
ZNF229,0.041573174
ENSG00000278330,0.0011737008
VWA8-AS1,0.0032006772
ENSG00000278341,0.0005658365
ENSG00000278344,0.0003273027
ENSG00000278367,0.0006757683
ENSG00000278370,0.0
ENSG00000278383,0.0026799745
ENSG00000278384,0.024419338
ENSG00000278385,0.0021515323
ENSG00000278389,0.00019833236
ENSG00000278408,0.0014089419
ENSG00000278419,0.0055678515
ENSG00000278431,0.0
ENSG00000278445,0.0010178699
ENSG00000278456,0.00078521814
H2AC4,0.000116490824
ENSG00000278464,0.0
ENSG00000278467,0.0029645758
IGHV3-41,0.0
ENSG00000278484,0.00023190428
NPAP1L,0.0
C17orf78,0.005485794
ENSG00000278518,0.0
POTEB3,0.0
ENSG00000278532,0.0
IGKV2OR2-8,0.0
ENSG00000278546,0.0022653807
NR2E3,0.015847271
H2BC10,0.0
ENSG00000278595,0.0
TBC1D3E,0.0
ENSG00000278601,0.0009416646
ENSG00000278607,0.0002617426
ZNF426-DT,0.0014314997
C11orf98,0.0
THBS1-AS1,0.0
ENSG00000278627,0.002319139
LINC02335,0.0043248525
ENSG00000278633,0.0
H4C1,0.00026561753
ENSG00000278638,0.003809416
ENSG00000278642,7.781396e-05
ENSG00000278646,0.0
ENSG00000278657,0.0
TRAJ37,0.0
ENSG00000278668,0.009490257
H2AC17,0.0
IQCA1L,0.0
ENSG00000278690,0.0004973107
ENSG00000278698,0.0
ENSG00000278703,0.0017031368
ENSG00000278704,0.0020594897
H4C2,0.0014224609
NKILA,0.0046017026
ENSG00000278713,0.0003041893
ENSG00000278716,0.0
MCM8-AS1,0.0063011134
ENSG00000278722,0.0
ENSG00000278727,0.0018970191
ENSG00000278733,0.0
ENSG00000278737,0.000249499
ENSG00000278740,0.0035248178
ENSG00000278765,0.0006555287
ENSG00000278766,0.033207625
BACE1-AS,0.015377445
ENSG00000278769,0.0002699347
LINC00624,0.04502471
ENSG00000278816,0.0008872574
H3C10,0.0009566556
ENSG00000278831,0.0017601186
ENSG00000278834,0.0062761796
ENSG00000278847,0.0
TP53TG3F,0.0
IGKV1D-12,0.0
ENSG00000278869,0.00063932716
OR51G1,0.0
ENSG00000278881,0.0
ENSG00000278884,0.0
OR2S2,0.0
ENSG00000278890,0.0
ENSG00000278901,0.00017350788
ENSG00000278903,0.0024940665
ENSG00000278907,0.0
BANCR,0.0002817915
ENSG00000278915,0.0
CEP83-DT,0.0018382033
EPB41L4A-DT,0.0019477699
ENSG00000278925,0.0015211054
ENSG00000278936,0.0
ENSG00000278946,0.00023658168
ENSG00000278960,0.0
ENSG00000278961,0.02815678
ENSG00000278981,0.0
ENSG00000278996,0.6470003
OR10A6,0.0
ENSG00000279006,0.00031978698
OR51B2,0.0
ENSG00000279028,0.0
PCDHB1-AS1,0.0040261536
OR6Q1,0.0
AGAP14P,0.0
ENSG00000279064,0.00024599966
ENSG00000279068,0.00057842553
ENSG00000279070,0.0
ENSG00000279072,0.003228191
ENSG00000279073,0.023569506
ENSG00000279080,0.0037765133
ENSG00000279081,0.0
LINC01727,0.0031513814
ENSG00000279085,0.0029549284
LINC01670,0.0
ENSG00000279096,0.0
OR10X1,0.0
ENSG00000279115,0.0
OR8D2,0.0
ENSG00000279119,0.0
LINC01451,0.0042131618
ENSG00000279151,0.00041405155
ENSG00000279152,0.0
ENSG00000279168,0.0
PRAMEF13,0.0
ENSG00000279182,0.0
ENSG00000279206,0.0
ENSG00000279217,0.0006038584
ENSG00000279232,0.0019661894
ENSG00000279240,0.00016689519
LINC02736,0.0
FAM223A,0.0
LINC02961,0.0
OR2L8,0.0
OR52R1,0.0
ENSG00000279274,0.0
ENSG00000279278,0.007823978
ENSG00000279298,0.0007368618
OR2T11,0.037733
ENSG00000279317,0.0
ENSG00000279321,0.0
ENSG00000279325,0.0
ENSG00000279342,0.0
ENSG00000279345,0.0053436514
ENSG00000279375,0.0
ENSG00000279386,0.0
OR5L1,0.0
OR4N4C,0.0
LINC00244,0.0
ENSG00000279440,0.0
ENSG00000279442,0.007485392
WASH9P,0.0
ENSG00000279461,0.0
ENSG00000279467,0.0039225547
ENSG00000279483,0.0
OR2AG1,0.0005939591
ENSG00000279493,0.0
ENSG00000279494,0.00015876463
ENSG00000279501,0.00074521883
OR4C16,0.0
FAM230C,0.0016390751
ENSG00000279529,0.016254215
ENSG00000279530,0.0
ENSG00000279548,0.00069444516
ENSG00000279558,0.0
ENSG00000279571,0.0029238665
LINC01666,0.0
ENSG00000279588,0.0
ENSG00000279597,0.0
ENSG00000279607,0.0
LINC00216,0.0009908645
ENSG00000279652,0.014896573
ENSG00000279658,0.00210975
ENSG00000279668,0.0
ENSG00000279669,0.00020457686
ENSG00000279686,0.017471997
ENSG00000279687,0.00046359055
ENSG00000279712,0.0
ENSG00000279714,0.0012768242
ENSG00000279726,0.011756369
LINC02033,0.00064286025
ENSG00000279735,0.0
ENSG00000279750,0.0
ENSG00000279751,0.0
OR5D13,0.0
ENSG00000279762,0.008462848
PPIAL4F,0.0
ENSG00000279784,0.0
LINC02339,0.0
PRAMEF18,0.0
ENSG00000279813,0.0
ENSG00000279833,0.02427041
LINC02906,0.0013910088
ENSG00000279848,0.0
ENSG00000279851,0.03942656
ENSG00000279855,0.0
LINC01126,0.005135757
BIRC6-AS2,0.0
ENSG00000279914,0.0
LINC01651,0.0
DDX11L17,0.0
ENSG00000279954,6.388766e-05
ENSG00000279956,0.0058412543
OR8U3,0.0
CCDC28A-AS1,0.019612644
ENSG00000279973,0.0
ENSG00000279983,0.010204722
ENSG00000279998,0.00011373282
ENSG00000280005,0.0
ENSG00000280007,0.0111265145
ENSG00000280011,0.00097407564
ENSG00000280018,0.00045996418
OR51F1,0.0
ENSG00000280025,0.0003322636
ENSG00000280026,0.0
ENSG00000280029,0.006997393
ENSG00000280071,0.015343859
TBC1D22A-AS1,0.00085097697
LINC01667,0.001099123
OR8B4,0.0
OR1B1,0.0
ENSG00000280098,0.0
ENSG00000280108,0.0
PLAC4,0.0011626648
ENSG00000280113,0.0
ENSG00000280116,0.0
ENSG00000280136,0.030030942
ENSG00000280148,0.0
ENSG00000280164,0.0
PCDH20,0.0
ENSG00000280169,0.0016902399
ENSG00000280179,0.0
ENSG00000280184,0.0
ENSG00000280191,0.0008855462
ENSG00000280199,0.0
OR1S1,0.0
ENSG00000280206,0.0
ENSG00000280207,0.0
UCKL1-AS1,0.01034339
ENSG00000280224,0.0
OR12D2,0.0
ENSG00000280241,0.038494345
PRAMEF26,0.0
LINC02887,0.0026153848
ERICD,0.0019815215
OR8K3,0.0
ENSG00000280336,0.00028122598
ENSG00000280341,0.00028686665
LINC01726,0.00044758208
ENSG00000280356,0.0011031827
ENSG00000280360,0.0
ENSG00000280382,0.00026485728
IGHV1-69D,0.0
ENSG00000280418,0.0
ENSG00000280425,0.0
ENSG00000280433,0.008953811
ENSG00000280441,0.60226566
ENSG00000280445,0.0001772189
ENSG00000280455,0.0
ENSG00000280485,0.00043237337
ENSG00000280486,0.0
ENSG00000280511,0.0
SALRNA2,0.00075199606
ENSG00000280537,0.0029542202
ENSG00000280571,0.041288275
LINC02342,0.0
LINC01348,0.0098434575
ENSG00000280614,0.0024986716
SCAANT1,0.0008739928
PCAT14,0.030123154
THRIL,0.00040854872
LINC02204,0.01240764
ENSG00000280649,0.0
KCNIP4-IT1,0.0
ENSG00000280655,0.0
CCDC163,0.005349968
LINC01242,0.024827743
SH3PXD2A-AS1,0.0038985384
ENSG00000280703,0.0
HPAT5,0.0
LINC02203,0.0
JADRR,0.0011391528
PCAT5,0.00072781293
LINC00251,0.00019302155
LINC01173,0.0010160521
LINC00850,0.0006410649
ENSG00000280758,0.0030356543
LINC01202,0.00070778123
ENSG00000280778,0.0003319333
JAKMIP2-AS1,0.0028971268
ENSG00000280800,0.0
LINC00836,0.0016879464
GSEC,0.004377248
ENSG00000280850,0.00085768267
MIR325HG,0.06338673
ENSG00000280878,0.10880965
ENSG00000280881,0.0
ELDR,0.008350015
ENSG00000280893,0.0
FOXCUT,0.0003466018
ENSG00000280920,0.00048578458
LINC00628,0.0
ENSG00000280936,0.0
LINC01163,0.0023021395
TTTY3B,0.0
RPS4Y2,0.0
MATR3,0.0
LINC00581,0.0038503562
CCAT2,0.0
ENSG00000281016,0.031868152
ENSG00000281021,0.012904578
ENSG00000281039,0.24069977
LL0XNC01-250H12.3,0.0016112314
LINC01395,0.0014985787
TMEM272,0.0
ENSG00000281113,0.0
ENSG00000281120,0.015486566
PTENP1-AS,0.0003752233
SCHLAP1,0.16114874
ENSG00000281160,0.0
ENSG00000281179,0.0
ENSG00000281181,0.0016206618
LINC00706,0.0005149447
GHET1,0.00026268876
ENSG00000281195,0.0
LINC00934,0.0033172055
LINC01097,0.0
SLFNL1-AS1,0.08826989
LINC00254,0.0
LINC02536,0.0007542709
SALRNA3,0.0
LINC01338,0.0048588193
LINC00997,0.010457837
ENSG00000281333,0.018264765
ENSG00000281348,0.0007366109
ARRDC3-AS1,0.06851925
RASSF1-AS1,0.0017840769
ENSG00000281365,0.0
INE2,0.0011164459
ABALON,0.00022419266
ENSG00000281383,0.00047970217
ENSG00000281386,0.0006919342
LINC00506,0.010629261
SNHG4,0.0
LINC01176,0.0
BLACAT1,0.0
PANDAR,0.0
ENSG00000281460,0.0
PISRT1,0.0
LINC01955,0.0
DNAJB5-DT,0.0017819259
ENSG00000281538,0.016284034
LINC00895,0.0
ENSG00000281550,0.0
LSINCT5,0.0010195425
LINC03077,0.0119184125
ENSG00000281571,0.0
DBET,0.0
ENSG00000281593,0.20727037
ENSG00000281613,0.0006485798
SAMD12-AS1,0.15104488
ENSG00000281655,0.001553787
LINC00538,0.0
RBM5-AS1,0.0037304163
PACRG-AS1,0.00054518745
LINC01012,0.0037499391
LINC01080,0.0003175599
METTL14-DT,0.010216052
ENSG00000281741,0.0
C2-AS1,0.00054275006
LINC01230,0.011121061
LINC00550,0.0
LINC01394,0.0
HCP5B,0.0013746396
LINC00602,0.0019629984
ENSG00000281849,0.013528864
ENSG00000281856,0.0
PAUPAR,0.0
ENSG00000281883,0.0052357814
GIMAP1-GIMAP5,0.0
ASMER1,0.0
ENSG00000281904,0.003429606
LINC01144,0.0018416969
ENSG00000281938,0.0008234062
TRBJ1-4,0.0
ENSG00000281961,0.0
IGHV1-69-2,0.0
TMEM265,0.0
ENSG00000282012,0.0010852636
ENSG00000282022,0.035544716
ENSG00000282024,0.00067040685
ENSG00000282033,0.00010811028
ENSG00000282034,0.0067171953
ENSG00000282041,0.0
ENSG00000282057,0.0
IGHD3OR15-3B,0.0
ENSG00000282097,0.0021565224
ENSG00000282121,0.0006343405
IGHV7-4-1,0.0
TRBJ1-3,0.0
ENSG00000282142,0.01560028
ENSG00000282143,0.00061296945
ENSG00000282160,0.0
TRBJ1-5,0.0
ENSG00000282199,0.002946762
ENSG00000282218,0.009142229
ENSG00000282221,0.0026026948
ENSG00000282265,0.0
IGHD2OR15-2B,0.0
ENSG00000282278,0.36172134
CYP3A7-CYP3A51P,0.0
ENSG00000282317,0.000192772
TRBJ1-1,0.0
ENSG00000282375,0.0
ENSG00000282381,0.0019819608
ENSG00000282386,0.0051022884
ENSG00000282393,0.012347181
ENSG00000282408,0.004893627
ENSG00000282418,0.0008166502
TEX13D,0.0
TRBJ1-2,0.0
TRBD1,0.0
ENSG00000282478,0.0
TRBV25-1,0.0
IGHD3OR15-3A,0.0
ENSG00000282527,0.0023204105
ENSG00000282535,0.0
ENSG00000282556,0.00024203543
ENSG00000282564,0.000668055
FAM138F,0.0
IGHD2OR15-2A,0.0
IGHV3-69-1,0.0
ENSG00000282602,0.00021333115
IGHV3-64D,0.0
IGHV5-10-1,0.0
ENSG00000282686,0.0
ENSG00000282692,0.0
ENSG00000282718,0.0
ENSG00000282740,0.0008166237
DUXB,0.001628178
ENSG00000282759,0.0
ENSG00000282772,0.005055278
TRBJ1-6,0.0
ENSG00000282787,0.0010158968
ENSG00000282793,0.0
ENSG00000282804,0.0031014124
ENSG00000282807,0.0
TEX13C,0.0
ENSG00000282816,0.0
ENSG00000282828,0.00046231793
ENSG00000282836,0.0
MSL3-DT,0.0026624983
ENSG00000282843,0.0006266433
ENSG00000282849,0.0028217027
ENSG00000282860,0.0013375741
C1orf232,0.0005335397
ENSG00000282876,0.0010911821
TMEM275,0.0
ENSG00000282882,0.0023735957
ENSG00000282885,0.049254656
ENSG00000282890,0.063810214
ENSG00000282898,0.0
ENSG00000282906,0.0
ENSG00000282914,0.0
LINC02746,0.0
ENSG00000282917,0.024762778
ENSG00000282925,0.0
ENSG00000282936,0.0
TRBV7-2,0.0
PSG11-AS1,0.017484583
ENSG00000282950,0.0
ENSG00000282951,0.014962216
ENSG00000282952,0.0
PRNCR1,0.0
LINC02034,0.0
ENSG00000282987,0.008779611
MPP7-DT,0.0011822989
ENSG00000282998,0.006107996
LINC02635,0.0013546214
ENSG00000283001,0.0
ENSG00000283010,0.00026523677
ENSG00000283025,0.0
ENSG00000283031,0.013198501
ENSG00000283033,0.0
LINC01988,0.00031906684
KLF18,0.0
ENSG00000283044,0.0007627327
LINC01668,0.0012012917
LINC02456,0.006720496
ENSG00000283053,0.0
ENSG00000283058,0.0
ENSG00000283061,0.00039929795
TRBV6-2,0.0
H2BC6-AS1,0.005932844
LBHD2,0.00016862233
ENSG00000283072,0.0020112824
ENSG00000283075,0.0
ENSG00000283078,0.0053260876
LINC02498,0.0
CENPVL2,0.0
ENSG00000283095,8.427039e-05
ENSG00000283096,0.0
MGC4859,0.013334776
ENSG00000283118,0.0022439095
ENSG00000283125,9.960701e-05
ENSG00000283138,0.0
LINC02666,0.123740256
ENSG00000283148,9.14012e-05
ENSG00000283149,0.045950025
IQCJ-SCHIP1,0.60536975
ENSG00000283157,0.0
ENSG00000283183,0.00057891436
ENSG00000283189,0.000608614
IGHVII-43-1,0.0
C13orf46,0.00575785
ENSG00000283201,0.06479657
ENSG00000283205,0.00016942032
ENSG00000283208,0.049662445
ENSG00000283213,9.7102944e-05
LINC02537,0.0
ENSG00000283217,0.026160518
ENSG00000283221,0.0
SPRR5,0.0
ENSG00000283228,0.0009938707
KBTBD11-OT1,0.04072417
ENSG00000283240,0.035803474
CCDC201,0.0
ENSG00000283258,0.0
ENSG00000283259,0.00040970897
ENSG00000283265,0.0
FAM237B,0.00024645714
TEX54,0.0
ENSG00000283286,0.0
SMIM33,0.00028990858
TEX52,0.005404703
ENSG00000283303,0.00020791551
LINC02183,0.00033954703
LINC02357,0.0011691449
ENSG00000283317,0.0
ENSG00000283321,0.015938424
CTXND2,0.0026360566
FAM240B,0.0005031072
ENSG00000283347,0.0009516139
ENSG00000283360,0.020741634
CFAP97D2,0.0063634682
ENSG00000283375,0.0
CNTNAP3C,0.008173476
ENSG00000283383,0.0005210312
ENSG00000283392,0.0009926306
ENSG00000283400,0.00039943273
ENSG00000283405,0.0
MIR548A1HG,0.045644067
ENSG00000283413,0.0
ENSG00000283415,0.09876613
ENSG00000283417,0.0
LINC02452,0.0
ENSG00000283423,0.0
CCDC195,0.0029137984
CSNK2A2IP,0.0031755453
LINC01958,0.00092821877
SPEM3,0.0
ENSG00000283445,0.06921791
ENSG00000283457,0.00052286516
ENSG00000283458,0.00018698472
ENSG00000283459,0.0
HSFX4,0.0
ENSG00000283464,0.0
FAM240A,0.0
ZNF511-PRAP1,0.002960113
LINC01902,0.0101805795
ENSG00000283515,0.0026201406
LITAFD,0.0008684122
LINC02775,0.0045452705
PRRT1B,0.002737524
TCAF2C,0.0
ENSG00000283536,0.0
ENSG00000283538,0.012432422
ENSG00000283546,0.0003121413
LINC02341,0.03982159
IGHVIII-44,0.0
ENSG00000283563,0.019181237
C19orf85,0.0
ENSG00000283573,0.0020380148
ENSG00000283579,0.003059218
ENSG00000283580,0.010264994
FAM236C,0.0
FAM169BP,0.03907898
ENSG00000283599,0.00023723714
IGHVII-30-21,0.0
ENSG00000283608,0.0
ENSG00000283627,0.0
ENSG00000283629,0.00041064533
ENSG00000283631,0.0
ENSG00000283635,0.0074568917
ETDC,0.0
LINC02009,0.0084020225
ENSG00000283647,0.0
CIROP,0.0
ENSG00000283662,0.003344833
ENSG00000283663,0.0
MYOCOS,0.028004726
ENSG00000283692,0.018106174
ENSG00000283696,0.07513223
HSFX3,0.0
PRSS50,0.0
TAF11L11,0.0
CPHXL,0.0056364127
PMIS2,0.0
ENSG00000283761,0.00671443
ENSG00000283765,0.0006720938
ENSG00000283766,0.0
ENSG00000283769,0.0
TAF11L13,0.0
PRR33,0.0
ENSG00000283809,0.018721625
ENSG00000283828,0.0006040429
ENSG00000283849,0.0
SSU72L4,0.0
ENSG00000283877,0.0038817234
ENSG00000283897,0.004713345
TPTEP2-CSNK1E,0.4528337
IGHV4-80,0.0
ENSG00000283914,0.0
IGHVIII-16-1,0.0
ENSG00000283952,0.0014487355
TAF11L8,0.0
ENSG00000283973,0.0008730587
ENSG00000283977,0.08741595
GNG14,0.0
ENSG00000283982,0.0110602
TAF11L9,0.0
ENSG00000283991,0.0039430046
SLURP2,0.0
SSU72L5,0.0
MSANTD7,0.0
TAF11L6,0.0
ENSG00000284057,0.0234795
ENSG00000284070,0.0034414188
C1orf202,0.0001648753
SCO2,0.0
TAF11L5,0.0
LINC02767,0.004466223
LINC02801,0.00096664473
TAF11L4,0.0
ENSG00000284292,0.00834359
SSU72L2,0.0
C2orf81,0.0
ENSG00000284337,0.016598655
ENSG00000284341,0.0009767126
TAF11L10,0.0
TAF11L2,0.0
ENSG00000284377,0.3126198
ENSG00000284391,0.0020356288
ENSG00000284393,0.0006801846
PERCC1,0.0
ENSG00000284418,0.27597338
ENSG00000284430,0.0020189648
ENSG00000284431,0.0
SSU72L1,0.0
TAF11L3,0.0
ENSG00000284452,0.0
ENSG00000284461,0.2916906
TAF11L7,0.0
SMIM39,0.0
CPHXL2,0.00964938
THSD8,0.0036958635
ENSG00000284500,0.0
LYNX1-SLURP2,0.0
ENSG00000284512,0.0071747717
ENSG00000284513,0.0
ENSG00000284523,0.020258656
SSU72L3,0.0
ENSG00000284554,0.0
ENSG00000284600,0.0
ENSG00000284607,6.344526e-05
OR8B3,0.0
ENSG00000284612,0.0
ENSG00000284616,0.00040379734
ENSG00000284618,0.00027888743
SCYGR10,0.0
LINC02786,0.0
ENSG00000284626,0.009333568
SCYGR1,0.0
SCYGR4,0.0
ENSG00000284632,0.0033417107
ENSG00000284633,0.017023278
SCYGR8,0.0
SMIM44,0.0
ENSG00000284640,0.0032246518
ENSG00000284641,0.0
ENSG00000284642,0.0070399893
SCYGR2,0.0
ENSG00000284645,0.0
ENSG00000284646,0.0013878723
ENSG00000284650,0.0
ENSG00000284652,0.00020535986
ENSG00000284653,0.00040582143
ENSG00000284656,0.0002715286
ENSG00000284657,0.00070182484
OR4F16,0.0
ENSG00000284664,0.001211238
ENSG00000284666,0.0
SCYGR5,0.0
LINC02780,0.0005925556
ENSG00000284669,0.01153025
ENSG00000284672,0.0
LINC02781,0.0
ENSG00000284675,0.00026285322
ENSG00000284676,0.0005435454
ENSG00000284677,0.001867072
LINC02811,0.0027781704
OR8B2,0.0
ENSG00000284684,0.0
ENSG00000284686,0.058584277
ENSG00000284692,0.0031517528
LINC02606,0.0134870885
ENSG00000284694,0.0
ENSG00000284695,0.0004904247
LINC02808,0.0029002996
ENSG00000284699,0.0029046286
TMEM247,0.0
ENSG00000284702,0.00079649774
ENSG00000284703,0.00033614415
SCYGR3,0.0
ENSG00000284705,0.0
ENSG00000284708,0.0010348986
ENSG00000284710,0.0
SMIM38,0.0
ENSG00000284716,0.010884386
SCYGR7,0.0
ENSG00000284719,0.0073699136
ENSG00000284720,0.0
ENSG00000284721,0.0074181445
OR8S1,0.0
SCYGR6,0.0
ENSG00000284726,0.013218008
TMDD1,0.00064147206
ENSG00000284732,0.0
OR4F29,0.0
ENSG00000284734,0.00069629983
ENSG00000284735,0.0073409593
ENSG00000284738,0.013642855
ENSG00000284739,0.0
ENSG00000284743,0.0
ENSG00000284744,0.0005666338
ENSG00000284745,0.0
ENSG00000284747,0.009840728
EEF1AKMT4,0.0
PDE8B,0.042209297
ENSG00000284772,0.029666113
ENSG00000284776,0.0049293144
ENSG00000284779,0.0
SMIM41,0.016112149
CIST1,0.0
ENSG00000284800,0.0013459944
ENSG00000284808,0.0
ENSG00000284809,0.005626396
ENSG00000284820,0.0
ENSG00000284823,0.00048531021
ENSG00000284825,0.0015878205
ENSG00000284837,0.0
ENSG00000284839,0.0
TOMT,0.0
ENSG00000284846,0.0
LINC02359,0.0011425574
CCDC39,0.0
OOSP1,0.0033570325
ENSG00000284874,0.0
ENSG00000284895,0.0
ENSG00000284906,0.02244081
ENSG00000284914,0.00066611957
EEF1AKMT4-ECE2,0.0008791943
LRTOMT,0.0
ENSG00000284928,0.0015433887
ENSG00000284931,0.0
ENSG00000284934,0.0
ENSG00000284946,0.0037701013
ENSG00000284948,0.0
ENSG00000284952,0.0054528047
ENSG00000284956,0.0
ENSG00000284957,0.0
ENSG00000284968,0.00021933128
ENSG00000284969,0.0024389892
ENSG00000284976,0.054018483
UPK3BL2,0.0
ENSG00000284987,0.0016535571
LINC02203,0.0
ENSG00000284989,0.0014609651
ENSG00000284994,0.00011395952
ENSG00000284999,0.027874919
ENSG00000285000,0.020373866
OOSP4A,0.0002775393
ENSG00000285012,0.0
ENSG00000285018,0.0022436478
MIURF,0.0
ENSG00000285040,0.00022416376
ENSG00000285041,0.0
ENSG00000285042,0.0
ENSG00000285043,0.01447276
ENSG00000285064,0.000114756855
ARHGAP11B,0.0
ENSG00000285079,0.0
ENSG00000285080,0.08050023
ENSG00000285082,0.017802438
ENSG00000285085,0.0034803436
ENSG00000285090,0.02419052
LINC01488,0.0
ENSG00000285095,0.03713044
ENSG00000285100,0.0
PIGY-DT,0.0
ENSG00000285128,0.0049578114
ENSG00000285130,0.0046418305
ENSG00000285133,0.0
ENSG00000285151,0.0
ENSG00000285159,0.002652715
ENSG00000285163,0.0009690716
ENSG00000285165,0.0
ENSG00000285169,0.0
ENSG00000285171,0.00015701485
ENSG00000285177,0.0005863118
ENSG00000285179,0.0
PDE4C,0.0036072524
ENSG00000285190,0.00857892
ENSG00000285201,0.00074501184
SMN-AS1,0.0
LINC02795,0.051565863
ENSG00000285212,0.0046307906
ENSG00000285218,0.051851973
OOSP3,0.015582048
ENSG00000285238,0.00046492854
ENSG00000285239,0.0
ENSG00000285245,0.006438984
ENSG00000285253,0.23093644
ENSG00000285254,0.0
ENSG00000285269,0.024722405
TFAP2A-AS2,0.0031738493
ENSG00000285280,0.106069446
ENSG00000285283,0.005960567
ABCF2-H2BK1,0.0
LINC00842,0.0053661773
ENSG00000285300,0.002505148
ENSG00000285304,0.00027366477
ENSG00000285325,0.0
ENSG00000285329,0.06743906
ENSG00000285330,0.058795583
ENSG00000285347,0.0
ENSG00000285354,0.00014087786
ENSG00000285361,0.0
ENSG00000285367,0.43009526
LINC02478,0.07295057
ENSG00000285374,0.0
ENSG00000285382,0.06525935
ENSG00000285404,0.017771361
ENSG00000285407,0.014222198
ENSG00000285409,0.0017484142
ENSG00000285412,0.0
ENSG00000285413,0.00035710548
SOD2-OT1,0.0
ENSG00000285444,0.010074428
ENSG00000285446,0.0013940386
LNCARGI,0.0
ENSG00000285454,0.0062690466
C4orf36,0.09711575
LINC02792,0.0
ENSG00000285471,0.006867154
OR4M2-OT1,0.0
ENSG00000285473,0.0034536407
H2BK1,0.0
LINC03094,0.0
ENSG00000285486,0.00016089408
ENSG00000285492,0.00075248425
ENSG00000285505,0.0005803683
ENSG00000285508,0.0
TBCEL-TECTA,0.007593961
ENSG00000285513,0.0
ENSG00000241860,0.0
ENSG00000286448,0.0
LINC01128,0.0
ENSG00000242590,0.0
ENSG00000285812,0.0
ENSG00000240731,0.0
MRPL20-AS1,0.0
ENSG00000286989,0.0
ENSG00000287356,0.0
ENSG00000272161,0.0
ENSG00000272420,0.0
ENSG00000285945,0.0
ENSG00000287396,0.0
ENSG00000287828,0.0
ENSG00000286518,0.0
ENSG00000287586,0.0
CAMTA1-IT1,0.0
ENSG00000269925,0.0
ENSG00000285701,0.0
ENSG00000228150,0.0
ENSG00000241326,0.0
ENSG00000287727,0.0
ENSG00000285833,0.0
ENSG00000285646,0.0
ENSG00000287384,0.0
ENSG00000285604,0.0
ENSG00000287756,0.0
ENSG00000288398,0.0
ENSG00000286898,0.0
ENSG00000272084,0.0
ENSG00000287192,0.0
CDC42-AS1,0.0
CDC42-IT1,0.0
ENSG00000285873,0.0
ZBTB40-IT1,0.0
ENSG00000285802,0.0
NCMAP-DT,0.0
LINC02793,0.0
ENSG00000284309,0.0
ENSG00000287244,0.0
ENSG00000269971,0.0
ENSG00000270031,0.0
ENSG00000286433,0.0
SNHG3,0.0
ENSG00000287510,0.0
LINC01226,0.0
ENSG00000250135,0.0
ENSG00000287691,0.0
ENSG00000287703,0.0
ENSG00000286899,0.0
ENSG00000286379,0.0
ENSG00000284748,0.0
ENSG00000286552,0.0
ENSG00000287987,0.0
ENSG00000287422,0.0
BMP8B-AS1,0.0
ENSG00000260920,0.0
ENSG00000286838,0.0
ENSG00000287743,0.0
ENSG00000286668,0.0
ENSG00000287587,0.0
ENSG00000227527,0.0
ENSG00000285728,0.0
ENSG00000287113,0.0
ENSG00000285649,0.0
ERI3-IT1,0.0
ENSG00000230896,0.0
LINC01398,0.0
ENSG00000287661,0.0
ENSG00000286597,0.0
AGBL4-IT1,0.0
ENSG00000287078,0.0
ENSG00000285954,0.0
ENSG00000287582,0.0
ENSG00000230728,0.0
ENSG00000287724,0.0
ENSG00000284601,0.0
ENSG00000286918,0.0
FGGY-DT,0.0
NFIA-AS1,0.0
ENSG00000287224,0.0
ENSG00000286455,0.0
LINC00466,0.0
ENSG00000286429,0.0
DLEU2L,0.0
LINC01359,0.0
ENSG00000237852,0.0
ENSG00000275678,0.0
ENSG00000287453,0.0
ENSG00000287283,0.0
ZRANB2-DT,0.0
NEGR1-IT1,0.0
ENSG00000285778,0.0
ENSG00000287870,0.0
ENSG00000287647,0.0
ENSG00000285928,0.0
MGC27382,0.0
ENSG00000227960,0.0
TTLL7-IT1,0.0
ENSG00000284882,0.0
ENSG00000286758,0.0
ENSG00000286802,0.0
ENSG00000286548,0.0
ENSG00000230735,0.0
ENSG00000231613,0.0
ENSG00000287015,0.0
ENSG00000287406,0.0
ENSG00000287372,0.0
ENSG00000287076,0.0
LINC02788,0.0
ENSG00000287797,0.0
CCDC18-AS1,0.0
ENSG00000286692,0.0
ENSG00000231992,0.0
ENSG00000287919,0.0
DPYD-IT1,0.0
ENSG00000285530,0.0
ENSG00000285525,0.0
ENSG00000285981,0.0
ENSG00000285923,0.0
ENSG00000225113,0.0
LAMTOR5-AS1,0.0
ENSG00000261654,0.0
ENSG00000260948,0.0
ENSG00000243960,0.0
ENSG00000284830,0.0
KCND3-IT1,0.0
ENSG00000287807,0.0
ENSG00000282048,0.0
ENSG00000285698,0.0
ENSG00000287103,0.0
ENSG00000287217,0.0
ATP1A1-AS1,0.0
ENSG00000286276,0.0
ENSG00000287980,0.0
HAO2-IT1,0.0
LINC00622,0.0
NOTCH2NLR,0.0
ENSG00000287979,0.0
H3-7,0.0
ENSG00000287374,0.0
ENSG00000287190,0.0
ENSG00000287978,0.0
NOTCH2NLB,0.0
NOTCH2NLC,0.0
ENSG00000285184,0.0
LINC02988,0.0
ADAMTSL4-AS1,0.0
ENSG00000261168,0.0
ENSG00000232536,0.0
ENSG00000232937,0.0
ENSG00000285651,0.0
ENSG00000286581,0.0
LCE7A,0.0
ENSG00000285867,0.0
ENSG00000286391,0.0
ENSG00000287064,0.0
ASH1L-IT1,0.0
ENSG00000287839,0.0
ENSG00000285677,0.0
ENSG00000285570,0.0
ENSG00000287624,0.0
KIRREL1-IT1,0.0
SMIM42,0.0
ENSG00000287040,0.0
ENSG00000288093,0.0
ENSG00000285636,0.0
ENSG00000272574,0.0
ENSG00000269887,0.0
ENSG00000271917,0.0
ENSG00000230898,0.0
ENSG00000272033,0.0
ENSG00000287218,0.0
ENSG00000233411,0.0
ENSG00000287831,0.0
ENSG00000287282,0.0
DNM3-IT1,0.0
ENSG00000287336,0.0
GAS5,0.0
RC3H1-IT1,0.0
RABGAP1L-IT1,0.0
ENSG00000287697,0.0
TNR-IT1,0.0
ENSG00000286754,0.0
ENSG00000285910,0.0
ENSG00000261060,0.0
ENSG00000287452,0.0
DHX9-AS1,0.0
ENSG00000287929,0.0
ENSG00000286372,0.0
SMG7-AS1,0.0
ENSG00000286966,0.0
ENSG00000286655,0.0
ENSG00000230470,0.0
ENSG00000285847,0.0
ENSG00000286378,0.0
ENSG00000288078,0.0
ENSG00000285894,0.0
ENSG00000287472,0.0
ENSG00000285638,0.0
ENSG00000286285,0.0
ENSG00000285718,0.0
ENSG00000287364,0.0
ENSG00000287989,0.0
ENSG00000286541,0.0
ENSG00000224818,0.0
ENSG00000249007,0.0
ENSG00000286383,0.0
ENSG00000287197,0.0
ENSG00000285521,0.0
PM20D1-AS1,0.0
ENSG00000287432,0.0
ENSG00000287220,0.0
ENSG00000286198,0.0
ENSG00000287046,0.0
MIR205HG,0.0
ENSG00000287902,0.0
ENSG00000287343,0.0
ENSG00000287354,0.0
ENSG00000287157,0.0
ENSG00000284376,0.0
KCNH1-IT1,0.0
ENSG00000287033,0.0
ENSG00000261314,0.0
ENSG00000230063,0.0
ENSG00000229832,0.0
ENSG00000287445,0.0
ENSG00000288007,0.0
PROX1-AS1,0.0
ENSG00000228470,0.0
ENSG00000287008,0.0
ENSG00000286775,0.0
TGFB2-OT1,0.0
ENSG00000287676,0.0
ENSG00000286398,0.0
ENSG00000286421,0.0
ENSG00000287684,0.0
ENSG00000287338,0.0
ENSG00000232628,0.0
CNIH3-AS2,0.0
ENSG00000286174,0.0
ENSG00000286719,0.0
LINC02765,0.0
ENSG00000226349,0.0
ENSG00000248322,0.0
ENSG00000287627,0.0
ITPKB-IT1,0.0
ENSG00000287259,0.0
ENSG00000287532,0.0
ENSG00000287525,0.0
ENSG00000287205,0.0
ENSG00000286389,0.0
ENSG00000287895,0.0
ENSG00000286773,0.0
ENSG00000287315,0.0
ENSG00000226920,0.0
ENSG00000288037,0.0
ENSG00000287395,0.0
ENSG00000286071,0.0
DISC1-IT1,0.0
ENSG00000286774,0.0
ENSG00000287423,0.0
ENSG00000286109,0.0
ENSG00000286666,0.0
ENSG00000287921,0.0
ENSG00000231272,0.0
ENSG00000286210,0.0
ENSG00000287633,0.0
ENSG00000286263,0.0
ENSG00000286142,0.0
ENSG00000288099,0.0
ENSG00000287177,0.0
ENSG00000287589,0.0
RPS7P5,0.0
ENSG00000231440,0.0
ENSG00000286496,0.0
ENSG00000287516,0.0
ENSG00000287738,0.0
ENSG00000287513,0.0
ENSG00000232184,0.0
AKT3-IT1,0.0
ENSG00000286486,0.0
ENSG00000287531,0.0
ENSG00000287601,0.0
SMYD3-IT1,0.0
ENSG00000225300,0.0
LINC01341,0.0
ENSG00000286747,0.0
ENSG00000286216,0.0
ENSG00000228643,0.0
ENSG00000287583,0.0
EIPR1-IT1,0.0
ENSG00000287126,0.0
ENSG00000242540,0.0
SILC1,0.0
ENSG00000286851,0.0
GRASLND,0.0
ENSG00000229727,0.0
ENSG00000287119,0.0
ENSG00000286857,0.0
ENSG00000285591,0.0
ENSG00000242136,0.0
ENSG00000287305,0.0
ENSG00000285872,0.0
ENSG00000285569,0.0
ENSG00000228496,0.0
ENSG00000286427,0.0
ENSG00000225649,0.0
ENSG00000285876,0.0
ENSG00000287291,0.0
ENSG00000287881,0.0
ENSG00000287849,0.0
ENSG00000287284,0.0
HS1BP3-IT1,0.0
ENSG00000287956,0.0
ENSG00000286829,0.0
ENSG00000286645,0.0
ENSG00000286707,0.0
MAPRE3-AS1,0.0
AGBL5-IT1,0.0
ENSG00000270640,0.0
ENSG00000286963,0.0
ENSG00000287658,0.0
ENSG00000285984,0.0
ENSG00000276334,0.0
ENSG00000276517,0.0
ENSG00000274159,0.0
ENSG00000285577,0.0
ENSG00000286415,0.0
ENSG00000285754,0.0
ENSG00000272054,0.0
ENSG00000285925,0.0
SOS1-IT1,0.0
ENSG00000273035,0.0
ENSG00000287255,0.0
ENSG00000285898,0.0
ENSG00000287468,0.0
ENSG00000287145,0.0
ENSG00000286796,0.0
LINC01121,0.0
ENSG00000286728,0.0
ENSG00000285548,0.0
ENSG00000286412,0.0
ENSG00000287867,0.0
ENSG00000287344,0.0
ENSG00000285519,0.0
ENSG00000285755,0.0
ENSG00000286604,0.0
ENSG00000285611,0.0
ENSG00000287640,0.0
ENSG00000267520,0.0
ENSG00000273302,0.0
ENSG00000285857,0.0
ENSG00000286360,0.0
ENSG00000286524,0.0
ENSG00000286480,0.0
ENSG00000287123,0.0
ENSG00000232693,0.0
ENSG00000286002,0.0
ENSG00000286347,0.0
PCBP1-AS1,0.0
TGFA-IT1,0.0
ENSG00000286979,0.0
ENSG00000288065,0.0
ENSG00000272702,0.0
ENSG00000287435,0.0
ENSG00000285068,0.0
ALMS1-IT1,0.0
ENSG00000284902,0.0
ENSG00000287250,0.0
ENSG00000286244,0.0
ENSG00000286623,0.0
ENSG00000286883,0.0
ENSG00000287687,0.0
ENSG00000286739,0.0
ENSG00000271452,0.0
ENSG00000286045,0.0
ENSG00000287474,0.0
ENSG00000287172,0.0
ENSG00000287749,0.0
ENSG00000287026,0.0
ENSG00000287130,0.0
ENSG00000286202,0.0
ENSG00000287025,0.0
ENSG00000286932,0.0
ENSG00000286260,0.0
ENSG00000224879,0.0
ENSG00000286227,0.0
ENSG00000286211,0.0
ENSG00000287625,0.0
TCF7L1-IT1,0.0
ENSG00000286011,0.0
PARTICL,0.0
ENSG00000287628,0.0
ENSG00000287931,0.0
ENSG00000287763,0.0
ENSG00000287670,0.0
ENSG00000286698,0.0
ENSG00000287362,0.0
STARD7-AS1,0.0
ENSG00000286654,0.0
ENSG00000286036,0.0
ENSG00000227987,0.0
ENSG00000287832,0.0
ENSG00000286737,0.0
ENSG00000286047,0.0
ENSG00000286101,0.0
ENSG00000287771,0.0
ENSG00000236525,0.0
ENSG00000234389,0.0
ENSG00000286290,0.0
ENSG00000287793,0.0
PANTR1,0.0
ENSG00000269707,0.0
LINC01159,0.0
ENSG00000287135,0.0
LINC02946,0.0
ENSG00000287308,0.0
ST6GAL2-IT1,0.0
ENSG00000286218,0.0
ENSG00000286769,0.0
ENSG00000230696,0.0
ENSG00000285016,0.0
ENSG00000286904,0.0
ENSG00000287141,0.0
ENSG00000286545,0.0
ENSG00000243389,0.0
ENSG00000287937,0.0
PAX8-AS1,0.0
ENSG00000287165,0.0
ENSG00000286513,0.0
ENSG00000286776,0.0
ENSG00000287451,0.0
ENSG00000286370,0.0
ENSG00000286481,0.0
ENSG00000287871,0.0
ENSG00000287854,0.0
ENSG00000286384,0.0
ENSG00000286206,0.0
ENSG00000286515,0.0
ENSG00000286971,0.0
ENSG00000286400,0.0
ENSG00000286145,0.0
ENSG00000287742,0.0
ENSG00000286873,0.0
ENSG00000286957,0.0
ENSG00000286208,0.0
LINC03124,0.0
ENSG00000287414,0.0
ENSG00000286833,0.0
ENSG00000286068,0.0
NCKAP5-IT1,0.0
ENSG00000286697,0.0
ENSG00000287463,0.0
ENSG00000287147,0.0
ENSG00000244125,0.0
ENSG00000283994,0.0
LINC02993,0.0
ENSG00000286225,0.0
ENSG00000287847,0.0
ENSG00000286167,0.0
ENSG00000286335,0.0
ENSG00000286081,0.0
ENSG00000288066,0.0
ENSG00000286234,0.0
ENSG00000287085,0.0
ENSG00000286207,0.0
ENSG00000227400,0.0
ENSG00000287900,0.0
ENSG00000286679,0.0
ENSG00000287048,0.0
ENSG00000286530,0.0
ENSG00000286621,0.0
ENSG00000287091,0.0
ENSG00000251621,0.0
ENSG00000288091,0.0
ENSG00000288089,0.0
TTC21B-AS1,0.0
CERS6-AS1,0.0
ENSG00000286611,0.0
ENSG00000286115,0.0
ENSG00000288048,0.0
ENSG00000286557,0.0
ENSG00000213963,0.0
ENSG00000236664,0.0
ENSG00000287149,0.0
ENSG00000287536,0.0
ENSG00000287621,0.0
ENSG00000286879,0.0
ENSG00000286807,0.0
ENSG00000286152,0.0
ENSG00000286980,0.0
ENSG00000286797,0.0
ENSG00000287129,0.0
ENSG00000223523,0.0
ENSG00000287418,0.0
ASDURF,0.0
ENSG00000284052,0.0
STAT4-AS1,0.0
ENSG00000288064,0.0
ENSG00000286358,0.0
ENSG00000286868,0.0
ENSG00000286539,0.0
ANKRD44-IT1,0.0
ENSG00000286020,0.0
ENSG00000232732,0.0
ENSG00000287027,0.0
ENSG00000287299,0.0
ENSG00000234431,0.0
ENSG00000287133,0.0
ENSG00000287041,0.0
ENSG00000286223,0.0
ENSG00000287524,0.0
CMKLR2-AS,0.0
KLF7-IT1,0.0
ENSG00000286568,0.0
ENSG00000225111,0.0
ENSG00000231896,0.0
ENSG00000287662,0.0
ENSG00000286249,0.0
CPS1-IT1,0.0
ENSG00000273118,0.0
ENSG00000286965,0.0
VWC2L-IT1,0.0
ENSG00000286836,0.0
RPL37A-DT,0.0
ENSG00000287498,0.0
ENSG00000261338,0.0
CATIP-AS1,0.0
ENSG00000286154,0.0
ENSG00000286606,0.0
ENSG00000287529,0.0
SPEGNB,0.0
ENSG00000286199,0.0
ENSG00000286272,0.0
ENSG00000286170,0.0
ENSG00000261379,0.0
ENSG00000286772,0.0
ENSG00000287791,0.0
FBXO36-IT1,0.0
ENSG00000261829,0.0
ENSG00000224376,0.0
ENSG00000286942,0.0
ENSG00000286399,0.0
ENSG00000261096,0.0
ENSG00000241409,0.0
ENSG00000222001,0.0
UGT1A5,0.0
UGT1A3,0.0
ENSG00000286059,0.0
ENSG00000288040,0.0
ENSG00000235726,0.0
AGAP1-IT1,0.0
ENSG00000286864,0.0
LINC02610,0.0
ENSG00000225057,0.0
ENSG00000286160,0.0
ENSG00000286748,0.0
ENSG00000286307,0.0
ENSG00000287405,0.0
ENSG00000286525,0.0
ENSG00000288082,0.0
ENSG00000286188,0.0
ENSG00000286325,0.0
ENSG00000286183,0.0
GPC1-AS1,0.0
ENSG00000287049,0.0
UICLM,0.0
ENSG00000286588,0.0
ENSG00000288080,0.0
LINC01237,0.0
ENSG00000287971,0.0
CHL1-AS2,0.0
ENSG00000287140,0.0
ENSG00000287505,0.0
ENSG00000286363,0.0
ENSG00000287720,0.0
ENSG00000286579,0.0
ENSG00000288030,0.0
ENSG00000287623,0.0
ENSG00000287878,0.0
ENSG00000287086,0.0
ATP2B2-IT1,0.0
ATP2B2-IT2,0.0
ENSG00000286962,0.0
ENSG00000287964,0.0
ENSG00000285906,0.0
ENSG00000287059,0.0
ENSG00000285969,0.0
ENSG00000288077,0.0
ENSG00000287042,0.0
ENSG00000286689,0.0
ENSG00000285654,0.0
ENSG00000287377,0.0
ENSG00000288050,0.0
ENSG00000285731,0.0
ENSG00000286352,0.0
ENSG00000272477,0.0
SATB1-AS1,0.0
ENSG00000287069,0.0
SGO1-AS1,0.0
THRB-IT1,0.0
THRB-AS1,0.0
LINC00692,0.0
ENSG00000287348,0.0
ENSG00000287774,0.0
ENSG00000261468,0.0
ENSG00000261572,0.0
ENSG00000287981,0.0
ENSG00000287641,0.0
ITGA9-AS1,0.0
ENSG00000287620,0.0
ENSG00000287995,0.0
ENSG00000287958,0.0
ENSG00000287780,0.0
ENSG00000286781,0.0
ENSG00000285885,0.0
EIF1B-AS1,0.0
ENSG00000287415,0.0
ENSG00000287629,0.0
ENSG00000287417,0.0
ENSG00000273328,0.0
ENSG00000285788,0.0
ENSG00000286570,0.0
ENSG00000214773,0.0
RHOA-IT1,0.0
ENSG00000213600,0.0
ENSG00000288063,0.0
ENSG00000287707,0.0
ENSG00000285685,0.0
ENSG00000286419,0.0
GLYCTK-AS1,0.0
ENSG00000286531,0.0
ENSG00000288029,0.0
ENSG00000286353,0.0
ESRG,0.0
ERC2-IT1,0.0
ENSG00000286952,0.0
ENSG00000287502,0.0
PTPRG-AS1,0.0
ENSG00000270059,0.0
MAGI1-IT1,0.0
ENSG00000288039,0.0
ENSG00000285738,0.0
ENSG00000287873,0.0
ENSG00000286967,0.0
ENSG00000287669,0.0
FOXP1-IT1,0.0
ENSG00000287131,0.0
ENSG00000287882,0.0
ENSG00000287595,0.0
ENSG00000287398,0.0
ENSG00000287567,0.0
ENSG00000288105,0.0
ENSG00000287053,0.0
ENSG00000288004,0.0
ENSG00000286567,0.0
ENSG00000287158,0.0
ENSG00000287273,0.0
ENSG00000285780,0.0
ENSG00000286516,0.0
ENSG00000286447,0.0
ENSG00000285614,0.0
ENSG00000286602,0.0
ENSG00000287378,0.0
ENSG00000287421,0.0
ENSG00000286956,0.0
ENSG00000279277,0.0
ENSG00000286492,0.0
CD200R1L-AS1,0.0
ENSG00000288079,0.0
ENSG00000287805,0.0
ENSG00000285836,0.0
ENSG00000287795,0.0
ENSG00000288074,0.0
ENSG00000241596,0.0
ENSG00000286660,0.0
ENSG00000286584,0.0
ENSG00000286735,0.0
ENSG00000287366,0.0
ENSG00000287022,0.0
ENSG00000287207,0.0
ENSG00000260391,0.0
ENSG00000288022,0.0
ENSG00000284624,0.0
ENSG00000287617,0.0
LINC02614,0.0
ENSG00000287232,0.0
ENSG00000287784,0.0
PRR20G,0.0
ENSG00000285600,0.0
ENSG00000287143,0.0
ENSG00000285619,0.0
ENSG00000286806,0.0
ACAD9-DT,0.0
ENSG00000286729,0.0
ENSG00000203644,0.0
ENSG00000285631,0.0
NUDT16-DT,0.0
ENSG00000261167,0.0
ENSG00000285908,0.0
ENSG00000286982,0.0
ENSG00000240086,0.0
ENSG00000286988,0.0
ENSG00000248773,0.0
ENSG00000287155,0.0
RASA2-IT1,0.0
ENSG00000286822,0.0
ENSG00000244327,0.0
ENSG00000287045,0.0
ENSG00000241679,0.0
ENSG00000240888,0.0
ENSG00000261051,0.0
ENSG00000285798,0.0
ENSG00000285557,0.0
ENSG00000287198,0.0
ENSG00000286714,0.0
WWTR1-IT1,0.0
ENSG00000287688,0.0
ENSG00000286273,0.0
ENSG00000287706,0.0
LINC02006,0.0
ARHGEF26-AS1,0.0
ENSG00000214919,0.0
ENSG00000286585,0.0
ENSG00000288032,0.0
ENSG00000287916,0.0
ENSG00000286361,0.0
ENSG00000286892,0.0
ENSG00000271778,0.0
ENSG00000286913,0.0
ENSG00000288087,0.0
ENSG00000287319,0.0
ENSG00000286994,0.0
ENSG00000242795,0.0
SLC7A14-AS1,0.0
ENSG00000244738,0.0
ENSG00000286695,0.0
ENSG00000286856,0.0
TMEM212-IT1,0.0
ENSG00000287899,0.0
ENSG00000287012,0.0
NAALADL2-AS3,0.0
ENSG00000288104,0.0
ENSG00000286003,0.0
LINC01014,0.0
ENSG00000287645,0.0
SOX2-OT,0.0
ENSG00000286453,0.0
ENSG00000287605,0.0
ENSG00000286086,0.0
BCL6-AS1,0.0
ENSG00000287178,0.0
ENSG00000286624,0.0
ENSG00000287206,0.0
LINC02028,0.0
ENSG00000286317,0.0
ENSG00000244675,0.0
ENSG00000287073,0.0
ENSG00000287005,0.0
ACAP2-IT1,0.0
ENSG00000286004,0.0
ENSG00000286168,0.0
ENSG00000286661,0.0
ENSG00000230732,0.0
ENSG00000286017,0.0
ENSG00000286870,0.0
ENSG00000286909,0.0
ENSG00000287286,0.0
ENSG00000275426,0.0
ENSG00000286705,0.0
ENSG00000286205,0.0
ENSG00000254094,0.0
ENSG00000253399,0.0
ENSG00000248399,0.0
ENSG00000287099,0.0
ENSG00000286900,0.0
LINC00955,0.0
STX18-IT1,0.0
LINC01587,0.0
ENSG00000287786,0.0
ENSG00000286176,0.0
ENSG00000287331,0.0
ENSG00000287104,0.0
ENSG00000187904,0.0
ENSG00000287164,0.0
ENSG00000258507,0.0
ENSG00000288075,0.0
ENSG00000287972,0.0
ENSG00000287117,0.0
ENSG00000287154,0.0
ENSG00000287778,0.0
ENSG00000286297,0.0
ENSG00000287360,0.0
ENSG00000286280,0.0
ENSG00000286888,0.0
ENSG00000287081,0.0
ENSG00000286046,0.0
SLIT2-IT1,0.0
ENSG00000286318,0.0
ENSG00000287389,0.0
ENSG00000286321,0.0
ENSG00000286141,0.0
ENSG00000286596,0.0
ENSG00000286212,0.0
ENSG00000286784,0.0
ENSG00000287968,0.0
ENSG00000288321,0.0
ENSG00000287320,0.0
ENSG00000287416,0.0
LINC02616,0.0
ENSG00000288073,0.0
ENSG00000287659,0.0
KLF3-AS1,0.0
ENSG00000287262,0.0
ENSG00000286349,0.0
ENSG00000260296,0.0
ENSG00000286089,0.0
ENSG00000287182,0.0
ENSG00000287762,0.0
ENSG00000250657,0.0
ENSG00000286891,0.0
ENSG00000260878,0.0
ENSG00000260918,0.0
ENSG00000282904,0.0
ENSG00000286294,0.0
ENSG00000287999,0.0
DANCR,0.0
ENSG00000286161,0.0
LNX1-AS2,0.0
ENSG00000249341,0.0
ENSG00000249706,0.0
ENSG00000287534,0.0
ENSG00000287060,0.0
SRD5A3-AS1,0.0
ENSG00000287382,0.0
ENSG00000286093,0.0
ENSG00000287369,0.0
ENSG00000285998,0.0
LINC02619,0.0
ENSG00000286097,0.0
ENSG00000287174,0.0
ENSG00000286664,0.0
LINC02835,0.0
ENSG00000287383,0.0
ENSG00000286848,0.0
ENSG00000287037,0.0
ENSG00000287375,0.0
ENSG00000286074,0.0
ENSG00000287401,0.0
ENSG00000287632,0.0
ENSG00000286490,0.0
ENSG00000286035,0.0
LINC02994,0.0
WDFY3-AS2,0.0
ENSG00000286618,0.0
ENSG00000287181,0.0
ENSG00000287239,0.0
ENSG00000287392,0.0
ENSG00000287552,0.0
ENSG00000287841,0.0
ENSG00000254044,0.0
ENSG00000287512,0.0
ENSG00000286150,0.0
LINC01216,0.0
LINC01217,0.0
LINC01218,0.0
ENSG00000286124,0.0
ENSG00000286242,0.0
ENSG00000286291,0.0
ARHGEF38-IT1,0.0
ENSG00000286147,0.0
LEF1-AS1,0.0
ENSG00000286136,0.0
ENSG00000287845,0.0
ENSG00000287520,0.0
ENSG00000287290,0.0
ENSG00000286637,0.0
ENSG00000286269,0.0
ENSG00000286241,0.0
ENSG00000287692,0.0
ENSG00000287951,0.0
ENSG00000286700,0.0
ENSG00000286734,0.0
ENSG00000286251,0.0
ENSG00000287021,0.0
ENSG00000287748,0.0
ENSG00000286467,0.0
ENSG00000286253,0.0
ENSG00000287441,0.0
ENSG00000287144,0.0
SLC7A11-AS1,0.0
ENSG00000286896,0.0
ENSG00000286320,0.0
ENSG00000287449,0.0
ENSG00000286771,0.0
ENSG00000286055,0.0
ENSG00000285783,0.0
ENSG00000286371,0.0
ENSG00000287292,0.0
ENSG00000249317,0.0
ENSG00000287565,0.0
ENSG00000286711,0.0
ENSG00000286066,0.0
LINC03074,0.0
ENSG00000286720,0.0
ENSG00000287504,0.0
ENSG00000287555,0.0
ENSG00000287642,0.0
ENSG00000287216,0.0
ENSG00000287730,0.0
ENSG00000260244,0.0
ENSG00000286862,0.0
ENSG00000287226,0.0
ENSG00000287822,0.0
ENSG00000286558,0.0
ENSG00000287072,0.0
ENSG00000285563,0.0
ENSG00000287424,0.0
ENSG00000287188,0.0
ENSG00000286302,0.0
ENSG00000287660,0.0
ENSG00000288003,0.0
ENSG00000287298,0.0
ENSG00000286580,0.0
ENSG00000287210,0.0
ENSG00000288025,0.0
ENSG00000286226,0.0
ENSG00000286039,0.0
ENSG00000287544,0.0
ENSG00000287083,0.0
ENSG00000287775,0.0
ENSG00000286860,0.0
ENSG00000287948,0.0
ENSG00000248266,0.0
ENSG00000286119,0.0
ENSG00000286821,0.0
ENSG00000287349,0.0
ENSG00000248206,0.0
ENSG00000287433,0.0
ENSG00000270426,0.0
ENSG00000286256,0.0
ENSG00000287183,0.0
ENSG00000287667,0.0
ENSG00000287169,0.0
ENSG00000287571,0.0
ENSG00000286641,0.0
ENSG00000261434,0.0
SLC9A3-AS1,0.0
ENSG00000287600,0.0
ENSG00000287486,0.0
ENSG00000286388,0.0
ENSG00000288108,0.0
ENSG00000286753,0.0
ENSG00000286986,0.0
ENSG00000287031,0.0
ENSG00000287790,0.0
ENSG00000286254,0.0
ENSG00000285689,0.0
ENSG00000287947,0.0
ENSG00000250001,0.0
ENSG00000248525,0.0
ENSG00000286556,0.0
ENSG00000287581,0.0
ENSG00000286970,0.0
ENSG00000286441,0.0
ENSG00000286377,0.0
H3Y2,0.0
ENSG00000286751,0.0
ENSG00000253104,0.0
ENSG00000287471,0.0
ENSG00000286961,0.0
ENSG00000286134,0.0
ENSG00000287199,0.0
ENSG00000286454,0.0
ENSG00000286238,0.0
ENSG00000286625,0.0
ENSG00000286204,0.0
ENSG00000286432,0.0
ENSG00000286182,0.0
ENSG00000287940,0.0
ENSG00000248624,0.0
ENSG00000249114,0.0
ENSG00000249688,0.0
ENSG00000286741,0.0
ENSG00000286543,0.0
ENSG00000287634,0.0
NIPBL-DT,0.0
CPLANE1-AS1,0.0
ENSG00000286809,0.0
ENSG00000287597,0.0
ENSG00000285552,0.0
ENSG00000285616,0.0
OXCT1-AS1,0.0
ENSG00000286271,0.0
ENSG00000286656,0.0
ANXA2R-OT1,0.0
ENSG00000287540,0.0
ENSG00000288035,0.0
ENSG00000286048,0.0
ENSG00000285831,0.0
ENSG00000287087,0.0
ENSG00000287367,0.0
ENSG00000240535,0.0
ENSG00000285997,0.0
ENSG00000234553,0.0
ENSG00000287709,0.0
ENSG00000286853,0.0
ENSG00000287434,0.0
LINC03122,0.0
ENSG00000287179,0.0
ENSG00000248285,0.0
ENSG00000286314,0.0
ENSG00000285999,0.0
ENSG00000286062,0.0
MAST4-IT1,0.0
ENSG00000286647,0.0
ENSG00000250978,0.0
ENSG00000285804,0.0
ENSG00000261269,0.0
ENSG00000287090,0.0
ENSG00000287701,0.0
ENSG00000287162,0.0
ENSG00000286818,0.0
ENSG00000286721,0.0
ENSG00000287938,0.0
ATG10-IT1,0.0
ENSG00000287783,0.0
ENSG00000287862,0.0
LINC01339,0.0
ENSG00000260871,0.0
ENSG00000255647,0.0
ENSG00000285618,0.0
ENSG00000286638,0.0
ENSG00000286121,0.0
ENSG00000286509,0.0
ENSG00000287180,0.0
ENSG00000287447,0.0
ENSG00000251023,0.0
ENSG00000286577,0.0
ENSG00000270133,0.0
ENSG00000250362,0.0
ENSG00000286828,0.0
ENSG00000286953,0.0
ENSG00000286338,0.0
ENSG00000283462,0.0
ENSG00000286503,0.0
ENSG00000286882,0.0
ENSG00000286839,0.0
TRIM36-IT1,0.0
LINCADL,0.0
ENSG00000285809,0.0
ENSG00000286745,0.0
ENSG00000260686,0.0
ENSG00000251456,0.0
ENSG00000288008,0.0
ENSG00000286615,0.0
ENSG00000248634,0.0
ENSG00000286274,0.0
ENSG00000287390,0.0
MIR3936HG,0.0
ENSG00000287054,0.0
ENSG00000286408,0.0
ENSG00000286403,0.0
ENSG00000254363,0.0
ENSG00000250069,0.0
ENSG00000288095,0.0
ENSG00000273557,0.0
ENSG00000286736,0.0
ENSG00000287527,0.0
ENSG00000287726,0.0
ENSG00000287203,0.0
ARHGAP26-IT1,0.0
ENSG00000249881,0.0
ENSG00000249605,0.0
ENSG00000285605,0.0
ENSG00000271724,0.0
PPP2R2B-IT1,0.0
ENSG00000286468,0.0
ENSG00000287630,0.0
ENSG00000253297,0.0
ENSG00000285736,0.0
ENSG00000287323,0.0
ENSG00000286331,0.0
ENSG00000286657,0.0
ENSG00000288081,0.0
ENSG00000286749,0.0
ENSG00000287695,0.0
ENSG00000287963,0.0
ENSG00000286690,0.0
NIPAL4-DT,0.0
ENSG00000285590,0.0
ENSG00000285549,0.0
ENSG00000253357,0.0
ENSG00000285914,0.0
ENSG00000287814,0.0
ENSG00000287003,0.0
ENSG00000254011,0.0
ENSG00000286350,0.0
ENSG00000250820,0.0
ENSG00000287579,0.0
ENSG00000283235,0.0
ZNF346-IT1,0.0
ENSG00000286634,0.0
GMCL2,0.0
ENSG00000245688,0.0
ENSG00000286713,0.0
MSANTD5,0.0
ENSG00000285865,0.0
HEIH,0.0
ENSG00000286128,0.0
ENSG00000286644,0.0
TRIM52-AS1,0.0
ENSG00000286310,0.0
LIRIL2R,0.0
ENSG00000287265,0.0
ENSG00000286364,0.0
ENSG00000287293,0.0
LINC01622,0.0
ENSG00000286324,0.0
ENSG00000285603,0.0
ENSG00000286512,0.0
ENSG00000287903,0.0
ENSG00000287761,0.0
ENSG00000285694,0.0
ENSG00000285717,0.0
ENSG00000287497,0.0
ENSG00000225092,0.0
ENSG00000285771,0.0
HULC,0.0
ENSG00000285763,0.0
ENSG00000287920,0.0
ENSG00000287593,0.0
ENSG00000286316,0.0
ENSG00000285639,0.0
ENSG00000286281,0.0
ENSG00000286277,0.0
ENSG00000287626,0.0
ENSG00000287347,0.0
ENSG00000286631,0.0
ENSG00000287359,0.0
ENSG00000287559,0.0
ENSG00000286885,0.0
ENSG00000287138,0.0
ENSG00000286590,0.0
ENSG00000287483,0.0
E2F3-IT1,0.0
ENSG00000287404,0.0
ENSG00000286368,0.0
ENSG00000286954,0.0
ENSG00000285801,0.0
ENSG00000286933,0.0
H3C2,0.0
H3C3,0.0
ENSG00000287050,0.0
ENSG00000285571,0.0
LARRPM,0.0
ENSG00000285849,0.0
ENSG00000286652,0.0
ENSG00000285703,0.0
ENSG00000287674,0.0
ENSG00000287252,0.0
ENSG00000287804,0.0
ENSG00000286819,0.0
ENSG00000287279,0.0
HLA-F-AS1,0.0
ENSG00000285761,0.0
ENSG00000286301,0.0
PSORS1C3,0.0
ENSG00000285647,0.0
HCP5,0.0
MICB-DT,0.0
ENSG00000286974,0.0
ENSG00000284954,0.0
ENSG00000273333,0.0
ENSG00000232080,0.0
ENSG00000223837,0.0
SMIM40,0.0
ENSG00000287089,0.0
ENSG00000225339,0.0
ENSG00000286550,0.0
ENSG00000287458,0.0
DINOL,0.0
ENSG00000285888,0.0
ENSG00000287891,0.0
TMEM217B,0.0
ENSG00000286672,0.0
ENSG00000236075,0.0
ENSG00000226454,0.0
ENSG00000287678,0.0
CIMIP3,0.0
ENSG00000288010,0.0
ENSG00000287825,0.0
ENSG00000287055,0.0
ENSG00000287266,0.0
ENSG00000287562,0.0
ENSG00000286417,0.0
ENSG00000287485,0.0
ENSG00000286811,0.0
ENSG00000287137,0.0
ENSG00000286405,0.0
ENSG00000261745,0.0
ENSG00000287745,0.0
ENSG00000261116,0.0
ENSG00000227602,0.0
ENSG00000287598,0.0
ENSG00000287679,0.0
ENSG00000285976,0.0
ENSG00000286680,0.0
ENSG00000285838,0.0
ENSG00000288088,0.0
ENSG00000287300,0.0
ENSG00000287939,0.0
ENSG00000287380,0.0
ENSG00000285963,0.0
KCNQ5-DT,0.0
ENSG00000286340,0.0
LCAL1,0.0
ENSG00000285586,0.0
ENSG00000287816,0.0
ENSG00000288071,0.0
ENSG00000226089,0.0
ENSG00000232031,0.0
ENSG00000286875,0.0
ENSG00000287705,0.0
ENSG00000287294,0.0
SNHG5,0.0
ENSG00000288021,0.0
ENSG00000286278,0.0
ENSG00000286871,0.0
ENSG00000288009,0.0
ENSG00000287789,0.0
ENSG00000285961,0.0
ENSG00000287683,0.0
ENSG00000288085,0.0
ENSG00000287578,0.0
TSTD3,0.0
ENSG00000287397,0.0
ENSG00000287499,0.0
ENSG00000288084,0.0
ENSG00000287616,0.0
ENSG00000227535,0.0
ENSG00000286084,0.0
ENSG00000269919,0.0
ENSG00000286562,0.0
ENSG00000287044,0.0
ENSG00000286691,0.0
ENSG00000287268,0.0
REV3L-IT1,0.0
ENSG00000286616,0.0
ENSG00000286914,0.0
ENSG00000287728,0.0
ENSG00000287097,0.0
ENSG00000287933,0.0
ENSG00000287253,0.0
ENSG00000286339,0.0
ENSG00000287100,0.0
ENSG00000286540,0.0
ENSG00000287992,0.0
ENSG00000287258,0.0
ENSG00000272472,0.0
ENSG00000287818,0.0
ENSG00000285652,0.0
ENSG00000285691,0.0
ENSG00000285941,0.0
ENSG00000237321,0.0
ENSG00000286299,0.0
ENSG00000287731,0.0
ENSG00000286663,0.0
ENSG00000286438,0.0
ENSG00000287413,0.0
ENSG00000286887,0.0
ENSG00000287094,0.0
ENSG00000286313,0.0
ENSG00000288054,0.0
MAP3K5-AS2,0.0
ENSG00000287393,0.0
ENSG00000287820,0.0
ENSG00000286452,0.0
ENSG00000287084,0.0
HYMAI,0.0
ENSG00000285598,0.0
ENSG00000288056,0.0
ENSG00000287976,0.0
ENSG00000287473,0.0
ENSG00000232891,0.0
ENSG00000224029,0.0
ENSG00000287914,0.0
ENSG00000284615,0.0
ENSG00000286553,0.0
ENSG00000287260,0.0
ENSG00000287092,0.0
ENSG00000285797,0.0
ENSG00000286482,0.0
ENSG00000285642,0.0
SYNJ2-IT1,0.0
ENSG00000274023,0.0
ENSG00000287591,0.0
FNDC1-IT1,0.0
ENSG00000286533,0.0
ENSG00000287656,0.0
ENSG00000287558,0.0
ENSG00000286498,0.0
ENSG00000286805,0.0
ENSG00000285610,0.0
ENSG00000285553,0.0
ENSG00000285564,0.0
ENSG00000285726,0.0
ENSG00000285858,0.0
ENSG00000286573,0.0
ENSG00000287550,0.0
ENSG00000287877,0.0
ENSG00000223942,0.0
ENSG00000287189,0.0
ENSG00000286760,0.0
RPS6KA2-IT1,0.0
RAMACL,0.0
ENSG00000287690,0.0
ENSG00000285730,0.0
ENSG00000286674,0.0
ENSG00000287297,0.0
ENSG00000287594,0.0
ENSG00000287056,0.0
ENSG00000224417,0.0
ENSG00000285917,0.0
ENSG00000286826,0.0
ENSG00000285887,0.0
ENSG00000266896,0.0
ENSG00000287823,0.0
ENSG00000288162,0.0
ENSG00000287407,0.0
ENSG00000261003,0.0
FAM157D,0.0
ENSG00000287883,0.0
ENSG00000287342,0.0
ENSG00000286710,0.0
ENSG00000286764,0.0
ENSG00000286874,0.0
ENSG00000287665,0.0
RNF216-IT1,0.0
SMIM10L3,0.0
ENSG00000287860,0.0
LINC03016,0.0
ENSG00000287409,0.0
ENSG00000286639,0.0
ENSG00000230333,0.0
ENSG00000229233,0.0
ENSG00000286376,0.0
ENSG00000287799,0.0
ENSG00000243004,0.0
GIRGL,0.0
ENSG00000285592,0.0
ENSG00000286703,0.0
SNHG26,0.0
ENSG00000285926,0.0
ENSG00000287093,0.0
ENSG00000285716,0.0
ENSG00000285960,0.0
ENSG00000287096,0.0
ENSG00000286725,0.0
ENSG00000285860,0.0
ENSG00000286507,0.0
ENSG00000270182,0.0
ENSG00000286323,0.0
ENSG00000286478,0.0
ENSG00000287489,0.0
ENSG00000285081,0.0
ENSG00000286847,0.0
ENSG00000230751,0.0
ENSG00000251660,0.0
GARS1-DT,0.0
ENSG00000286487,0.0
ENSG00000286300,0.0
NPSR1-AS1,0.0
ENSG00000287249,0.0
ENSG00000287651,0.0
ENSG00000286526,0.0
ENSG00000287032,0.0
ENSG00000287893,0.0
ENSG00000285573,0.0
ENSG00000261184,0.0
AOAH-IT1,0.0
ENSG00000287584,0.0
ENSG00000227658,0.0
HECW1-IT1,0.0
ENSG00000239775,0.0
ENSG00000287574,0.0
ENSG00000260997,0.0
ENSG00000286738,0.0
ENSG00000223829,0.0
ENSG00000286315,0.0
LINC02838,0.0
CDC14C,0.0
ENSG00000286995,0.0
ENSG00000287521,0.0
ENSG00000286658,0.0
ENSG00000285741,0.0
ENSG00000286987,0.0
ENSG00000287039,0.0
ENSG00000286908,0.0
ENSG00000287953,0.0
VSTM2A-OT1,0.0
ENSG00000286404,0.0
ENSG00000285670,0.0
ENSG00000287019,0.0
ENSG00000286477,0.0
ENSG00000286436,0.0
ENSG00000287517,0.0
ENSG00000230000,0.0
ENSG00000268181,0.0
ENSG00000287588,0.0
ENSG00000287699,0.0
ENSG00000287985,0.0
ENSG00000286456,0.0
ENSG00000287317,0.0
ENSG00000287580,0.0
ENSG00000287869,0.0
ENSG00000286342,0.0
LINC03129,0.0
ENSG00000226824,0.0
SPDYE21,0.0
ENSG00000285886,0.0
SPDYE8,0.0
SPDYE9,0.0
ENSG00000274080,0.0
ENSG00000287815,0.0
GTF2I-AS1,0.0
SPDYE13,0.0
SPDYE14,0.0
SPDYE15,0.0
ENSG00000285666,0.0
ENSG00000231183,0.0
ENSG00000287519,0.0
ENSG00000285892,0.0
ENSG00000286855,0.0
MAGI2-AS3,0.0
ENSG00000287488,0.0
STEAP2-AS1,0.0
ENSG00000286411,0.0
ENSG00000287672,0.0
ENSG00000243107,0.0
ENSG00000287932,0.0
ENSG00000286742,0.0
ENSG00000285964,0.0
ENSG00000284707,0.0
ENSG00000286305,0.0
ENSG00000286921,0.0
ENSG00000286923,0.0
ENSG00000287631,0.0
ENSG00000286938,0.0
ENSG00000272219,0.0
ENSG00000286830,0.0
LHFPL3-AS1,0.0
ENSG00000243797,0.0
ENSG00000286076,0.0
ENSG00000286013,0.0
PRKAR2B-AS1,0.0
ENSG00000287186,0.0
ENSG00000228540,0.0
ENSG00000287011,0.0
ENSG00000225457,0.0
ENSG00000287592,0.0
ENSG00000282859,0.0
ENSG00000237870,0.0
ST7-OT4,0.0
ENSG00000287829,0.0
ENSG00000286390,0.0
ENSG00000287827,0.0
ENSG00000287554,0.0
ENSG00000287568,0.0
ENSG00000286722,0.0
ENSG00000286380,0.0
COPG2IT1,0.0
ENSG00000287547,0.0
MKLN1-AS,0.0
ENSG00000286458,0.0
ENSG00000287733,0.0
ENSG00000285904,0.0
ENSG00000285841,0.0
ENSG00000286831,0.0
ENSG00000286569,0.0
ENSG00000230190,0.0
ENSG00000287636,0.0
ENSG00000286180,0.0
ENSG00000286171,0.0
ENSG00000286912,0.0
WDR86-AS1,0.0
PRKAG2-AS2,0.0
ENSG00000286565,0.0
ENSG00000285524,0.0
ENSG00000287744,0.0
ENSG00000286461,0.0
ENSG00000260426,0.0
ENSG00000288051,0.0
ENSG00000283128,0.0
ENSG00000287610,0.0
ENSG00000231515,0.0
ENSG00000285821,0.0
ENSG00000286407,0.0
LINC00689,0.0
ENSG00000287184,0.0
ENSG00000272812,0.0
ENSG00000254207,0.0
ENSG00000287464,0.0
ENSG00000285957,0.0
ENSG00000287970,0.0
ENSG00000287740,0.0
ENSG00000253162,0.0
ENSG00000285861,0.0
ENSG00000286934,0.0
ENSG00000288110,0.0
ENSG00000285977,0.0
ENSG00000286969,0.0
ENSG00000288076,0.0
ENSG00000287747,0.0
FAM90A7,0.0
FAM90A22,0.0
FAM90A23,0.0
FAM90A14,0.0
FAM90A18,0.0
FAM90A16,0.0
FAM90A8,0.0
FAM90A17,0.0
FAM90A19,0.0
FAM90A9,0.0
FAM90A10,0.0
ENSG00000286910,0.0
ENSG00000285675,0.0
ENSG00000285606,0.0
ENSG00000261451,0.0
ENSG00000269918,0.0
ENSG00000255310,0.0
ENSG00000254936,0.0
ENSG00000254556,0.0
ENSG00000286985,0.0
ENSG00000287755,0.0
ENSG00000283674,0.0
ENSG00000287134,0.0
ENSG00000286798,0.0
ENSG00000255076,0.0
ENSG00000287476,0.0
ENSG00000279932,0.0
ENSG00000287303,0.0
ENSG00000285624,0.0
ENSG00000286346,0.0
ENSG00000177725,0.0
ENSG00000285881,0.0
ENSG00000287467,0.0
ENSG00000261026,0.0
ENSG00000253125,0.0
ENSG00000287812,0.0
ENSG00000253142,0.0
TNFRSF10A-DT,0.0
LOXL2-AS1,0.0
ENSG00000287166,0.0
ENSG00000287185,0.0
ENSG00000285890,0.0
ENSG00000253430,0.0
ENSG00000254362,0.0
ENSG00000286804,0.0
ENSG00000254370,0.0
HMBOX1-IT1,0.0
ENSG00000259366,0.0
ENSG00000285601,0.0
ENSG00000260253,0.0
ENSG00000285669,0.0
ENSG00000287590,0.0
ENSG00000287204,0.0
ENSG00000286648,0.0
NRG1-IT1,0.0
NRG1-IT3,0.0
ENSG00000286131,0.0
ENSG00000287152,0.0
ENSG00000286693,0.0
ENSG00000253123,0.0
ENSG00000260949,0.0
ENSG00000286677,0.0
ENSG00000285632,0.0
ENSG00000253586,0.0
ENSG00000253838,0.0
ENSG00000253509,0.0
ENSG00000287535,0.0
ENSG00000286837,0.0
ENSG00000286484,0.0
ENSG00000286554,0.0
ENSG00000285992,0.0
ENSG00000269924,0.0
ENSG00000287959,0.0
ENSG00000286878,0.0
ENSG00000286701,0.0
ENSG00000253849,0.0
ENSG00000253475,0.0
ENSG00000271555,0.0
ENSG00000286471,0.0
ENSG00000286348,0.0
ENSG00000254325,0.0
ENSG00000287301,0.0
ENSG00000288041,0.0
ENSG00000253281,0.0
ENSG00000286578,0.0
ENSG00000254048,0.0
ENSG00000287975,0.0
ENSG00000285971,0.0
ENSG00000287105,0.0
ENSG00000287844,0.0
ENSG00000287615,0.0
ENSG00000254330,0.0
ENSG00000287998,0.0
SNHG6,0.0
ENSG00000287214,0.0
ENSG00000287230,0.0
ENSG00000253726,0.0
ENSG00000237061,0.0
ENSG00000286113,0.0
ENSG00000287352,0.0
ENSG00000253681,0.0
ENSG00000260398,0.0
ENSG00000286675,0.0
MITA1,0.0
ENSG00000287052,0.0
ENSG00000285758,0.0
ENSG00000272518,0.0
ENSG00000286763,0.0
LINC02849,0.0
ENSG00000287927,0.0
WWP1-AS1,0.0
ENSG00000286984,0.0
ENSG00000254219,0.0
ENSG00000288005,0.0
FLJ46284,0.0
ENSG00000287322,0.0
ENSG00000270077,0.0
ENSG00000287654,0.0
ENSG00000253532,0.0
ENSG00000287952,0.0
ENSG00000260368,0.0
LINC03090,0.0
ENSG00000287479,0.0
ENSG00000283959,0.0
ENSG00000286337,0.0
ENSG00000179577,0.0
ZFPM2-AS1,0.0
ENSG00000254141,0.0
ENSG00000287289,0.0
ENSG00000287208,0.0
ENSG00000286766,0.0
ENSG00000287949,0.0
ENSG00000287942,0.0
ENSG00000286946,0.0
ENSG00000287819,0.0
ENSG00000286937,0.0
ENSG00000287826,0.0
ENSG00000253622,0.0
ENSG00000286308,0.0
ENSG00000286282,0.0
ENSG00000253372,0.0
ENSG00000287657,0.0
ENSG00000286955,0.0
LINC02964,0.0
ENSG00000287781,0.0
ENSG00000286266,0.0
ENSG00000286010,0.0
ENSG00000286034,0.0
LINC00824,0.0
ENSG00000287785,0.0
ENSG00000287195,0.0
ASAP1-IT2,0.0
ENSG00000287201,0.0
ENSG00000286535,0.0
ENSG00000253259,0.0
ENSG00000287095,0.0
ENSG00000270137,0.0
PTCSC1,0.0
ENSG00000288067,0.0
ENSG00000286927,0.0
ENSG00000285683,0.0
ENSG00000285817,0.0
PEG13,0.0
ENSG00000261655,0.0
ENSG00000287325,0.0
ENSG00000287677,0.0
ENSG00000287332,0.0
LY6S-AS1,0.0
ENSG00000287576,0.0
ENSG00000287222,0.0
ENSG00000255343,0.0
ENSG00000285599,0.0
ENSG00000288096,0.0
ENSG00000255182,0.0
ENSG00000286681,0.0
ENSG00000287480,0.0
ENSG00000228115,0.0
ENSG00000286684,0.0
ENSG00000287465,0.0
ENSG00000286670,0.0
ENSG00000230001,0.0
ENSG00000287759,0.0
ENSG00000286162,0.0
ENSG00000224972,0.0
ENSG00000285688,0.0
ENSG00000288042,0.0
ENSG00000235389,0.0
ENSG00000286474,0.0
ENSG00000285784,0.0
ENSG00000285637,0.0
ENSG00000234740,0.0
ENSG00000286500,0.0
ENSG00000285911,0.0
ENSG00000260912,0.0
ENSG00000286685,0.0
MIR31HG,0.0
ENSG00000266446,0.0
ENSG00000287696,0.0
ENSG00000287318,0.0
ENSG00000287355,0.0
EMICERI,0.0
ENSG00000260412,0.0
ENSG00000287551,0.0
ENSG00000287038,0.0
ENSG00000286322,0.0
ENSG00000287063,0.0
ENSG00000287495,0.0
ENSG00000286782,0.0
ENSG00000287287,0.0
ENSG00000287986,0.0
ENSG00000287514,0.0
ENSG00000287838,0.0
ENSG00000276412,0.0
ENSG00000275297,0.0
FAM27C,0.0
ENSG00000285580,0.0
ENSG00000287329,0.0
FAM27E3,0.0
ENSG00000275493,0.0
ENSG00000229019,0.0
ENSG00000243888,0.0
ENSG00000274421,0.0
ENSG00000286823,0.0
ENSG00000286840,0.0
ENSG00000286944,0.0
ENSG00000229587,0.0
ENSG00000286332,0.0
ENSG00000286612,0.0
ENSG00000286451,0.0
ENSG00000285987,0.0
ENSG00000285556,0.0
ENSG00000287930,0.0
ENSG00000285634,0.0
ENSG00000287333,0.0
LINC02834,0.0
ENSG00000286842,0.0
DAPK1-IT1,0.0
LINC03026,0.0
ENSG00000287769,0.0
ENSG00000286414,0.0
ENSG00000224945,0.0
ENSG00000285907,0.0
ENSG00000287212,0.0
ENSG00000285650,0.0
ENSG00000288062,0.0
ENSG00000286834,0.0
ENSG00000286850,0.0
ENSG00000288023,0.0
ENSG00000230815,0.0
ENSG00000236095,0.0
ENSG00000285807,0.0
ENSG00000287187,0.0
ENSG00000286835,0.0
ENSG00000287302,0.0
ENSG00000286375,0.0
ENSG00000287070,0.0
ENSG00000285706,0.0
ENSG00000287955,0.0
ENSG00000286536,0.0
ENSG00000287233,0.0
LINC02977,0.0
ENSG00000285820,0.0
ENSG00000269970,0.0
ENSG00000261094,0.0
ENSG00000286718,0.0
MIR600HG,0.0
ENSG00000231227,0.0
ENSG00000227200,0.0
ENSG00000287782,0.0
PBX3-DT,0.0
ENSG00000238010,0.0
ENSG00000286428,0.0
ENSG00000271833,0.0
ENSG00000286196,0.0
ENSG00000273186,0.0
ENSG00000280474,0.0
ENSG00000287234,0.0
LINC00963,0.0
ENSG00000286078,0.0
ENSG00000286547,0.0
ENSG00000224992,0.0
ENSG00000286502,0.0
ENSG00000260190,0.0
ENSG00000260996,0.0
ENSG00000288234,0.0
ENSG00000205740,0.0
ENSG00000287043,0.0
ENSG00000282390,0.0
ENSG00000233052,0.0
ENSG00000287653,0.0
ENSG00000286858,0.0
ENSG00000287560,0.0
ENSG00000287428,0.0
ENSG00000286610,0.0
ENSG00000287175,0.0
ENSG00000287246,0.0
ENSG00000287023,0.0
AKR1C8,0.0
ENSG00000287848,0.0
ENSG00000287566,0.0
ENSG00000287235,0.0
PRKCQ-AS1,0.0
ENSG00000287277,0.0
ENSG00000287120,0.0
ENSG00000287309,0.0
LINC00710,0.0
ENSG00000285994,0.0
ENSG00000285520,0.0
ENSG00000286514,0.0
ENSG00000285671,0.0
ENSG00000287925,0.0
ENSG00000225213,0.0
ENSG00000286958,0.0
ENSG00000235020,0.0
ENSG00000285852,0.0
ENSG00000287613,0.0
ENSG00000286881,0.0
ENSG00000279623,0.0
ENSG00000286832,0.0
ENSG00000233451,0.0
ENSG00000286810,0.0
ENSG00000286924,0.0
ENSG00000287124,0.0
ENSG00000286442,0.0
ENSG00000286951,0.0
ENSG00000285750,0.0
LINC02680,0.0
ENSG00000286413,0.0
LINC01517,0.0
ENSG00000287402,0.0
ENSG00000259994,0.0
ENSG00000285824,0.0
ENSG00000287420,0.0
ENSG00000285630,0.0
ENSG00000272914,0.0
ENSG00000286694,0.0
ENSG00000286409,0.0
ENSG00000287278,0.0
ENSG00000269952,0.0
ENSG00000287945,0.0
ENSG00000287528,0.0
ENSG00000285884,0.0
ENSG00000285712,0.0
ENSG00000287852,0.0
ENSG00000287901,0.0
ENSG00000287173,0.0
FAM245B,0.0
ENSG00000285786,0.0
ARHGAP22-IT1,0.0
ENSG00000251413,0.0
ENSG00000286993,0.0
ENSG00000228403,0.0
ENSG00000241577,0.0
ENSG00000233665,0.0
ENSG00000285803,0.0
ENSG00000286401,0.0
ENSG00000287221,0.0
ENSG00000229711,0.0
ENSG00000235279,0.0
ENSG00000285958,0.0
ENSG00000236958,0.0
ENSG00000236744,0.0
ENSG00000287016,0.0
ENSG00000287969,0.0
ENSG00000288052,0.0
ENSG00000288011,0.0
LINC02929,0.0
ENSG00000286373,0.0
ENSG00000260400,0.0
ENSG00000285871,0.0
ENSG00000287306,0.0
ENSG00000282915,0.0
ENSG00000272627,0.0
PPP3CB-AS1,0.0
ENSG00000225761,0.0
ENSG00000285810,0.0
ENSG00000286715,0.0
ENSG00000268659,0.0
ENSG00000228280,0.0
DLG5-AS1,0.0
ENSG00000288090,0.0
ENSG00000272489,0.0
ENSG00000283913,0.0
ENSG00000287358,0.0
ENSG00000285739,0.0
NRG3-AS1,0.0
ENSG00000286876,0.0
CERNA2,0.0
ENSG00000287057,0.0
ENSG00000287475,0.0
ENSG00000286359,0.0
ADIRF-AS1,0.0
ENSG00000237280,0.0
ENSG00000287077,0.0
ENSG00000286445,0.0
ENSG00000286116,0.0
ENSG00000287150,0.0
ENSG00000286981,0.0
ENSG00000286795,0.0
ENSG00000280660,0.0
ENSG00000244332,0.0
ENSG00000240527,0.0
ENSG00000287009,0.0
ENSG00000286683,0.0
HPS1-AS1,0.0
LBX1-AS1,0.0
ENSG00000286489,0.0
C10orf95-AS1,0.0
ENSG00000286575,0.0
ENSG00000226431,0.0
ENSG00000287419,0.0
ENSG00000287732,0.0
ENSG00000286609,0.0
ENSG00000287047,0.0
ADD3-AS1,0.0
ENSG00000287231,0.0
ENSG00000285676,0.0
ENSG00000260917,0.0
LINC02935,0.0
ENSG00000286289,0.0
ENSG00000287857,0.0
ENSG00000285540,0.0
ENSG00000285582,0.0
ENSG00000285587,0.0
ENSG00000287655,0.0
ENSG00000288172,0.0
LINC02944,0.0
ENSG00000277687,0.0
GRK5-IT1,0.0
LINC02930,0.0
ENSG00000287936,0.0
ENSG00000285715,0.0
ENSG00000285973,0.0
ENSG00000285955,0.0
SPADH,0.0
ENSG00000286344,0.0
ENSG00000287768,0.0
ENSG00000271434,0.0
ENSG00000249456,0.0
ENSG00000228021,0.0
ENSG00000287609,0.0
ENSG00000287326,0.0
ENSG00000227076,0.0
ENSG00000287427,0.0
ENSG00000285615,0.0
ENSG00000287466,0.0
EBF3-AS1,0.0
ENSG00000285529,0.0
ENSG00000286295,0.0
ENSG00000286789,0.0
ENSG00000288107,0.0
ENSG00000287327,0.0
ENSG00000288033,0.0
PANO1,0.0
ENSG00000286275,0.0
ENSG00000287935,0.0
LINC02689,0.0
ENSG00000285581,0.0
ENSG00000229512,0.0
ENSG00000287484,0.0
ENSG00000249086,0.0
H19,0.0
ENSG00000240801,0.0
ENSG00000285644,0.0
ENSG00000287312,0.0
ENSG00000229368,0.0
OR51C1P,0.0
ENSG00000254444,0.0
ENSG00000254641,0.0
ENSG00000275612,0.0
ENSG00000276668,0.0
ENSG00000254951,0.0
TUB-AS1,0.0
ENSG00000286935,0.0
ENSG00000255097,0.0
ENSG00000286561,0.0
ENSG00000286959,0.0
ENSG00000254983,0.0
ENSG00000286521,0.0
ENSG00000255067,0.0
ENSG00000287548,0.0
FAR1-IT1,0.0
ENSG00000286960,0.0
ENSG00000285545,0.0
ENSG00000287898,0.0
ENSG00000285562,0.0
ENSG00000256006,0.0
ENSG00000256588,0.0
ENSG00000286998,0.0
NAV2-IT1,0.0
ENSG00000286382,0.0
ENSG00000287962,0.0
ENSG00000287227,0.0
ENSG00000255496,0.0
ENSG00000287373,0.0
ENSG00000254627,0.0
ENSG00000286626,0.0
ENSG00000251194,0.0
ENSG00000285705,0.0
ENSG00000285740,0.0
ENSG00000255256,0.0
ENSG00000255186,0.0
ENSG00000285751,0.0
ENSG00000254577,0.0
ENSG00000283341,0.0
ENSG00000254409,0.0
ENSG00000255165,0.0
ENSG00000287984,0.0
ENSG00000286418,0.0
ENSG00000254746,0.0
ENSG00000254519,0.0
ENSG00000285658,0.0
ENSG00000286450,0.0
ENSG00000270060,0.0
ENSG00000270072,0.0
TRIM51G,0.0
ENSG00000287538,0.0
ENSG00000286983,0.0
MIR130AHG,0.0
ENSG00000285895,0.0
ENSG00000287264,0.0
PATL1-DT,0.0
ENSG00000269463,0.0
SNHG1,0.0
ENSG00000287412,0.0
ENSG00000286264,0.0
ENSG00000286816,0.0
ENSG00000287821,0.0
ENSG00000287917,0.0
ENSG00000286756,0.0
ZNRD2-DT,0.0
RELA-DT,0.0
ENSG00000286459,0.0
ENSG00000254510,0.0
ENSG00000286688,0.0
ENSG00000287934,0.0
ENSG00000287851,0.0
ENSG00000286369,0.0
ENSG00000261625,0.0
ENSG00000255143,0.0
ENSG00000254484,0.0
ENSG00000227726,0.0
ENSG00000286708,0.0
ENSG00000286948,0.0
ALG1L9P,0.0
ENSG00000285864,0.0
ENSG00000286555,0.0
ENSG00000285693,0.0
ENSG00000260401,0.0
ENSG00000287425,0.0
ENSG00000255440,0.0
ENSG00000286943,0.0
ENSG00000254460,0.0
ENSG00000255434,0.0
ENSG00000254630,0.0
ENSG00000254826,0.0
ENSG00000255081,0.0
ENSG00000261578,0.0
RSF1-IT2,0.0
RSF1-IT1,0.0
ENSG00000285568,0.0
ENSG00000287912,0.0
ENSG00000254698,0.0
ENSG00000254676,0.0
ANKRD42-DT,0.0
ENSG00000285835,0.0
ENSG00000288018,0.0
ENSG00000286665,0.0
DISC1FP1,0.0
ENSG00000285842,0.0
ENSG00000285921,0.0
PGR-AS1,0.0
ENSG00000260966,0.0
ENSG00000285878,0.0
ENSG00000285813,0.0
ENSG00000286345,0.0
ENSG00000287802,0.0
ENSG00000288012,0.0
ENSG00000285696,0.0
ENSG00000287245,0.0
ENSG00000287556,0.0
ENSG00000287028,0.0
ENSG00000288097,0.0
ENSG00000255428,0.0
MIR34BHG,0.0
ALG9-IT1,0.0
ENSG00000255334,0.0
ENSG00000287006,0.0
ENSG00000288070,0.0
ENSG00000270179,0.0
ENSG00000286463,0.0
ENSG00000287897,0.0
CADM1-AS1,0.0
ENSG00000288020,0.0
ENSG00000276505,0.0
ENSG00000269944,0.0
ENSG00000287238,0.0
THY1-AS1,0.0
ENSG00000287545,0.0
ENSG00000288047,0.0
ENSG00000286992,0.0
ENSG00000286731,0.0
ENSG00000286044,0.0
ENSG00000286023,0.0
ENSG00000286497,0.0
MIR100HG,0.0
ENSG00000286341,0.0
ENSG00000285909,0.0
ENSG00000288061,0.0
ENSG00000285561,0.0
CCDC15-DT,0.0
ENSG00000259290,0.0
ENSG00000287666,0.0
ENSG00000287426,0.0
ENSG00000288013,0.0
ENSG00000285980,0.0
NTM-IT,0.0
OPCML-IT2,0.0
OPCML-IT1,0.0
ENSG00000287068,0.0
B3GAT1-DT,0.0
ENSG00000285640,0.0
ENSG00000287251,0.0
LINC02717,0.0
ENSG00000255746,0.0
ENSG00000261799,0.0
ENSG00000256020,0.0
ENSG00000285704,0.0
ENSG00000267285,0.0
ENSG00000285627,0.0
ENSG00000287698,0.0
CACNA1C-IT1,0.0
CACNA1C-IT3,0.0
ENSG00000285555,0.0
ENSG00000285734,0.0
ENSG00000278356,0.0
TSPAN9-IT1,0.0
ENSG00000275850,0.0
THCAT155,0.0
ENSG00000256381,0.0
ENSG00000255608,0.0
ENSG00000286866,0.0
ENSG00000287835,0.0
ENSG00000285523,0.0
CD27-AS1,0.0
ENSG00000276232,0.0
ENSG00000285770,0.0
ENSG00000287713,0.0
ENSG00000288043,0.0
LINC00612,0.0
ENSG00000284634,0.0
ENSG00000257027,0.0
ENSG00000256712,0.0
ENSG00000255790,0.0
ENSG00000286869,0.0
ENSG00000256306,0.0
ENSG00000287928,0.0
ENSG00000261324,0.0
ENSG00000286107,0.0
RERG-IT1,0.0
ENSG00000286303,0.0
ENSG00000287455,0.0
ENSG00000285724,0.0
ENSG00000253284,0.0
ENSG00000287074,0.0
ENSG00000287075,0.0
ENSG00000275567,0.0
ENSG00000274624,0.0
ENSG00000257009,0.0
ENSG00000286752,0.0
ENSG00000256185,0.0
ENSG00000273989,0.0
ENSG00000286566,0.0
ENSG00000285870,0.0
LINC00941,0.0
ENSG00000275097,0.0
ENSG00000275769,0.0
ENSG00000277342,0.0
ENSG00000274964,0.0
ENSG00000276115,0.0
ENSG00000274105,0.0
ENSG00000275854,0.0
ENSG00000286950,0.0
ENSG00000274976,0.0
ENSG00000259937,0.0
ENSG00000273853,0.0
ENSG00000287442,0.0
ENSG00000286576,0.0
ENSG00000285732,0.0
ENSG00000274682,0.0
ENSG00000286591,0.0
ENSG00000274943,0.0
ENSG00000258068,0.0
ENSG00000286671,0.0
ENSG00000278351,0.0
ENSG00000278475,0.0
ENSG00000274591,0.0
PCED1B-AS1,0.0
ENSG00000276390,0.0
ENSG00000277173,0.0
ENSG00000274737,0.0
ENSG00000287537,0.0
ENSG00000257298,0.0
ENSG00000278126,0.0
ENSG00000287051,0.0
ENSG00000257475,0.0
PCBP2-OT1,0.0
ENSG00000285692,0.0
ENSG00000286069,0.0
HOXC-AS3,0.0
HOXC-AS2,0.0
ENSG00000258344,0.0
ENSG00000257509,0.0
ENSG00000273973,0.0
ENSG00000258199,0.0
ENSG00000287715,0.0
ENSG00000287200,0.0
ENSG00000286279,0.0
ENSG00000287014,0.0
ENSG00000286402,0.0
ENSG00000257880,0.0
ENSG00000256571,0.0
ENSG00000287618,0.0
ENSG00000225195,0.0
ENSG00000286682,0.0
ENSG00000276853,0.0
ENSG00000250280,0.0
ENSG00000277945,0.0
ENSG00000286563,0.0
ENSG00000287132,0.0
ENSG00000277223,0.0
TRHDE-AS1,0.0
ENSG00000258294,0.0
ENSG00000273987,0.0
ENSG00000286259,0.0
ENSG00000287030,0.0
ENSG00000286476,0.0
ENSG00000277130,0.0
ENSG00000286043,0.0
ENSG00000286608,0.0
LINC02822,0.0
ENSG00000288102,0.0
ENSG00000286049,0.0
LINC01619,0.0
ENSG00000286907,0.0
ENSG00000287714,0.0
SOCS2-AS1,0.0
ENSG00000258303,0.0
ENSG00000287237,0.0
ENSG00000287454,0.0
ENSG00000286434,0.0
RMST,0.0
ENSG00000286056,0.0
ENSG00000287675,0.0
HELLPAR,0.0
ENSG00000282964,0.0
ENSG00000288092,0.0
ENSG00000286197,0.0
ENSG00000286258,0.0
ENSG00000286410,0.0
ENSG00000286903,0.0
ENSG00000286520,0.0
ENSG00000258355,0.0
ENSG00000287957,0.0
ENSG00000286678,0.0
ENSG00000287202,0.0
ENSG00000274598,0.0
ENSG00000256139,0.0
ENSG00000277595,0.0
ENSG00000277566,0.0
ENSG00000287229,0.0
ENSG00000287982,0.0
ENSG00000286991,0.0
ENSG00000258337,0.0
ENSG00000286354,0.0
LINC00173,0.0
ENSG00000277840,0.0
ENSG00000286233,0.0
ENSG00000286067,0.0
ENSG00000286493,0.0
HNF1A-AS1,0.0
ENSG00000286248,0.0
ENSG00000286586,0.0
ENSG00000287493,0.0
LINC02985,0.0
ENSG00000274427,0.0
ENSG00000278112,0.0
ENSG00000286092,0.0
ENSG00000270130,0.0
ENSG00000270048,0.0
ENSG00000269997,0.0
ENSG00000269938,0.0
ENSG00000270061,0.0
ENSG00000270095,0.0
ENSG00000287242,0.0
ENSG00000287240,0.0
ENSG00000286209,0.0
ENSG00000286386,0.0
ENSG00000286791,0.0
ENSG00000287339,0.0
ENSG00000287365,0.0
ENSG00000287112,0.0
ENSG00000286922,0.0
ENSG00000286662,0.0
ENSG00000287311,0.0
ENSG00000257025,0.0
ENSG00000286246,0.0
ENSG00000286394,0.0
FZD10-AS1,0.0
ENSG00000287792,0.0
ENSG00000287136,0.0
ENSG00000287639,0.0
ENSG00000273568,0.0
ENSG00000286008,0.0
ENSG00000287861,0.0
ENSG00000275485,0.0
ZDHHC20-IT1,0.0
ENSG00000287357,0.0
ENSG00000287530,0.0
ENSG00000288103,0.0
ENSG00000287376,0.0
ENSG00000285806,0.0
ENSG00000287887,0.0
ENSG00000285929,0.0
ENSG00000285935,0.0
ENSG00000285773,0.0
ENSG00000285840,0.0
ENSG00000286286,0.0
ENSG00000287904,0.0
N4BP2L2-IT2,0.0
STARD13-IT1,0.0
STARD13-AS,0.0
ENSG00000287274,0.0
ENSG00000285621,0.0
ENSG00000277386,0.0
ENSG00000286779,0.0
ENSG00000276672,0.0
ENSG00000287650,0.0
SMAD9-IT1,0.0
ENSG00000287477,0.0
ENSG00000277662,0.0
ENSG00000287842,0.0
ENSG00000287029,0.0
ENSG00000274001,0.0
ENSG00000287863,0.0
ENSG00000278462,0.0
ENSG00000287456,0.0
ENSG00000287599,0.0
ENSG00000274929,0.0
ENSG00000274270,0.0
ENSG00000286191,0.0
ENSG00000287722,0.0
ENSG00000287247,0.0
ENSG00000287460,0.0
ENSG00000286537,0.0
ENSG00000286709,0.0
ENSG00000288015,0.0
ENSG00000286469,0.0
ENSG00000287996,0.0
ENSG00000287128,0.0
ENSG00000285566,0.0
ENSG00000286395,0.0
ENSG00000285588,0.0
ENSG00000287876,0.0
ENSG00000286820,0.0
ENSG00000288330,0.0
ENSG00000279463,0.0
ENSG00000228444,0.0
ENSG00000285572,0.0
ENSG00000287018,0.0
MYCBP2-AS2,0.0
ENSG00000285714,0.0
ENSG00000287270,0.0
ENSG00000285902,0.0
ENSG00000284196,0.0
ENSG00000285684,0.0
ENSG00000286746,0.0
ENSG00000286385,0.0
ENSG00000286446,0.0
ENSG00000285680,0.0
ENSG00000286284,0.0
ENSG00000285742,0.0
ENSG00000288016,0.0
ENSG00000288038,0.0
ENSG00000285834,0.0
ENSG00000287880,0.0
ENSG00000285699,0.0
ENSG00000285811,0.0
ENSG00000286422,0.0
MIR17HG,0.0
ENSG00000282997,0.0
GPC5-IT1,0.0
ENSG00000287159,0.0
ENSG00000288001,0.0
ENSG00000286843,0.0
ENSG00000287635,0.0
ENSG00000276809,0.0
ENSG00000286334,0.0
ENSG00000286416,0.0
ENSG00000276573,0.0
ENSG00000276704,0.0
ENSG00000286544,0.0
ENSG00000269189,0.0
LINC01232,0.0
ENSG00000287746,0.0
ENSG00000286757,0.0
ENSG00000288060,0.0
ENSG00000287330,0.0
ENSG00000224356,0.0
FGF14-IT1,0.0
ENSG00000286312,0.0
ENSG00000285789,0.0
ENSG00000287734,0.0
ENSG00000286929,0.0
LINC00343,0.0
ENSG00000287923,0.0
ENSG00000286780,0.0
ENSG00000274204,0.0
ENSG00000287546,0.0
ENSG00000285643,0.0
ENSG00000276740,0.0
NALF1-IT1,0.0
ENSG00000286343,0.0
ENSG00000277246,0.0
ENSG00000285534,0.0
ENSG00000287575,0.0
ANKRD10-IT1,0.0
ARHGEF7-IT1,0.0
ENSG00000285856,0.0
ENSG00000277545,0.0
ENSG00000269356,0.0
ENSG00000269376,0.0
ENSG00000276434,0.0
ENSG00000276916,0.0
ENSG00000276248,0.0
RASA3-IT1,0.0
ENSG00000285672,0.0
ENSG00000287735,0.0
LINC00641,0.0
TRD-AS1,0.0
OXA1L-DT,0.0
ZFHX2-AS1,0.0
ENSG00000258464,0.0
ENSG00000285727,0.0
ENSG00000287765,0.0
ENSG00000278784,0.0
ENSG00000288044,0.0
ENSG00000288100,0.0
ENSG00000287481,0.0
ENSG00000285633,0.0
ENSG00000262119,0.0
ENSG00000286479,0.0
ENSG00000257522,0.0
ENSG00000286040,0.0
ENSG00000287142,0.0
ENSG00000285608,0.0
ENSG00000286527,0.0
ENSG00000287153,0.0
ENSG00000287777,0.0
ENSG00000283098,0.0
ENSG00000258827,0.0
ENSG00000285830,0.0
ENSG00000286123,0.0
ENSG00000286099,0.0
ENSG00000258394,0.0
ENSG00000286464,0.0
ENSG00000286595,0.0
ENSG00000258450,0.0
ENSG00000269906,0.0
ENSG00000270062,0.0
ENSG00000285747,0.0
ENSG00000287990,0.0
ENSG00000258535,0.0
ENSG00000285664,0.0
ENSG00000288045,0.0
ENSG00000286730,0.0
ENSG00000287156,0.0
SAMD4A-AS1,0.0
ENSG00000259868,0.0
ENSG00000286257,0.0
ENSG00000286355,0.0
ENSG00000259969,0.0
ENSG00000258682,0.0
ENSG00000277651,0.0
ENSG00000287833,0.0
ENSG00000286319,0.0
ENSG00000286861,0.0
ENSG00000287385,0.0
ENSG00000287167,0.0
ENSG00000287913,0.0
ENSG00000286424,0.0
ENSG00000287310,0.0
ENSG00000273797,0.0
ENSG00000287643,0.0
ENSG00000286423,0.0
ENSG00000285612,0.0
ENSG00000285518,0.0
ENSG00000286333,0.0
ENSG00000285936,0.0
ENSG00000251393,0.0
ENSG00000258443,0.0
ENSG00000270140,0.0
ENSG00000258559,0.0
ENSG00000258454,0.0
ENSG00000286437,0.0
ENSG00000285966,0.0
ENSG00000287004,0.0
ENSG00000258419,0.0
ENSG00000287118,0.0
ENSG00000286686,0.0
ENSG00000285826,0.0
ENSG00000286582,0.0
ENSG00000278576,0.0
ENSG00000287437,0.0
ENSG00000287663,0.0
ENSG00000258875,0.0
ENSG00000286607,0.0
ENSG00000260711,0.0
ENSG00000286630,0.0
ENSG00000278396,0.0
ENSG00000287668,0.0
ENSG00000288028,0.0
ENSG00000285205,0.0
ENSG00000259143,0.0
TCL6,0.0
ENSG00000258412,0.0
ENSG00000287772,0.0
ENSG00000288034,0.0
ENSG00000287501,0.0
ENSG00000287991,0.0
ENSG00000258904,0.0
ENSG00000259052,0.0
ENSG00000258620,0.0
ENSG00000258576,0.0
ENSG00000288302,0.0
ENSG00000286551,0.0
ENSG00000288252,0.0
ENSG00000288245,0.0
ENSG00000270108,0.0
ENSG00000269940,0.0
ENSG00000269958,0.0
ENSG00000288459,0.0
ENSG00000286636,0.0
ENSG00000287459,0.0
ENSG00000287122,0.0
ENSG00000287345,0.0
ENSG00000274253,0.0
ENSG00000286598,0.0
ENSG00000286973,0.0
ENSG00000287888,0.0
ENSG00000280118,0.0
SNHG14,0.0
ENSG00000287482,0.0
ENSG00000261529,0.0
ENSG00000286884,0.0
ENSG00000287280,0.0
ENSG00000278840,0.0
ENSG00000261426,0.0
ENSG00000259152,0.0
ENSG00000287922,0.0
ENSG00000287894,0.0
ENSG00000259690,0.0
ENSG00000287334,0.0
ENSG00000259644,0.0
ENSG00000285948,0.0
ENSG00000278472,0.0
ENSG00000287840,0.0
ENSG00000287973,0.0
ENSG00000259280,0.0
ENSG00000286786,0.0
THBS1-IT1,0.0
ENSG00000259432,0.0
ENSG00000273786,0.0
ENSG00000260648,0.0
PAK6-AS1,0.0
ENSG00000273855,0.0
ENSG00000259254,0.0
RAD51-AS1,0.0
ENSG00000280036,0.0
OIP5-AS1,0.0
ENSG00000259396,0.0
ENSG00000278493,0.0
ENSG00000286877,0.0
ENSG00000275601,0.0
ENSG00000259659,0.0
ENSG00000259539,0.0
ENSG00000259932,0.0
ENSG00000260035,0.0
ENSG00000285597,0.0
ENSG00000287020,0.0
ENSG00000285934,0.0
ENSG00000287704,0.0
ENSG00000259554,0.0
ENSG00000259740,0.0
ENSG00000287439,0.0
ENSG00000286947,0.0
ENSG00000274654,0.0
ENSG00000259700,0.0
ENSG00000276593,0.0
GABPB1-IT1,0.0
ENSG00000259204,0.0
ENSG00000259701,0.0
ENSG00000259194,0.0
ENSG00000259377,0.0
ENSG00000274954,0.0
ENSG00000274528,0.0
ENSG00000259398,0.0
ENSG00000259935,0.0
ENSG00000287500,0.0
ENSG00000287596,0.0
ENSG00000279145,0.0
ENSG00000276533,0.0
ENSG00000274765,0.0
ENSG00000277548,0.0
ENSG00000285805,0.0
ENSG00000275417,0.0
ENSG00000274667,0.0
TCF12-DT,0.0
ENSG00000275343,0.0
ENSG00000274719,0.0
ENSG00000277229,0.0
ENSG00000277790,0.0
ENSG00000259476,0.0
ENSG00000286897,0.0
ENSG00000259402,0.0
ENSG00000259732,0.0
ENSG00000259771,0.0
ENSG00000259735,0.0
ENSG00000227161,0.0
ENSG00000286495,0.0
ENSG00000287915,0.0
ENSG00000286457,0.0
ENSG00000287508,0.0
ENSG00000273792,0.0
ENSG00000285863,0.0
ENSG00000259682,0.0
ENSG00000287494,0.0
ENSG00000261544,0.0
ENSG00000274995,0.0
ENSG00000259410,0.0
ENSG00000286770,0.0
ENSG00000285919,0.0
ENSG00000288068,0.0
ENSG00000259645,0.0
ENSG00000287741,0.0
ENSG00000274297,0.0
ENSG00000259744,0.0
ENSG00000260586,0.0
ENSG00000260534,0.0
ENSG00000285729,0.0
NPTN-IT1,0.0
ENSG00000287543,0.0
ENSG00000261384,0.0
ENSG00000286696,0.0
ENSG00000287926,0.0
ENSG00000276744,0.0
ENSG00000260288,0.0
ENSG00000287503,0.0
ENSG00000269951,0.0
ENSG00000272418,0.0
ENSG00000287408,0.0
ENSG00000286813,0.0
ENSG00000278600,0.0
ENSG00000287813,0.0
ENSG00000287108,0.0
ENSG00000271725,0.0
ENSG00000286488,0.0
ENSG00000287872,0.0
ENSG00000285974,0.0
ENSG00000259767,0.0
ENSG00000286872,0.0
ENSG00000274128,0.0
ENSG00000285667,0.0
ENSG00000259415,0.0
ENSG00000286505,0.0
ENSG00000259453,0.0
ENSG00000259636,0.0
ENSG00000287391,0.0
ENSG00000287717,0.0
ENSG00000259713,0.0
ENSG00000259561,0.0
ENSG00000273691,0.0
ENSG00000285560,0.0
LINC01585,0.0
ENSG00000287061,0.0
ENSG00000259704,0.0
ENSG00000285661,0.0
ENSG00000285883,0.0
ENSG00000258676,0.0
ENSG00000260337,0.0
ENSG00000260361,0.0
ENSG00000258922,0.0
CHASERR,0.0
ENSG00000285663,0.0
ENSG00000287950,0.0
LINC02852,0.0
ENSG00000286917,0.0
ENSG00000285700,0.0
ENSG00000287267,0.0
ENSG00000287321,0.0
ENSG00000287000,0.0
ENSG00000278022,0.0
ENSG00000287191,0.0
ENSG00000259921,0.0
ENSG00000286893,0.0
ENSG00000287892,0.0
ENSG00000274139,0.0
LINC02348,0.0
ENSG00000261659,0.0
ENSG00000287855,0.0
ENSG00000260316,0.0
ENSG00000276931,0.0
SSTR5-AS1,0.0
ENSG00000261430,0.0
ENSG00000260954,0.0
ENSG00000275092,0.0
ENSG00000260541,0.0
PKD1-AS1,0.0
ENSG00000261123,0.0
ENSG00000285970,0.0
ENSG00000260293,0.0
ENSG00000261288,0.0
ERVK13-1,0.0
GREP1,0.0
ENSG00000262362,0.0
ENSG00000263011,0.0
ENSG00000263235,0.0
LINC02861,0.0
ENSG00000262712,0.0
ENSG00000277170,0.0
ENSG00000277440,0.0
ENSG00000278434,0.0
ENSG00000275056,0.0
ENSG00000285567,0.0
ENSG00000257180,0.0
ENSG00000286635,0.0
ENSG00000260835,0.0
ENSG00000287340,0.0
ENSG00000287522,0.0
ENSG00000263244,0.0
ENSG00000287830,0.0
ENSG00000285543,0.0
ENSG00000260310,0.0
ENSG00000274038,0.0
ENSG00000287121,0.0
ENSG00000287429,0.0
ENSG00000261560,0.0
ENSG00000260723,0.0
ENSG00000260601,0.0
ENSG00000262380,0.0
ENSG00000287905,0.0
ENSG00000286849,0.0
ENSG00000275927,0.0
ENSG00000285850,0.0
ENSG00000286790,0.0
ENSG00000259871,0.0
LINC02858,0.0
ENSG00000287809,0.0
ENSG00000261596,0.0
ENSG00000287739,0.0
ENSG00000286808,0.0
ENSG00000260566,0.0
ENSG00000285613,0.0
ENSG00000259782,0.0
ENSG00000260751,0.0
ENSG00000260482,0.0
ENSG00000275494,0.0
ENSG00000285882,0.0
ENSG00000286712,0.0
ENSG00000261736,0.0
ENSG00000273553,0.0
ENSG00000262721,0.0
ENSG00000262766,0.0
ENSG00000278133,0.0
ENSG00000260757,0.0
ENSG00000259810,0.0
ENSG00000286473,0.0
ENSG00000288300,0.0
ENSG00000287163,0.0
ENSG00000287448,0.0
ENSG00000261131,0.0
ENSG00000262038,0.0
ENSG00000288026,0.0
ENSG00000261538,0.0
ENSG00000261802,0.0
ENSG00000287469,0.0
ENSG00000275155,0.0
ENSG00000287444,0.0
ENSG00000270120,0.0
ENSG00000287718,0.0
ENSG00000287256,0.0
ENSG00000285800,0.0
ENSG00000261291,0.0
ENSG00000259926,0.0
ENSG00000287909,0.0
ENSG00000275191,0.0
ENSG00000287885,0.0
ENSG00000286845,0.0
ENSG00000286357,0.0
ENSG00000285775,0.0
ENSG00000287866,0.0
ENSG00000260198,0.0
ENSG00000261270,0.0
ENSG00000261114,0.0
ENSG00000285979,0.0
ENSG00000260038,0.0
ENSG00000286653,0.0
ENSG00000260600,0.0
ENSG00000286928,0.0
ENSG00000287965,0.0
ENSG00000270165,0.0
ENSG00000262514,0.0
ENSG00000263276,0.0
ENSG00000261469,0.0
ENSG00000259797,0.0
ENSG00000287760,0.0
ENSG00000266801,0.0
DERPC,0.0
ENSG00000265113,0.0
ENSG00000260108,0.0
ENSG00000274093,0.0
ENSG00000260772,0.0
DDX19A-DT,0.0
ENSG00000285710,0.0
ENSG00000260015,0.0
ENSG00000261765,0.0
ENSG00000272330,0.0
ENSG00000259999,0.0
ENSG00000261783,0.0
ENSG00000261476,0.0
ENSG00000286841,0.0
ENSG00000285538,0.0
ENSG00000276007,0.0
ENSG00000287106,0.0
ENSG00000261837,0.0
ENSG00000286894,0.0
ENSG00000260816,0.0
ENSG00000261537,0.0
ENSG00000260479,0.0
ENSG00000285918,0.0
ENSG00000260064,0.0
ENSG00000261061,0.0
ENSG00000286759,0.0
ENSG00000260862,0.0
ENSG00000286528,0.0
ENSG00000285792,0.0
ENSG00000274677,0.0
ENSG00000285848,0.0
ENSG00000260859,0.0
ENSG00000279622,0.0
ENSG00000287787,0.0
ENSG00000287946,0.0
ENSG00000275393,0.0
ENSG00000287125,0.0
ENSG00000286510,0.0
ENSG00000287010,0.0
ENSG00000287161,0.0
ENSG00000285527,0.0
ENSG00000261697,0.0
ENSG00000276337,0.0
ENSG00000260671,0.0
ENSG00000261226,0.0
ENSG00000261692,0.0
ENSG00000287351,0.0
RPH3AL-AS1,0.0
ENSG00000262869,0.0
ENSG00000287553,0.0
ENSG00000236457,0.0
ENSG00000263338,0.0
ENSG00000261916,0.0
ZNF232-AS1,0.0
ENSG00000286190,0.0
ENSG00000286356,0.0
ENSG00000262231,0.0
ENSG00000285593,0.0
ENSG00000271851,0.0
ENSG00000285541,0.0
ENSG00000286617,0.0
ENSG00000287462,0.0
COX10-DT,0.0
ENSG00000287307,0.0
SNHG29,0.0
ENSG00000286743,0.0
ENSG00000266803,0.0
FAM106C,0.0
ENSG00000287114,0.0
ENSG00000287910,0.0
ENSG00000286430,0.0
ENSG00000264167,0.0
FAM106A,0.0
FOXO3B,0.0
ENSG00000228157,0.0
ENSG00000266664,0.0
ENSG00000286799,0.0
ENSG00000287196,0.0
ENSG00000266126,0.0
ENSG00000266839,0.0
ENSG00000287671,0.0
ENSG00000285822,0.0
ENSG00000265801,0.0
ENSG00000286589,0.0
ENSG00000287721,0.0
ENSG00000277450,0.0
SPAG5-AS1,0.0
ENSG00000238007,0.0
ENSG00000264290,0.0
ENSG00000264007,0.0
ENSG00000265625,0.0
hsa-mir-423,0.0
ENSG00000231421,0.0
ENSG00000214719,0.0
ENSG00000265791,0.0
ENSG00000286194,0.0
ENSG00000264456,0.0
ENSG00000266371,0.0
ENSG00000287506,0.0
ENSG00000265222,0.0
ENSG00000263717,0.0
ENSG00000265337,0.0
ENSG00000264598,0.0
AA06,0.0
ENSG00000263485,0.0
ENSG00000265775,0.0
ENSG00000285559,0.0
ENSG00000267074,0.0
ENSG00000271392,0.0
ENSG00000270894,0.0
ENSG00000277911,0.0
ENSG00000277589,0.0
ENSG00000277579,0.0
ENSG00000276054,0.0
ENSG00000276170,0.0
ENSG00000286443,0.0
ENSG00000287644,0.0
ENSG00000287602,0.0
ENSG00000259623,0.0
ENSG00000236194,0.0
ENSG00000278829,0.0
ENSG00000267222,0.0
ENSG00000267632,0.0
ENSG00000287710,0.0
NBR2,0.0
ENSG00000283045,0.0
ENSG00000285668,0.0
MAPT-IT1,0.0
ENSG00000262879,0.0
ENSG00000262265,0.0
NFE2L1-DT,0.0
ENSG00000266222,0.0
ENSG00000257178,0.0
FLJ40194,0.0
ENSG00000250286,0.0
ENSG00000285829,0.0
TOB1-AS1,0.0
ENSG00000264895,0.0
ENSG00000285939,0.0
ENSG00000288036,0.0
ENSG00000283209,0.0
ENSG00000263120,0.0
ENSG00000285785,0.0
ENSG00000286732,0.0
ENSG00000285930,0.0
ENSG00000287337,0.0
ENSG00000286788,0.0
ENSG00000263938,0.0
ENSG00000287664,0.0
ENSG00000267248,0.0
ENSG00000286435,0.0
ENSG00000266934,0.0
ENSG00000285879,0.0
ENSG00000264546,0.0
ENSG00000287457,0.0
ENSG00000286629,0.0
ENSG00000229330,0.0
ENSG00000264754,0.0
ENSG00000288109,0.0
ENSG00000267009,0.0
ENSG00000285931,0.0
ENSG00000286387,0.0
SOX9-AS1,0.0
ENSG00000265010,0.0
ENSG00000288006,0.0
ENSG00000285648,0.0
ENSG00000265800,0.0
ENSG00000263786,0.0
ENSG00000264853,0.0
ENSG00000267543,0.0
ENSG00000272386,0.0
SNHG16,0.0
ENSG00000286750,0.0
ENSG00000287836,0.0
ENSG00000267568,0.0
SNHG20,0.0
ENSG00000287257,0.0
ENSG00000267263,0.0
DNAH17-AS1,0.0
ENSG00000287539,0.0
ENSG00000263278,0.0
ENSG00000262172,0.0
ENSG00000262979,0.0
ENSG00000287403,0.0
RENO1,0.0
ENSG00000287737,0.0
ENSG00000264812,0.0
HEXD-IT1,0.0
ENSG00000287193,0.0
NARF-IT1,0.0
ENSG00000262652,0.0
ENSG00000262410,0.0
ENSG00000265477,0.0
TYMSOS,0.0
ENSG00000263727,0.0
ENSG00000264635,0.0
ENSG00000265179,0.0
ENSG00000286975,0.0
ENSG00000266783,0.0
ENSG00000266513,0.0
ENSG00000285575,0.0
ENSG00000287834,0.0
ENSG00000286126,0.0
ENSG00000264596,0.0
ENSG00000286627,0.0
ENSG00000286649,0.0
ENSG00000273368,0.0
ENSG00000265413,0.0
ENSG00000272788,0.0
ENSG00000287719,0.0
ENSG00000286765,0.0
ENSG00000273284,0.0
ENSG00000287509,0.0
ENSG00000266805,0.0
LINC02856,0.0
ENSG00000285653,0.0
ENSG00000287065,0.0
ENSG00000287563,0.0
ENSG00000286812,0.0
ENSG00000267249,0.0
ENSG00000286926,0.0
ENSG00000267529,0.0
ENSG00000286593,0.0
ENSG00000287723,0.0
ENSG00000265948,0.0
ENSG00000264188,0.0
ENSG00000273232,0.0
ENSG00000265094,0.0
ENSG00000287611,0.0
ENSG00000285595,0.0
ENSG00000266237,0.0
ENSG00000277534,0.0
ENSG00000275805,0.0
ENSG00000286465,0.0
ENSG00000286426,0.0
ENSG00000274578,0.0
ENSG00000287803,0.0
ENSG00000286605,0.0
ENSG00000276282,0.0
ENSG00000274275,0.0
ENSG00000263904,0.0
ENSG00000287994,0.0
ENSG00000266965,0.0
ENSG00000274849,0.0
ENSG00000286890,0.0
ENSG00000285940,0.0
ENSG00000286716,0.0
ENSG00000286559,0.0
ENSG00000286844,0.0
ENSG00000286328,0.0
ENSG00000276174,0.0
ENSG00000287007,0.0
ENSG00000286976,0.0
ENSG00000287209,0.0
ENSG00000285550,0.0
ENSG00000266988,0.0
ENSG00000285790,0.0
ENSG00000267354,0.0
ENSG00000287943,0.0
ENSG00000266968,0.0
ENSG00000285993,0.0
ST8SIA5-DT,0.0
ELOA3BP,0.0
ENSG00000287673,0.0
ZBTB7C-AS1,0.0
ENSG00000263895,0.0
ENSG00000287518,0.0
ENSG00000263916,0.0
ENSG00000267196,0.0
ENSG00000277310,0.0
ENSG00000287381,0.0
ENSG00000286283,0.0
ENSG00000285695,0.0
WDR7-OT1,0.0
ENSG00000286777,0.0
ENSG00000267504,0.0
ENSG00000274354,0.0
ENSG00000285681,0.0
ENSG00000266900,0.0
ENSG00000267766,0.0
ENSG00000269989,0.0
ENSG00000286800,0.0
ENSG00000263720,0.0
ENSG00000287907,0.0
ENSG00000276092,0.0
ENSG00000273584,0.0
ENSG00000285748,0.0
ENSG00000287646,0.0
ENSG00000286642,0.0
ENSG00000287693,0.0
ENSG00000265579,0.0
LINC02864,0.0
LINC02582,0.0
ENSG00000287314,0.0
ENSG00000286529,0.0
ENSG00000287689,0.0
ENSG00000276934,0.0
ENSG00000285915,0.0
ENSG00000287281,0.0
ENSG00000287295,0.0
ENSG00000287993,0.0
ENSG00000263547,0.0
ENSG00000286090,0.0
ENSG00000287680,0.0
ENSG00000286727,0.0
ENSG00000287758,0.0
ENSG00000267655,0.0
ENSG00000286245,0.0
ENSG00000286186,0.0
LINC03101,0.0
ENSG00000267287,0.0
ENSG00000287879,0.0
ENSG00000278000,0.0
LINC01002,0.0
ENSG00000286667,0.0
ENSG00000275162,0.0
ENSG00000267244,0.0
ENSG00000267283,0.0
ENSG00000288156,0.0
ENSG00000286880,0.0
ENSG00000267412,0.0
ENSG00000267749,0.0
ENSG00000276097,0.0
ENSG00000286460,0.0
ENSG00000261342,0.0
ENSG00000287766,0.0
ENSG00000267138,0.0
ENSG00000268670,0.0
ENSG00000269444,0.0
ENSG00000276980,0.0
ENSG00000269139,0.0
ENSG00000286138,0.0
ENSG00000269400,0.0
ENSG00000283108,0.0
ENSG00000287275,0.0
ENSG00000287960,0.0
ZNF561-AS1,0.0
ENSG00000267197,0.0
ENSG00000267174,0.0
ENSG00000267576,0.0
ENSG00000266922,0.0
ENSG00000267274,0.0
ZNF433-AS1,0.0
ENSG00000269560,0.0
ENSG00000285583,0.0
ENSG00000287296,0.0
ENSG00000287254,0.0
ENSG00000267474,0.0
ENSG00000268189,0.0
LINC00661,0.0
LINC00905,0.0
ENSG00000287961,0.0
ENSG00000269578,0.0
ENSG00000269044,0.0
ENSG00000267904,0.0
ENSG00000269799,0.0
ENSG00000268743,0.0
ENSG00000269815,0.0
ENSG00000287533,0.0
ENSG00000267481,0.0
ENSG00000268119,0.0
ENSG00000286157,0.0
ENSG00000260599,0.0
ENSG00000284428,0.0
ENSG00000287399,0.0
ENSG00000269397,0.0
ENSG00000281468,0.0
ENSG00000288017,0.0
ENSG00000287272,0.0
VSTM2B-DT,0.0
ENSG00000286867,0.0
ENSG00000286538,0.0
ENSG00000287859,0.0
ENSG00000288072,0.0
ENSG00000286041,0.0
ENSG00000267054,0.0
ENSG00000273420,0.0
ENSG00000287526,0.0
ENSG00000268683,0.0
ENSG00000268947,0.0
ENSG00000269553,0.0
ENSG00000267672,0.0
ENSG00000286449,0.0
ENSG00000267682,0.0
ENSG00000287496,0.0
ENSG00000268051,0.0
ENSG00000269653,0.0
ENSG00000268499,0.0
ENSG00000286037,0.0
ENSG00000269688,0.0
ENSG00000287271,0.0
ENSG00000205041,0.0
ENSG00000269353,0.0
ENSG00000286177,0.0
ENSG00000277744,0.0
ENSG00000268987,0.0
LNROP,0.0
ENSG00000268605,0.0
ENSG00000286613,0.0
ENSG00000277806,0.0
ENSG00000278492,0.0
ENSG00000287035,0.0
EML2-AS1,0.0
ENSG00000259605,0.0
ENSG00000268460,0.0
ENSG00000286669,0.0
ENSG00000287896,0.0
ENSG00000287603,0.0
ENSG00000286024,0.0
ENSG00000260366,0.0
ZNF473CR,0.0
ENSG00000287001,0.0
ENSG00000268231,0.0
ENSG00000268520,0.0
ENSG00000286236,0.0
ENSG00000260160,0.0
ZNF528-AS1,0.0
ENSG00000288253,0.0
ENSG00000268970,0.0
ENSG00000269825,0.0
ENSG00000287608,0.0
ENSG00000268496,0.0
ENSG00000287170,0.0
ENSG00000286230,0.0
ENSG00000267096,0.0
ENSG00000267298,0.0
ENSG00000267429,0.0
ENSG00000285996,0.0
ENSG00000286125,0.0
ENSG00000269867,0.0
ZNF606-AS1,0.0
ENSG00000286632,0.0
ENSG00000268201,0.0
ENSG00000286158,0.0
ENSG00000286787,0.0
ENSG00000286288,0.0
ENSG00000286108,0.0
ENSG00000287213,0.0
ENSG00000287561,0.0
PLCB1-IT1,0.0
ENSG00000286740,0.0
ENSG00000286470,0.0
ENSG00000286936,0.0
ENSG00000285723,0.0
ENSG00000287754,0.0
ENSG00000287062,0.0
MACROD2-IT1,0.0
ENSG00000286546,0.0
ENSG00000287410,0.0
ENSG00000228809,0.0
ENSG00000287241,0.0
ENSG00000277373,0.0
SCP2D1-AS1,0.0
ENSG00000287430,0.0
ENSG00000232675,0.0
ENSG00000234646,0.0
ENSG00000286117,0.0
ENSG00000286270,0.0
ENSG00000286444,0.0
FAM182A,0.0
MIR663AHG,0.0
FAM242B,0.0
ENSG00000286483,0.0
FRG1BP,0.0
ENSG00000274364,0.0
MCTS2,0.0
HM13-IT1,0.0
ENSG00000278012,0.0
ENSG00000275576,0.0
ENSG00000287850,0.0
ENSG00000286311,0.0
ENSG00000287853,0.0
ENSG00000250917,0.0
ENSG00000272945,0.0
ITCH-IT1,0.0
ENSG00000277558,0.0
ENSG00000286803,0.0
ENSG00000286240,0.0
ENSG00000276603,0.0
ENSG00000277829,0.0
SNHG17,0.0
SNHG11,0.0
ENSG00000277581,0.0
ENSG00000287983,0.0
ENSG00000286083,0.0
ENSG00000286972,0.0
ENSG00000273951,0.0
ENSG00000287570,0.0
ENSG00000276223,0.0
ENSG00000286100,0.0
ENSG00000275894,0.0
ENSG00000285796,0.0
ENSG00000273893,0.0
ENSG00000273451,0.0
ENSG00000287443,0.0
ENSG00000286179,0.0
ENSG00000287335,0.0
ENSG00000287107,0.0
ENSG00000288083,0.0
ENSG00000286063,0.0
ENSG00000286159,0.0
ENSG00000287511,0.0
ENSG00000286250,0.0
ENSG00000286865,0.0
ENSG00000287886,0.0
ENSG00000286587,0.0
ENSG00000286229,0.0
ENSG00000287478,0.0
ENSG00000286006,0.0
ENSG00000287079,0.0
ENSG00000288086,0.0
ENSG00000286052,0.0
APCDD1L-DT,0.0
ENSG00000254419,0.0
ENSG00000285091,0.0
ENSG00000286309,0.0
ENSG00000287752,0.0
ENSG00000286232,0.0
ENSG00000275437,0.0
ENSG00000287324,0.0
ENSG00000286628,0.0
ENSG00000286999,0.0
ENSG00000288187,0.0
ENSG00000286033,0.0
ENSG00000287066,0.0
BTG3-AS1,0.0
ENSG00000228708,0.0
ENSG00000286222,0.0
ENSG00000288094,0.0
ENSG00000287612,0.0
ENSG00000287801,0.0
ENSG00000287109,0.0
ENSG00000233783,0.0
ENSG00000286902,0.0
LINC01697,0.0
ENSG00000231125,0.0
ENSG00000286018,0.0
LINC00189,0.0
BACH1-IT1,0.0
ENSG00000273017,0.0
BACH1-IT3,0.0
ENSG00000286643,0.0
RUNX1-AS1,0.0
CBR1-AS1,0.0
CBR3-AS1,0.0
ENSG00000228107,0.0
ENSG00000286517,0.0
ENSG00000286852,0.0
HLCS-IT1,0.0
ENSG00000270116,0.0
ENSG00000287637,0.0
ENSG00000286717,0.0
DSCR4-IT1,0.0
DSCR10,0.0
ENSG00000287470,0.0
ENSG00000287082,0.0
BRWD1-IT1,0.0
ENSG00000225330,0.0
DSCAM-IT1,0.0
ENSG00000288069,0.0
ENSG00000286425,0.0
PCSEAT,0.0
ENSG00000227698,0.0
UMODL1-AS1,0.0
RSPH1-DT,0.0
ENSG00000231867,0.0
ENSG00000286549,0.0
ENSG00000287507,0.0
ENSG00000241728,0.0
ENSG00000287088,0.0
ENSG00000273027,0.0
ENSG00000286082,0.0
ENSG00000286594,0.0
ENSG00000286886,0.0
ENSG00000276633,0.0
ENSG00000280604,0.0
ENSG00000286224,0.0
DIP2A-IT1,0.0
DUXAP8,0.0
ENSG00000287285,0.0
ANKRD62P1-PARP4P3,0.0
ENSG00000288024,0.0
ENSG00000286195,0.0
ENSG00000286990,0.0
ENSG00000235445,0.0
ENSG00000234913,0.0
FAM246B,0.0
ENSG00000284294,0.0
DGCR11,0.0
ENSG00000281530,0.0
ENSG00000286367,0.0
ENSG00000287146,0.0
ENSG00000287652,0.0
ENSG00000273343,0.0
FAM230B,0.0
FAM246A,0.0
ENSG00000286365,0.0
ENSG00000286127,0.0
ENSG00000287864,0.0
ENSG00000232545,0.0
ENSG00000286070,0.0
ENSG00000230947,0.0
ENSG00000272977,0.0
ENSG00000286326,0.0
ENSG00000287034,0.0
TTC28-AS1,0.0
ENSG00000272858,0.0
ZNRF3-IT1,0.0
ENSG00000273216,0.0
ENSG00000234208,0.0
ENSG00000287967,0.0
ENSG00000273350,0.0
ENSG00000272689,0.0
ENSG00000223831,0.0
ENSG00000278920,0.0
ENSG00000287817,0.0
YWHAH-AS1,0.0
LARGE-IT1,0.0
LARGE-AS1,0.0
LINC02885,0.0
ENSG00000268818,0.0
ENSG00000287269,0.0
ENSG00000261675,0.0
ENSG00000287773,0.0
ENSG00000286485,0.0
ENSG00000287236,0.0
ELFN2,0.0
ENSG00000237862,0.0
ENSG00000279738,0.0
ENSG00000229955,0.0
ENSG00000286144,0.0
ENSG00000286440,0.0
ENSG00000287219,0.0
ENSG00000273096,0.0
ENSG00000288106,0.0
ENSG00000286491,0.0
SMIM45,0.0
ENSG00000286659,0.0
ENSG00000270083,0.0
NDUFA6-DT,0.0
ENSG00000286801,0.0
ENSG00000279175,0.0
ENSG00000280434,0.0
ENSG00000230922,0.0
ENSG00000273353,0.0
ENSG00000280383,0.0
LINC00899,0.0
ENSG00000280384,0.0
ENSG00000285707,0.0
ENSG00000285855,0.0
ENSG00000287225,0.0
ENSG00000281732,0.0
NHIP,0.0
ENSG00000285623,0.0
ENSG00000285722,0.0
ENSG00000286393,0.0
ENSG00000280395,0.0
ENSG00000286508,0.0
DHRSX-IT1,0.0
ENSG00000285756,0.0
ENSG00000286431,0.0
ENSG00000285679,0.0
LINC03113,0.0
LINC03114,0.0
ENSG00000235834,0.0
ENSG00000286724,0.0
ENSG00000283380,0.0
ENSG00000237994,0.0
GK-IT1,0.0
ENSG00000241886,0.0
ENSG00000285900,0.0
ENSG00000287700,0.0
H2AL3,0.0
ENSG00000285709,0.0
ENSG00000287098,0.0
ENSG00000287549,0.0
ENSG00000287223,0.0
ENSG00000285899,0.0
ENSG00000286306,0.0
INE1,0.0
ENSG00000287757,0.0
FLICR,0.0
ENSG00000286031,0.0
ENSG00000287767,0.0
ENSG00000287215,0.0
ENSG00000286118,0.0
KDM5C-IT1,0.0
LINC01278,0.0
ARHGEF9-IT1,0.0
ENSG00000287370,0.0
ENSG00000286077,0.0
FAM226B,0.0
ENSG00000271199,0.0
ENSG00000271533,0.0
ENSG00000288059,0.0
ENSG00000286523,0.0
TRMT2B-AS1,0.0
ENSG00000261101,0.0
ENSG00000286000,0.0
ENSG00000286794,0.0
ENSG00000271147,0.0
ENSG00000286327,0.0
ARMCX5-GPRASP2,0.0
ENSG00000286846,0.0
ENSG00000287619,0.0
AMMECR1-IT1,0.0
ENSG00000287685,0.0
ENSG00000286072,0.0
ENSG00000286767,0.0
ENSG00000237903,0.0
SLC25A5-AS1,0.0
ENSG00000286366,0.0
ENSG00000287379,0.0
ENSG00000286163,0.0
ENSG00000287776,0.0
ENSG00000287024,0.0
ENSG00000240143,0.0
ENSG00000286650,0.0
ENSG00000287160,0.0
ENSG00000287806,0.0
ENSG00000286060,0.0
MIR106AHG,0.0
ENSG00000286964,0.0
LINC00892,0.0
CDR1,0.0
ENSG00000288098,0.0
ENSG00000286085,0.0
ENSG00000287017,0.0
ENSG00000287796,0.0
FMR1-AS1,0.0
FMR1-IT1,0.0
AFF2-IT1,0.0
ENSG00000287585,0.0
ENSG00000287918,0.0
MAGEA3-DT,0.0
MAGEA6-DT,0.0
ENSG00000286939,0.0
PWWP4,0.0
L1CAM-AS1,0.0
F8A2,0.0
ENSG00000286130,0.0
ENSG00000286050,0.0
ENSG00000273906,0.0
PRKY,0.0
LINC00279,0.0
FAM197Y7,0.0
FAM197Y6,0.0
ENSG00000286009,0.0
ENSG00000286201,0.0
ENSG00000288049,0.0
ENSG00000286247,0.0
ENSG00000288057,0.0
ENSG00000286187,0.0
ENSG00000283269,0.0
ACTL10,0.0
C8orf44,0.0
C8orf44-SGK3,0.0
REXO6P,0.0
RMRP,0.0
RNU11,0.0
ENSG00000288545,0.0
ENSG00000288654,0.0
ENSG00000288725,0.0
CEP192P1,0.0
RPPH1,0.0
ZNF285CP,0.0
CCT8L1P,0.0
RPS17P5,0.0
PMS2P4,0.0
VDAC1P1,0.0
PMS2P1,0.0
CROCCP3,0.0
FER1L4,0.0
ENSG00000093100,0.0
HSD17B7P2,0.0
GSTT2,0.0
CRYBB2P1,0.0
RPS10P5,0.0
ENSG00000103200,0.0
RRN3P2,0.0
GOLGA8UP,0.0
ELOCP28,0.0
NHP2P1,0.0
NSUN5P2,0.0
ENSG00000106540,0.0
STAG3L4,0.0
TVP23BP2,0.0
ZNF29P,0.0
ENSG00000108516,0.0
HSD17B1P1,0.0
SDHCP5,0.0
DDX12B,0.0
FMO6P,0.0
BTF3P11,0.0
OTUD4P1,0.0
GLRXP3,0.0
LCN1P1,0.0
DPPA5P4,0.0
SEPTIN7P9,0.0
NACA3P,0.0
ENSG00000121388,0.0
ARL4AP1,0.0
NME2P1,0.0
GUCY1B2,0.0
TYRL,0.0
ZNF137P,0.0
PMS2P5,0.0
HMGB1P1,0.0
PPP4R1L,0.0
NDUFB4P12,0.0
BTN2A3P,0.0
RPL32P21,0.0
HTR5BP,0.0
BPIFB9P,0.0
TUBBP1,0.0
PMS2P3,0.0
POM121L9P,0.0
TBC1D27P,0.0
EIF2S2P4,0.0
CYP2G1P,0.0
TXLNGY,0.0
NAPSB,0.0
CLUHP3,0.0
KRT17P1,0.0
UBE2L2,0.0
HMGB1P5,0.0
GNG5B,0.0
ZDHHC8BP,0.0
ZNF767P,0.0
PLEKHA8P1,0.0
FOLH1B,0.0
KRT87P,0.0
RPL13AP25,0.0
RPL7P9,0.0
RPL14P1,0.0
CDRT15P1,0.0
OR1E3,0.0
LSP1P4,0.0
SNRPA1P1,0.0
TRIM43CP,0.0
CDKN2AIPNLP2,0.0
PCDHB18P,0.0
WASH2P,0.0
RPL32P18,0.0
FKBP6P2,0.0
FRG1BP,0.0
FRMPD2B,0.0
PPIAP26,0.0
ENSG00000150732,0.0
ENSG00000151303,0.0
AKR1C6P,0.0
ZNF37CP,0.0
SMPD4BP,0.0
CLCA3P,0.0
CYP4Z2P,0.0
TDH,0.0
CEP170P1,0.0
CCDC144BP,0.0
CCDC144CP,0.0
UNC93B2,0.0
CIBAR1P1,0.0
SSX8P,0.0
SNX29P1,0.0
OR10J6P,0.0
ATP5POP1,0.0
TUBBP5,0.0
ANKRD18CP,0.0
TCAF2P1,0.0
ZNF890P,0.0
FAM86C2P,0.0
GBA1LP,0.0
POM121L15P,0.0
PRODHLP,0.0
SIGLEC16,0.0
ADCY10P1,0.0
LSP1P3,0.0
DNAJA1P5,0.0
MT2P1,0.0
PRORSD1P,0.0
ALMS1P1,0.0
FAM86KP,0.0
CFAP144P1,0.0
FBXL21P,0.0
INTS4P1,0.0
SEPTIN7P5,0.0
FAM86FP,0.0
ENSG00000165121,0.0
NCF1C,0.0
SHLD2P1,0.0
TRIM51HP,0.0
TRIM53BP,0.0
ENSG00000166104,0.0
OR5P1P,0.0
PKD1L2,0.0
FAM86GP,0.0
HSBP1P2,0.0
OR5M13P,0.0
STRCP1,0.0
SAA3P,0.0
POM121L3P,0.0
NOS2P2,0.0
C3P1,0.0
ZNF355P,0.0
OR2W6P,0.0
DHFRP3,0.0
CMAHP,0.0
SPINT5P,0.0
TPTE2P5,0.0
PMCHL1,0.0
OR7E102P,0.0
PMCHL2,0.0
BRD7P3,0.0
ENSG00000169164,0.0
RPL36P14,0.0
GUSBP12,0.0
BCRP6,0.0
BCRP2,0.0
RBMY1HP,0.0
TSPY14P,0.0
ENSG00000170089,0.0
OR2A20P,0.0
ENSG00000170409,0.0
DPY19L2P2,0.0
OR5E1P,0.0
CELP,0.0
LILRP2,0.0
FAM86JP,0.0
SIGLEC17P,0.0
SSX6P,0.0
NMRAL2P,0.0
OR52P2P,0.0
OR7A2P,0.0
HMGN1P35,0.0
SERHL,0.0
CSPG4P4Y,0.0
GOLGA2P3Y,0.0
CSPG4P3Y,0.0
PRSS30P,0.0
RPL12P13,0.0
ZBTB8OSP2,0.0
ACTE1P,0.0
COX6B1P3,0.0
UNC93B3,0.0
VDAC2P5,0.0
TERF1P1,0.0
FAM86B3P,0.0
ENSG00000173357,0.0
PPIAP7,0.0
ENSG00000173867,0.0
SNURFL,0.0
COMMD5P1,0.0
FAM3C2P,0.0
STAG3L3,0.0
PMS2P6,0.0
PPIAP24,0.0
RPL35P9,0.0
PPIAP80,0.0
RPL10P2,0.0
VN1R6P,0.0
FAM47DP,0.0
PPIAP72,0.0
METTL15P1,0.0
VN2R1P,0.0
PAIP1P2,0.0
ANKRD30BP1,0.0
NF1P5,0.0
ACRP1,0.0
DRD5P2,0.0
GOLGA8DP,0.0
BAK1P1,0.0
RWDD4P2,0.0
EIF3KP1,0.0
OR52B3P,0.0
ARB2BP,0.0
RPL7AP66,0.0
FAM220BP,0.0
RPL36P3,0.0
RPL23P2,0.0
AQP7P4,0.0
ENSG00000176134,0.0
ENSG00000176183,0.0
ENSG00000176232,0.0
CDV3P1,0.0
CYCSP34,0.0
IDSP1,0.0
OR4K3,0.0
OR4H12P,0.0
FOXN3P1,0.0
RPL37AP8,0.0
PFN1P10,0.0
OR10AC1,0.0
DMBT1L1,0.0
NANOGP1,0.0
SCAND2P,0.0
OR10AB1P,0.0
OR52Z1P,0.0
OR51A1P,0.0
ZNF285BP,0.0
METTL1P1,0.0
FKBP9P1,0.0
KRT18P28,0.0
GJA1P1,0.0
ENSG00000176882,0.0
OR7A15P,0.0
TOB2P1,0.0
OR51N1P,0.0
RPL7L1P11,0.0
HCG4,0.0
NAP1L4P1,0.0
PCNPP5,0.0
OR2M1P,0.0
ENSAP3,0.0
OR7E125P,0.0
RPL13AP3,0.0
OR7E8P,0.0
ENSG00000177418,0.0
CBX3P1,0.0
ENSG00000177452,0.0
OR7E149P,0.0
GIMAP3P,0.0
FXNP2,0.0
CDKN2AIPNLP1,0.0
RPS2P2,0.0
YWHAQP4,0.0
CACYBPP2,0.0
SPATA31C2,0.0
ULK4P3,0.0
TWF1P1,0.0
GK4P,0.0
FAR2P2,0.0
RPS3AP5,0.0
H3P16,0.0
RPL10P16,0.0
NECAP1P1,0.0
CKS1BP6,0.0
GAPDHP29,0.0
ACTG1P1,0.0
MRPL42P1,0.0
PPIAP33,0.0
ARMC10P1,0.0
ENSG00000178715,0.0
GLULP4,0.0
H2BC2P,0.0
ENSG00000178836,0.0
NSA2P3,0.0
ENSG00000179038,0.0
TAAR3P,0.0
H3P47,0.0
RPL31P38,0.0
RPS2P28,0.0
OR7E97P,0.0
MEIS3P1,0.0
ENSG00000179342,0.0
HMGN2P46,0.0
OR4K11P,0.0
OR6W1P,0.0
OR13C6P,0.0
EEF1A1P27,0.0
NBPF17P,0.0
DGKZP1,0.0
ATP8B5P,0.0
OR7E22P,0.0
PHC1P1,0.0
PPP1R14BP3,0.0
NAIPP2,0.0
SPDYE7P,0.0
RPA3P1,0.0
ENSG00000180015,0.0
ENSG00000180019,0.0
OR3A4P,0.0
ACER2P1,0.0
HMGN2P9,0.0
XIAPP3,0.0
RPS12P23,0.0
FAR2P1,0.0
HMGB1P14,0.0
RPL23P6,0.0
TPT1P10,0.0
HERC2P3,0.0
NACAP2,0.0
CNEP1R1P1,0.0
EMC3-AS1,0.0
OR10AA1P,0.0
OR6K4P,0.0
SRP9P1,0.0
ZBTB12BP,0.0
RPL21P8,0.0
VN1R3,0.0
EXOC5P1,0.0
OR5AZ1P,0.0
OR51A9P,0.0
SMG1P3,0.0
PIPSL,0.0
OR7E129P,0.0
ENSG00000180803,0.0
PDIA3P1,0.0
OR52B1P,0.0
OR56B3P,0.0
OR7E18P,0.0
OR56B2P,0.0
ENTR1P2,0.0
OR52P1,0.0
HLA-V,0.0
H2BC27P,0.0
OR8G2P,0.0
DLSTP1,0.0
MTHFD2P7,0.0
OR5AK3P,0.0
OR5G1P,0.0
OR9G3P,0.0
CTAGE10P,0.0
HSP90AA6P,0.0
GLRX5P1,0.0
ENSG00000181514,0.0
RPL24P4,0.0
ENSG00000181705,0.0
FDX1P1,0.0
OR5J1P,0.0
KCTD9P2,0.0
OR5D17P,0.0
OR4A21P,0.0
OR4A13P,0.0
PYY3,0.0
GOLGA8CP,0.0
AQP7P2,0.0
PPIAP73,0.0
TRPC2,0.0
PDSS1P1,0.0
CRIP1P4,0.0
OR5F2P,0.0
RPL27AP5,0.0
DNM1P46,0.0
OR2B8P,0.0
WASH6P,0.0
NCF1B,0.0
OR7E115P,0.0
OR4C2P,0.0
CSGALNACT2P1,0.0
ENSG00000182625,0.0
CCNYL2,0.0
FXYD6P3,0.0
SEPHS1P1,0.0
TMEM198B,0.0
FUNDC2P2,0.0
RRP7BP,0.0
RPS27AP20,0.0
GPATCH11P1,0.0
NPM1P14,0.0
TPM3P8,0.0
FAM133CP,0.0
OR2A3P,0.0
POM121L1P,0.0
ENSG00000183171,0.0
HSP90AB3P,0.0
RPL29P16,0.0
NF1P3,0.0
RPSAP19,0.0
ZBTB8OSP1,0.0
OR7E38P,0.0
PKD1P3,0.0
PI4KAP2,0.0
CRIPTOP2,0.0
BPIFA4P,0.0
HMGN3P1,0.0
SMG1P5,0.0
GAPDHP30,0.0
GUSBP1,0.0
SLC9B1P1,0.0
OR4G2P,0.0
RPL21P132,0.0
DUSP5P1,0.0
HTR7P1,0.0
MAGEA13P,0.0
OR7E87P,0.0
ATP5PFP4,0.0
BRD7P2,0.0
TREML3P,0.0
RPL11P4,0.0
RPL7AP28,0.0
ENSG00000184188,0.0
DRD5P1,0.0
RPL23AP82,0.0
IRS3P,0.0
RPL23AP38,0.0
PTGER4P2,0.0
RPL7P26,0.0
SPDYE12,0.0
ZNF840P,0.0
ZNF72BP,0.0
OR7E14P,0.0
OR5AQ1P,0.0
MGAT4EP,0.0
OR4C10P,0.0
UNC93B5,0.0
CYCSP45,0.0
RPL7AP49,0.0
SLC2A3P2,0.0
ZNF733P,0.0
OR7E31P,0.0
RPL9P14,0.0
GOLGA8EP,0.0
GAPDHP24,0.0
CD24P4,0.0
ENSG00000185296,0.0
SSX14P,0.0
FGF7P2,0.0
SDHAP1,0.0
SEPTIN7P13,0.0
WASH3P,0.0
ACTBP7,0.0
RPL14P6,0.0
FTH1P14,0.0
ENSG00000185641,0.0
OR5M5P,0.0
SMG1P4,0.0
RPL12P4,0.0
ENSG00000185839,0.0
OR11N1P,0.0
SDHAP3,0.0
RPS4XP21,0.0
ENSG00000186076,0.0
KRT18P14,0.0
OR9M1P,0.0
ENSG00000186148,0.0
LILRP1,0.0
CIDECP1,0.0
PRSS59P,0.0
FAM86MP,0.0
ENSG00000186244,0.0
OR10D4P,0.0
MST1P2,0.0
CA5BP1,0.0
ATP6V1FP1,0.0
AQP7P1,0.0
ANKRD20A5P,0.0
OR9I2P,0.0
CROCCP5,0.0
SPDYE17,0.0
EEF1GP1,0.0
ENSG00000186678,0.0
DTX2P1,0.0
MST1L,0.0
TPI1P3,0.0
KRT17P2,0.0
CHCHD2P9,0.0
FUNDC2P3,0.0
BAGE2,0.0
ENSG00000187472,0.0
HSD3BP1,0.0
SERPINA13P,0.0
RPL7P48,0.0
PRR13P5,0.0
TPM3P7,0.0
TERF1P2,0.0
TMSB4XP8,0.0
TSPY13P,0.0
KRT18P59,0.0
GTF2IP3,0.0
HSPE1P11,0.0
OR2B7P,0.0
GOLGA6EP,0.0
OR7E25P,0.0
RNFT1P3,0.0
CXXC1P1,0.0
OR5H7P,0.0
HS6ST1P1,0.0
PMS2CL,0.0
ANKRD19P,0.0
KCTD9P3,0.0
HNRNPA1P61,0.0
PDCD6P1,0.0
MEIS3P2,0.0
CTSL3P,0.0
ENSG00000188078,0.0
ALOX15P2,0.0
OR7D1P,0.0
GPAT2P2,0.0
GOLGA6L3P,0.0
ANKRD36P1,0.0
DEFB108F,0.0
OR4P1P,0.0
SRP72P2,0.0
WASF4P,0.0
ACTBP11,0.0
ENSG00000188512,0.0
NPIPP1,0.0
ENSG00000188646,0.0
TSPY7P,0.0
H1-9P,0.0
OR7E90P,0.0
TEKT4P2,0.0
OR13D3P,0.0
TBC1D3P2,0.0
TMSB4XP2,0.0
ZNF322P1,0.0
DPPA3P2,0.0
ENSG00000188850,0.0
RPSAP47,0.0
RPL10AP2,0.0
POTEA,0.0
USP32P1,0.0
DHFRP1,0.0
PROS2P,0.0
SHLD2P3,0.0
RIMKLBP1,0.0
UBE2Q2P1,0.0
RPL32P36,0.0
TNRC18P3,0.0
DPY19L2P1,0.0
SLC25A51P4,0.0
RPS2P46,0.0
FAM90A27P,0.0
ENSG00000189372,0.0
OR7E12P,0.0
USP32P3,0.0
RNU1-75P,0.0
MIR494,0.0
RNU1-15P,0.0
Y_RNA,0.0
SMIM7P1,0.0
IFITM3P3,0.0
ADAM5,0.0
OR11H13P,0.0
RPS2P4,0.0
RNF216P1,0.0
EEF1A1P5,0.0
Metazoa_SRP,0.0
HLA-DRB9,0.0
GUSBP15,0.0
PRSS29P,0.0
OR4Q2,0.0
ENSG00000196390,0.0
ENSG00000196395,0.0
OR10D1P,0.0
ENSG00000196472,0.0
OR9K1P,0.0
BLOC1S6P1,0.0
ANKRD20A19P,0.0
ENSG00000196656,0.0
PDXDC2P-NPIPB14P,0.0
NPIPB10P,0.0
ZNF252P,0.0
RPS26P11,0.0
NXF4,0.0
OR51A6P,0.0
RBMY1A3P,0.0
OR2T32P,0.0
ZNF300P1,0.0
GOLGA6L16P,0.0
ENSG00000197149,0.0
OR4C4P,0.0
OR2B4P,0.0
SSX11P,0.0
TCEA1P1,0.0
ENSG00000197254,0.0
EIF4BP6,0.0
ENSG00000197320,0.0
Metazoa_SRP,0.0
BNIP3P1,0.0
GGT3P,0.0
OR7E85BP,0.0
ADAM3A,0.0
ENSG00000197476,0.0
PRAMENP,0.0
ENSG00000197550,0.0
RPS17P2,0.0
GPX1P1,0.0
KLKP1,0.0
VN1R5,0.0
UBE2Q2P12,0.0
CBX3P7,0.0
PTMAP2,0.0
SLC22A20P,0.0
OR5M12P,0.0
OR7E13P,0.0
NBEAP2,0.0
OR51A8P,0.0
ZNF734P,0.0
SAGE2P,0.0
PTMAP9,0.0
ZNF849P,0.0
ZNF876P,0.0
OR51H2P,0.0
GUSBP13,0.0
CYP2A7P2,0.0
OR5BB1P,0.0
ENSG00000198277,0.0
NUP210P1,0.0
BMS1P9,0.0
OR7A11P,0.0
BZW1P2,0.0
TATDN2P1,0.0
ZNF658B,0.0
OR14L1,0.0
PABPC1P2,0.0
ENSG00000198555,0.0
ENSG00000198580,0.0
PPIAP22,0.0
ABHD17AP1,0.0
OR10R3P,0.0
SMIM11P1,0.0
MTCO3P12,0.0
OR7E103P,0.0
HSD3BP5,0.0
MTND4LP30,0.0
ENSG00000198923,0.0
MIRLET7E,0.0
MIR375,0.0
MIR30E,0.0
MIRLET7A2,0.0
MIR429,0.0
MIR380,0.0
MIR449A,0.0
MIR345,0.0
MIR16-2,0.0
MIR340,0.0
MIR107,0.0
MIR448,0.0
MIR370,0.0
MIR412,0.0
MIR377,0.0
MIR1-1,0.0
MIR381,0.0
MIR339,0.0
MIR103A2,0.0
MIR369,0.0
MIRLET7C,0.0
MIR371A,0.0
MIR425,0.0
MIR103A1,0.0
MIR219A1,0.0
MIR210,0.0
MIR335,0.0
MIR378A,0.0
MIR361,0.0
MIR324,0.0
MIR135B,0.0
MIR101-2,0.0
MIR323A,0.0
MIRLET7F1,0.0
MIR26A1,0.0
MIR129-2,0.0
MIR133B,0.0
MIR342,0.0
MIR148A,0.0
MIR379,0.0
MIR326,0.0
MIR410,0.0
MIR30C2,0.0
MIR372,0.0
MIR302C,0.0
MIR346,0.0
MIR409,0.0
MIR411,0.0
MIR26B,0.0
MIR148B,0.0
MIR383,0.0
MIR365A,0.0
MIR450A1,0.0
MIRLET7D,0.0
MIR101-1,0.0
MIR373,0.0
MIR302D,0.0
MIRLET7G,0.0
MIR337,0.0
MIR30D,0.0
MIR422A,0.0
MIR208A,0.0
MIR96,0.0
MIR126,0.0
MIRLET7A1,0.0
MIR374A,0.0
MIR367,0.0
MIR331,0.0
MIR31,0.0
MIRLET7I,0.0
ENSG00000199196,0.0
RN7SKP72,0.0
Y_RNA,0.0
Y_RNA,0.0
RNA5SP289,0.0
Y_RNA,0.0
Y_RNA,0.0
RNU105C,0.0
RNU6-1123P,0.0
RN7SKP184,0.0
RNU6-500P,0.0
Y_RNA,0.0
Y_RNA,0.0
Y_RNA,0.0
Y_RNA,0.0
RNU6-50P,0.0
ENSG00000199231,0.0
RNU6-834P,0.0
RNA5SP46,0.0
Y_RNA,0.0
Y_RNA,0.0
RNU6-896P,0.0
RNU6-28P,0.0
RNU6-664P,0.0
RNU6-874P,0.0
Y_RNA,0.0
SNORA60,0.0
RNA5S12,0.0
RNU6-349P,0.0
Y_RNA,0.0
RNA5SP26,0.0
RNU6-661P,0.0
ENSG00000199282,0.0
RNU1-58P,0.0
Y_RNA,0.0
RNU6-1094P,0.0
RNU6-502P,0.0
Y_RNA,0.0
Y_RNA,0.0
SNORA21,0.0
RNU6-1312P,0.0
RNA5SP430,0.0
RNU6-208P,0.0
Y_RNA,0.0
RNU6-858P,0.0
RNU6-222P,0.0
SNORD115-34,0.0
RNU4-82P,0.0
RNA5SP347,0.0
RNA5SP52,0.0
RN7SKP25,0.0
ENSG00000199321,0.0
RNA5SP183,0.0
RNU4-39P,0.0
RNU6-1298P,0.0
RNU6-230P,0.0
Y_RNA,0.0
Y_RNA,0.0
RNA5S11,0.0
RNU6-204P,0.0
RNA5S3,0.0
RNU5E-1,0.0
RNU6-766P,0.0
Y_RNA,0.0
RNA5SP432,0.0
RNA5S1,0.0
RNA5SP273,0.0
Y_RNA,0.0
RNU6-1115P,0.0
RNU1-150P,0.0
Y_RNA,0.0
SNORA63E,0.0
RNA5SP327,0.0
Y_RNA,0.0
RNU6-1084P,0.0
U3,0.0
RNA5SP453,0.0
RNU5F-1,0.0
Y_RNA,0.0
RNU6-79P,0.0
RNU6-369P,0.0
SNORD114-7,0.0
ENSG00000199392,0.0
RNU6-600P,0.0
RNA5SP93,0.0
RNA5S5,0.0
Y_RNA,0.0
RNY4P19,0.0
RNA5SP308,0.0
SNORA1B,0.0
RNA5SP301,0.0
Y_RNA,0.0
Y_RNA,0.0
SNORD62,0.0
RNA5SP370,0.0
RN7SKP170,0.0
VTRNA3-1P,0.0
Y_RNA,0.0
RNU1-108P,0.0
SNORD9,0.0
Y_RNA,0.0
Y_RNA,0.0
Y_RNA,0.0
RNU6-543P,0.0
RNU6-845P,0.0
RNA5SP276,0.0
SNORD115-12,0.0
RNA5SP388,0.0
RNA5SP191,0.0
RNU4-35P,0.0
Y_RNA,0.0
RNU6-1216P,0.0
Y_RNA,0.0
Y_RNA,0.0
RNU6-556P,0.0
RNU1-62P,0.0
ENSG00000199470,0.0
Y_RNA,0.0
Y_RNA,0.0
SNORA63,0.0
ENSG00000199474,0.0
RN7SKP104,0.0
Y_RNA,0.0
SNORA31,0.0
RNA5SP389,0.0
RNU6-633P,0.0
RNU4-15P,0.0
Y_RNA,0.0
RNU1-70P,0.0
SNORD115-25,0.0
Y_RNA,0.0
RNU6-1313P,0.0
RNU1-94P,0.0
RNU6-247P,0.0
RNA5SP110,0.0
RNA5SP477,0.0
RNU6-212P,0.0
RNU6-235P,0.0
Y_RNA,0.0
Y_RNA,0.0
RNU6-386P,0.0
RNA5SP226,0.0
RNA5SP295,0.0
RNU6-462P,0.0
Y_RNA,0.0
RNA5SP305,0.0
RNU6-315P,0.0
Y_RNA,0.0
RNA5SP195,0.0
Y_RNA,0.0
Y_RNA,0.0
RNU6-545P,0.0
SNORA63,0.0
RNA5SP361,0.0
RNU6-37P,0.0
RNA5SP502,0.0
Y_RNA,0.0
ENSG00000199566,0.0
Y_RNA,0.0
RNU5A-1,0.0
RNU6-228P,0.0
ENSG00000199571,0.0
RNA5SP174,0.0
SNORD18C,0.0
SNORD114-1,0.0
RNU6-822P,0.0
Y_RNA,0.0
Y_RNA,0.0
RNA5SP119,0.0
Y_RNA,0.0
RNA5SP321,0.0
SNORD114-14,0.0
RNU6-1301P,0.0
Y_RNA,0.0
RNU6-859P,0.0
RNU6-562P,0.0
RNU6-951P,0.0
RNY4P24,0.0
RNA5SP124,0.0
RNA5SP258,0.0
RN7SKP20,0.0
RNU6-989P,0.0
RNU6-1010P,0.0
RNU1-14P,0.0
Y_RNA,0.0
SNORD33,0.0
SNORA63,0.0
RNU4-79P,0.0
Y_RNA,0.0
Y_RNA,0.0
RNA5SP319,0.0
RN7SKP294,0.0
RNU4-90P,0.0
RNU6-1330P,0.0
RNU6-1272P,0.0
RNU1-35P,0.0
RNU6-1266P,0.0
SNORD3G,0.0
Y_RNA,0.0
Y_RNA,0.0
RNU4-21P,0.0
SNORD16,0.0
RNU6-862P,0.0
Y_RNA,0.0
Y_RNA,0.0
RN7SKP185,0.0
RNU1-38P,0.0
RN7SKP173,0.0
RNU6-1128P,0.0
RNU6-446P,0.0
Y_RNA,0.0
RNU6-223P,0.0
Y_RNA,0.0
RNU6-170P,0.0
SNORD115-29,0.0
Y_RNA,0.0
RNU4-23P,0.0
Y_RNA,0.0
Y_RNA,0.0
SNORD115-2,0.0
U8,0.0
Y_RNA,0.0
Y_RNA,0.0
RN7SKP74,0.0
RNU6-655P,0.0
RN7SKP95,0.0
RNU6-1079P,0.0
Y_RNA,0.0
RNA5SP307,0.0
RNU6-227P,0.0
RNU6-552P,0.0
Y_RNA,0.0
SNORD36A,0.0
Y_RNA,0.0
SNORD104,0.0
Y_RNA,0.0
Y_RNA,0.0
Y_RNA,0.0
Y_RNA,0.0
RNU6-363P,0.0
RNU6-78P,0.0
RNA5SP426,0.0
RNU1-76P,0.0
Y_RNA,0.0
Y_RNA,0.0
SNORD115-9,0.0
ENSG00000199783,0.0
RNU6-1287P,0.0
SNORA52,0.0
RNA5SP188,0.0
SNORA80C,0.0
RNY3P2,0.0
RNU6-836P,0.0
RNU6-451P,0.0
RNU6-1233P,0.0
RNU6-924P,0.0
Y_RNA,0.0
SNORD114-5,0.0
Y_RNA,0.0
RNU6-1159P,0.0
RNA5SP383,0.0
RNU1-134P,0.0
RNA5SP491,0.0
RNA5SP374,0.0
RNU6-428P,0.0
RNU6-1260P,0.0
ENSG00000199815,0.0
RNU6-199P,0.0
RNU6-1290P,0.0
RN7SKP291,0.0
Y_RNA,0.0
SNORD115-21,0.0
RNU1-47P,0.0
RNA5SP150,0.0
Y_RNA,0.0
RNA5SP358,0.0
RNA5SP375,0.0
RNU1-72P,0.0
RNU5F-6P,0.0
U3,0.0
RNU6-490P,0.0
U3,0.0
ENSG00000199857,0.0
RNU6-1120P,0.0
RNU6-582P,0.0
Y_RNA,0.0
RNU6-495P,0.0
Y_RNA,0.0
Y_RNA,0.0
Y_RNA,0.0
RNU6-942P,0.0
RNA5SP452,0.0
Y_RNA,0.0
RN7SKP149,0.0
RNVU1-22,0.0
RNU6-888P,0.0
Y_RNA,0.0
RN7SKP90,0.0
Y_RNA,0.0
RNU6-330P,0.0
RNU6-249P,0.0
Y_RNA,0.0
RNU1-17P,0.0
ENSG00000199894,0.0
Y_RNA,0.0
Y_RNA,0.0
Y_RNA,0.0
RNU6-1273P,0.0
RNU6-492P,0.0
RNU5B-2P,0.0
RNA5S10,0.0
Y_RNA,0.0
Y_RNA,0.0
Y_RNA,0.0
SNORD114-16,0.0
RNU4-44P,0.0
RNU6-161P,0.0
RNU6-1252P,0.0
ENSG00000199927,0.0
RNA5SP405,0.0
RNU1-18P,0.0
RNY1P16,0.0
SNORD81,0.0
Y_RNA,0.0
Y_RNA,0.0
RN7SKP75,0.0
SNORD114-19,0.0
RNU6-653P,0.0
Y_RNA,0.0
RNA5SP443,0.0
ENSG00000199959,0.0
SNORD115-14,0.0
SNORD1B,0.0
Y_RNA,0.0
RNU6-605P,0.0
Y_RNA,0.0
SNORD115-19,0.0
SNORD115-3,0.0
RNU6-797P,0.0
RN7SKP243,0.0
SNORA73,0.0
Y_RNA,0.0
RNA5SP264,0.0
RNU6-486P,0.0
VTRNA1-1,0.0
RNA5SP145,0.0
RNU6-986P,0.0
Y_RNA,0.0
Y_RNA,0.0
RNU6-623P,0.0
RNA5SP448,0.0
Y_RNA,0.0
U8,0.0
RNA5SP98,0.0
RNU6-642P,0.0
RNU6-403P,0.0
RNU4-73P,0.0
RNA5SP65,0.0
Y_RNA,0.0
Y_RNA,0.0
RN7SKP115,0.0
RNU6-812P,0.0
Y_RNA,0.0
ENSG00000200051,0.0
Y_RNA,0.0
RN7SKP63,0.0
RNA5SP218,0.0
Y_RNA,0.0
Y_RNA,0.0
RNU4-58P,0.0
ENSG00000200063,0.0
RNY4P9,0.0
Y_RNA,0.0
RNU4-80P,0.0
ENSG00000200072,0.0
ENSG00000200075,0.0
RNA5SP326,0.0
SNORD68,0.0
Y_RNA,0.0
RNU6-433P,0.0
SNORA73B,0.0
SNORD114-31,0.0
Y_RNA,0.0
RN7SKP163,0.0
RNU6-181P,0.0
RNU6-1167P,0.0
RNU6-508P,0.0
RNU6-252P,0.0
RNU6-251P,0.0
RNU6-984P,0.0
RNU6-1249P,0.0
RNU6-774P,0.0
ENSG00000200112,0.0
ENSG00000200113,0.0
RNA5SP123,0.0
Y_RNA,0.0
Y_RNA,0.0
Y_RNA,0.0
RN7SKP77,0.0
RNU6-1021P,0.0
Y_RNA,0.0
RNY1P10,0.0
RNU6-778P,0.0
Y_RNA,0.0
RNU6-544P,0.0
ENSG00000200150,0.0
RN7SKP231,0.0
RNU6-216P,0.0
RNU6-23P,0.0
RNU5B-1,0.0
RN7SKP145,0.0
Y_RNA,0.0
SNORD115-18,0.0
Y_RNA,0.0
RNA5SP350,0.0
RNU5D-1,0.0
Y_RNA,0.0
Y_RNA,0.0
Y_RNA,0.0
RNU6-1309P,0.0
RNU1-19P,0.0
Y_RNA,0.0
RNU6-238P,0.0
RNU1-20P,0.0
RNU6-832P,0.0
U8,0.0
RNU1-21P,0.0
RN7SKP211,0.0
Y_RNA,0.0
RNU1-22P,0.0
ENSG00000200206,0.0
Y_RNA,0.0
Y_RNA,0.0
RNY4P27,0.0
RNU6-992P,0.0
SNORD113-6,0.0
RNU6-745P,0.0
RNU6-839P,0.0
RNU6-697P,0.0
RNU6-179P,0.0
U3,0.0
RNU6-626P,0.0
RNA5SP382,0.0
RNA5SP197,0.0
RNU1-23P,0.0
ENSG00000200235,0.0
SNORA70,0.0
RNA5SP133,0.0
Y_RNA,0.0
RN7SKP79,0.0
RNA5SP263,0.0
RNU6-254P,0.0
RNA5SP214,0.0
RNU6-1147P,0.0
Y_RNA,0.0
RNU6-529P,0.0
RNU6-536P,0.0
Y_RNA,0.0
RNU6-97P,0.0
SNORD35A,0.0
Y_RNA,0.0
Y_RNA,0.0
RNU6-66P,0.0
RNU6-838P,0.0
RNU4-32P,0.0
RNA5SP199,0.0
RNA5SP352,0.0
SNORD114-10,0.0
RNU6-624P,0.0
Y_RNA,0.0
Y_RNA,0.0
ENSG00000200288,0.0
Y_RNA,0.0
RNA5SP393,0.0
ENSG00000200294,0.0
RNU6-527P,0.0
RNU1-83P,0.0
Y_RNA,0.0
RNA5SP483,0.0
RNU6-940P,0.0
RNU6-1255P,0.0
Y_RNA,0.0
Y_RNA,0.0
RNA5SP215,0.0
RN7SKP255,0.0
RNA5-8SP7,0.0
Y_RNA,0.0
SNORD3P1,0.0
SNORA63,0.0
Y_RNA,0.0
RNA5SP391,0.0
RNA5SP62,0.0
RNU6-183P,0.0
Y_RNA,0.0
Y_RNA,0.0
RNA5SP333,0.0
RNU1-49P,0.0
RNU1-105P,0.0
RNA5S8,0.0
Y_RNA,0.0
RNU6-485P,0.0
RNU6-1285P,0.0
Y_RNA,0.0
SNORA71D,0.0
SNORA72,0.0
RNU6-833P,0.0
RNU6-792P,0.0
Y_RNA,0.0
RNU6-511P,0.0
SNORD113-8,0.0
RNU6-666P,0.0
RNA5S17,0.0
RNU5E-8P,0.0
RNU5E-10P,0.0
ENSG00000200377,0.0
RNU5B-4P,0.0
RN7SKP45,0.0
RNA5S4,0.0
ENSG00000200385,0.0
RNU6-618P,0.0
RNU6-509P,0.0
Y_RNA,0.0
Y_RNA,0.0
RNU6-698P,0.0
SNORA38B,0.0
Y_RNA,0.0
SNORD115-24,0.0
RNU6-1099P,0.0
SNORD114-23,0.0
RNU6-1169P,0.0
RNA5SP74,0.0
RNA5SP346,0.0
SNORD114-26,0.0
SNORA63B,0.0
Y_RNA,0.0
Y_RNA,0.0
ENSG00000200422,0.0
RNU6-1155P,0.0
Y_RNA,0.0
Y_RNA,0.0
RNU4-81P,0.0
Y_RNA,0.0
RNA5-8SP2,0.0
Y_RNA,0.0
RNU6-799P,0.0
RNU6-1066P,0.0
RNU6-1339P,0.0
RNU6-1085P,0.0
Y_RNA,0.0
RNU6-1112P,0.0
RNU6-1097P,0.0
RNU6-727P,0.0
SNORD118,0.0
RNA5SP403,0.0
RNU6-112P,0.0
RNU6-1125P,0.0
RN7SKP44,0.0
RNA5SP507,0.0
RN7SKP162,0.0
SNORD115-41,0.0
SNORD114-28,0.0
RNU6-1017P,0.0
RNU6-1244P,0.0
Y_RNA,0.0
SNORD115-11,0.0
RNA5SP322,0.0
RN7SKP203,0.0
U3,0.0
Y_RNA,0.0
RNU6-1205P,0.0
U8,0.0
Y_RNA,0.0
SNORD115-5,0.0
Y_RNA,0.0
Y_RNA,0.0
RNA5SP378,0.0
RNU6-1214P,0.0
Y_RNA,0.0
RNU6-957P,0.0
RNU6-1209P,0.0
RNY4P14,0.0
RNA5SP457,0.0
RNU6-1331P,0.0
SNORD35B,0.0
SNORA33,0.0
ENSG00000200536,0.0
RNY4P6,0.0
U3,0.0
Y_RNA,0.0
U3,0.0
Y_RNA,0.0
RNU6-137P,0.0
Y_RNA,0.0
Y_RNA,0.0
RNU6-1020P,0.0
RNU6-525P,0.0
RNU6-103P,0.0
RNA5SP429,0.0
RNU6-288P,0.0
RNU6-640P,0.0
SNORD115-39,0.0
RNU5F-7P,0.0
RNU6-829P,0.0
RNU6-1284P,0.0
Y_RNA,0.0
RNU6-414P,0.0
Y_RNA,0.0
RNA5SP514,0.0
Y_RNA,0.0
SNORD115-33,0.0
RNU6-824P,0.0
RNVU1-33,0.0
Y_RNA,0.0
RNA5SP50,0.0
Y_RNA,0.0
SNORD114-11,0.0
Y_RNA,0.0
SNORD114-25,0.0
RNA5SP349,0.0
Y_RNA,0.0
Y_RNA,0.0
RNA5SP447,0.0
ENSG00000200620,0.0
RNU6-1059P,0.0
SNORD18A,0.0
RNA5S6,0.0
RNA5SP325,0.0
RNY1P11,0.0
Y_RNA,0.0
SNORD113-7,0.0
Y_RNA,0.0
SNORD114-27,0.0
RNU5F-3P,0.0
SNORD115-37,0.0
RNU6-1210P,0.0
Y_RNA,0.0
RNU6-226P,0.0
RNA5SP114,0.0
Y_RNA,0.0
ENSG00000200652,0.0
RNU4-92P,0.0
SNORA5B,0.0
SNORD116-10,0.0
Y_RNA,0.0
RNU6-1188P,0.0
RNU6-912P,0.0
RN7SKP174,0.0
RN7SKP160,0.0
SNORD18,0.0
SNORD115-4,0.0
RNU6-263P,0.0
RNU6-379P,0.0
Y_RNA,0.0
RNY3P3,0.0
RNA5SP335,0.0
Y_RNA,0.0
U3,0.0
RNU6-674P,0.0
Y_RNA,0.0
RNU6-873P,0.0
ENSG00000200706,0.0
RN7SKP93,0.0
RNA5SP27,0.0
RNA5SP28,0.0
RNU6-682P,0.0
Y_RNA,0.0
RN7SKP103,0.0
RNA5SP260,0.0
RNU6-931P,0.0
SNORD115-8,0.0
RNU6-271P,0.0
RNU1-124P,0.0
RNU6-194P,0.0
ENSG00000200733,0.0
Y_RNA,0.0
RNA5SP472,0.0
RNA5SP161,0.0
Y_RNA,0.0
RNU1-31P,0.0
Y_RNA,0.0
Y_RNA,0.0
ENSG00000200753,0.0
Y_RNA,0.0
RNA5SP68,0.0
RNU6-236P,0.0
SNORD115-16,0.0
RNU6-884P,0.0
RN7SKP113,0.0
RNU6-961P,0.0
Y_RNA,0.0
Y_RNA,0.0
RNU6-478P,0.0
RNU6-105P,0.0
RN7SKP180,0.0
SNORD8,0.0
RNA5SP234,0.0
Y_RNA,0.0
RNU1-65P,0.0
RNU6-631P,0.0
SNORA80A,0.0
RN7SKP250,0.0
RNU4-1,0.0
RNU6-753P,0.0
RNU6-770P,0.0
RNU1-130P,0.0
SNORD115-28,0.0
RNA5SP275,0.0
RNU1-32P,0.0
SNORD115-6,0.0
RNU6-595P,0.0
RNU6-1091P,0.0
SNORA38,0.0
RNU6-899P,0.0
RNU6-1204P,0.0
Y_RNA,0.0
SNORD114-2,0.0
RNU6-324P,0.0
Y_RNA,0.0
RN7SKP134,0.0
SNORD36B,0.0
SNORD114-4,0.0
Y_RNA,0.0
RNA5SP48,0.0
RNU6-82P,0.0
Y_RNA,0.0
Y_RNA,0.0
Y_RNA,0.0
RNA5SP499,0.0
Y_RNA,0.0
Y_RNA,0.0
Y_RNA,0.0
RN7SKP36,0.0
RNU6-457P,0.0
RNU6-810P,0.0
RNA5SP456,0.0
RNA5SP399,0.0
Y_RNA,0.0
RNU6-340P,0.0
RNU6-560P,0.0
SNORD14E,0.0
RNU6-681P,0.0
Y_RNA,0.0
Y_RNA,0.0
RNU1-146P,0.0
RNU6-598P,0.0
Y_RNA,0.0
RNU4-13P,0.0
RNA5SP99,0.0
ENSG00000200891,0.0
RNU6-944P,0.0
RN7SKP245,0.0
ENSG00000200897,0.0
RNU6-1243P,0.0
RNU6-627P,0.0
RNU1-42P,0.0
RNU6-854P,0.0
SNORD46,0.0
RNA5SP435,0.0
RNU6-553P,0.0
Y_RNA,0.0
RNU6-1048P,0.0
RNU6-960P,0.0
RNU6-1090P,0.0
RNU6-694P,0.0
RNU6-501P,0.0
SNORD115-32,0.0
Y_RNA,0.0
RNU6-801P,0.0
SNORA74A,0.0
RNU6-289P,0.0
RN7SKP87,0.0
ENSG00000200969,0.0
RNU5A-8P,0.0
RNU4-87P,0.0
RNU1-7P,0.0
Y_RNA,0.0
Y_RNA,0.0
SNORA3A,0.0
RNA5SP493,0.0
RNU6-819P,0.0
SNORD115-30,0.0
ENSG00000200991,0.0
RNVU1-34,0.0
Y_RNA,0.0
ENSG00000200999,0.0
RNA5SP516,0.0
RNU6-270P,0.0
ENSG00000201003,0.0
Y_RNA,0.0
ENSG00000201009,0.0
RN7SKP224,0.0
Y_RNA,0.0
Y_RNA,0.0
RNA5SP232,0.0
RNU6-280P,0.0
RNU6-374P,0.0
RNU6-743P,0.0
RNY3P11,0.0
SNORD74B,0.0
Y_RNA,0.0
RN7SKP107,0.0
RNU6-151P,0.0
Y_RNA,0.0
RNU6-704P,0.0
RNU1-96P,0.0
Y_RNA,0.0
RNA5SP469,0.0
ENSG00000201036,0.0
RNA5SP242,0.0
ENSG00000201042,0.0
RNU6-268P,0.0
Y_RNA,0.0
Y_RNA,0.0
RNU6-668P,0.0
RNA5SP336,0.0
RNU6-461P,0.0
RN7SKP280,0.0
RNU4-84P,0.0
Y_RNA,0.0
Y_RNA,0.0
Y_RNA,0.0
RNU4-51P,0.0
RNU6-188P,0.0
RN7SKP214,0.0
Y_RNA,0.0
RNU6-173P,0.0
RNA5SP394,0.0
Y_RNA,0.0
RNU6-266P,0.0
RNA5SP387,0.0
RNU6-366P,0.0
RNY1,0.0
Y_RNA,0.0
RNU6-11P,0.0
RNA5SP245,0.0
RNU6-647P,0.0
Y_RNA,0.0
Y_RNA,0.0
RNU1-33P,0.0
RNY1P12,0.0
SNORA58B,0.0
ENSG00000201133,0.0
Y_RNA,0.0
RNU6-777P,0.0
RNU6-353P,0.0
RN7SKP128,0.0
RNU1-151P,0.0
SNORD115-42,0.0
RNA5SP175,0.0
RNA5SP42,0.0
ENSG00000201151,0.0
RNU6-371P,0.0
RNU1-24P,0.0
SNORA62,0.0
Y_RNA,0.0
RN7SKP10,0.0
RNU6-454P,0.0
RNU4-36P,0.0
RNU6-1229P,0.0
RNA5SP368,0.0
RNU1-132P,0.0
RNU6-853P,0.0
Y_RNA,0.0
RNU6-1322P,0.0
RNU6-115P,0.0
RNU6-670P,0.0
RNVU1-3,0.0
RNU4-68P,0.0
RNA5SP202,0.0
RNU4-33P,0.0
Y_RNA,0.0
RNU6-879P,0.0
RN7SKP118,0.0
Y_RNA,0.0
Y_RNA,0.0
SNORD42,0.0
RNA5SP139,0.0
Y_RNA,0.0
Y_RNA,0.0
Y_RNA,0.0
RNU4-40P,0.0
RNU6-1305P,0.0
Y_RNA,0.0
SNORA63D,0.0
RNU4-50P,0.0
Y_RNA,0.0
SNORD114-9,0.0
RNU6-978P,0.0
RNY1P1,0.0
RNU6-654P,0.0
ENSG00000201245,0.0
SNORD114-13,0.0
RNU4-10P,0.0
RNU6-990P,0.0
RNU6-1075P,0.0
SNORD114-6,0.0
SNORD73B,0.0
RNU6-755P,0.0
RNU1-112P,0.0
RNU6-776P,0.0
RNA5SP192,0.0
Y_RNA,0.0
Y_RNA,0.0
Y_RNA,0.0
RNA5SP524,0.0
RN7SKP171,0.0
RNU6-1047P,0.0
RN7SKP76,0.0
RNU1-34P,0.0
RNU6-153P,0.0
RNU6-1019P,0.0
RNU4-41P,0.0
Y_RNA,0.0
RNU6-1164P,0.0
SNORD115-27,0.0
RNA5SP130,0.0
SNORA65,0.0
RNU6-512P,0.0
Y_RNA,0.0
Y_RNA,0.0
RNA5SP72,0.0
Y_RNA,0.0
RN7SKP227,0.0
ENSG00000201316,0.0
RNU4-59P,0.0
SNORD114-30,0.0
RNA5S9,0.0
RNU6-361P,0.0
RNA5SP142,0.0
SNORD115-22,0.0
U3,0.0
SNORD32B,0.0
SNORD115-23,0.0
Y_RNA,0.0
Y_RNA,0.0
RNU6-421P,0.0
RNU4-38P,0.0
Y_RNA,0.0
U3,0.0
RNA5SP69,0.0
RNU105B,0.0
Y_RNA,0.0
Y_RNA,0.0
RNA5S14,0.0
RNA5SP500,0.0
RN7SKP193,0.0
RNA5SP433,0.0
Y_RNA,0.0
RN7SKP37,0.0
Y_RNA,0.0
RNU6-522P,0.0
U3,0.0
Y_RNA,0.0
Y_RNA,0.0
RNU6-1251P,0.0
SNORA70,0.0
RNY4P23,0.0
RNU4-76P,0.0
RNU6-558P,0.0
ENSG00000201384,0.0
RNU6-1163P,0.0
SNORA68B,0.0
RNU6-1141P,0.0
RNU6-1078P,0.0
SNORA71,0.0
RNA5SP140,0.0
RN7SKP257,0.0
U8,0.0
SNORD14B,0.0
Y_RNA,0.0
ENSG00000201407,0.0
ENSG00000201410,0.0
Y_RNA,0.0
RNA5SP141,0.0
RNA5SP204,0.0
RNA5SP512,0.0
Y_RNA,0.0
RN7SKP246,0.0
Y_RNA,0.0
RN7SKP71,0.0
RNU6-1277P,0.0
Y_RNA,0.0
RNU6-335P,0.0
RNU4-24P,0.0
RNU6-660P,0.0
RNU4-67P,0.0
RNA5SP515,0.0
RNU6-646P,0.0
Y_RNA,0.0
RNU6-309P,0.0
RNU6-1082P,0.0
RNA5SP509,0.0
SNORA63C,0.0
Y_RNA,0.0
RNU6-1317P,0.0
SNORA55,0.0
RNU4-4P,0.0
Y_RNA,0.0
ENSG00000201465,0.0
Y_RNA,0.0
ENSG00000201467,0.0
RNA5SP379,0.0
RNY4P7,0.0
RNU6-164P,0.0
RNA5SP353,0.0
SNORD115-17,0.0
Y_RNA,0.0
SNORD45B,0.0
Y_RNA,0.0
RNU4-75P,0.0
RNA5SP78,0.0
RNU1-141P,0.0
RN7SKP275,0.0
Y_RNA,0.0
RNU6-312P,0.0
ENSG00000201500,0.0
Y_RNA,0.0
ENSG00000201502,0.0
RN7SKP217,0.0
Y_RNA,0.0
SNORA71C,0.0
ENSG00000201516,0.0
RNU6-707P,0.0
RNA5SP513,0.0
RNU6-645P,0.0
RNA5SP205,0.0
RNU6-450P,0.0
RNA5SP478,0.0
Y_RNA,0.0
RNA5SP194,0.0
RN7SKP237,0.0
Y_RNA,0.0
ENSG00000201541,0.0
SNORA62,0.0
SNORA16B,0.0
RNU4-85P,0.0
Y_RNA,0.0
Y_RNA,0.0
Y_RNA,0.0
RNU6-726P,0.0
Y_RNA,0.0
Y_RNA,0.0
SNORD114-15,0.0
RNVU1-6,0.0
RNU6-973P,0.0
Y_RNA,0.0
RN7SKP50,0.0
Y_RNA,0.0
Y_RNA,0.0
RNA5SP510,0.0
SNORD114-17,0.0
RNU4-56P,0.0
Y_RNA,0.0
RNU1-93P,0.0
RNU6-343P,0.0
RN7SKP78,0.0
RN7SKP191,0.0
Y_RNA,0.0
RNU6-593P,0.0
RNA5S2,0.0
RNU6-99P,0.0
ENSG00000201592,0.0
RNA5SP517,0.0
RNA5SP132,0.0
Y_RNA,0.0
RNU6-219P,0.0
RN7SKP124,0.0
Y_RNA,0.0
RNU6-740P,0.0
RNU4-16P,0.0
RNU4-42P,0.0
RNU4-28P,0.0
RNA5SP84,0.0
RN7SKP15,0.0
RNU6-200P,0.0
RNU1-91P,0.0
RNA5SP505,0.0
ENSG00000201619,0.0
RNA5SP51,0.0
RNU6-621P,0.0
RNU6-923P,0.0
Y_RNA,0.0
Y_RNA,0.0
RNU4-7P,0.0
Y_RNA,0.0
SNORD115-48,0.0
Y_RNA,0.0
RNY4P16,0.0
RN7SKP28,0.0
RNU6-1187P,0.0
RNU6-865P,0.0
SNORA14A,0.0
Y_RNA,0.0
RNU4-91P,0.0
RNY4P34,0.0
RNU6-7,0.0
RNU6-283P,0.0
RNU12-2P,0.0
ENSG00000201660,0.0
RNU6-60P,0.0
Y_RNA,0.0
RN7SKP6,0.0
ENSG00000201666,0.0
Y_RNA,0.0
RNA5SP90,0.0
SNORD113-4,0.0
U3,0.0
SNORD32A,0.0
Y_RNA,0.0
SNORD115-15,0.0
Y_RNA,0.0
Y_RNA,0.0
RN7SKP239,0.0
RNU6-1107P,0.0
SNORD114-29,0.0
RNY1P2,0.0
RNA5SP334,0.0
RNVU1-24,0.0
SNORD113-3,0.0
ENSG00000201701,0.0
RNA5SP396,0.0
RNU6-818P,0.0
RNA5SP359,0.0
RNU6-686P,0.0
ENSG00000201710,0.0
RNU6-1303P,0.0
RNA5SP125,0.0
RN7SKP133,0.0
Y_RNA,0.0
Y_RNA,0.0
RNU6-304P,0.0
RNA5SP173,0.0
RNA5SP479,0.0
ENSG00000201733,0.0
RNA5SP160,0.0
RNU1-133P,0.0
Y_RNA,0.0
RNU6-563P,0.0
RNU6-34P,0.0
RNU6-828P,0.0
RNU6-534P,0.0
Y_RNA,0.0
RNU6-119P,0.0
SNORD52,0.0
Y_RNA,0.0
RN7SKP55,0.0
RNU6-336P,0.0
RNA5SP267,0.0
RNA5SP302,0.0
RNU6-384P,0.0
SNORA5C,0.0
Y_RNA,0.0
RNU6-1325P,0.0
Y_RNA,0.0
RNU6-275P,0.0
RN7SKP226,0.0
SNORD117,0.0
Y_RNA,0.0
Y_RNA,0.0
RNU6-1071P,0.0
RNA5SP189,0.0
SNORA63,0.0
RN7SKP9,0.0
RN7SKP130,0.0
RNU6-392P,0.0
Y_RNA,0.0
RNU5E-4P,0.0
RNU6-1180P,0.0
RNU4-8P,0.0
ENSG00000201807,0.0
U8,0.0
U8,0.0
SNORA71,0.0
RNA5SP488,0.0
RNU6-915P,0.0
RNU6-526P,0.0
SNORA73,0.0
RNY4P17,0.0
Y_RNA,0.0
RNU4-9P,0.0
RNA5SP149,0.0
SNORD48,0.0
RNU6-1131P,0.0
RNU6-867P,0.0
ENSG00000201827,0.0
Y_RNA,0.0
SNORD115-1,0.0
SNORD114-3,0.0
Y_RNA,0.0
RNA5SP166,0.0
SNORD31B,0.0
Y_RNA,0.0
RNU6-702P,0.0
RNA5SP331,0.0
Y_RNA,0.0
RNA5SP298,0.0
ENSG00000201863,0.0
Y_RNA,0.0
Y_RNA,0.0
RNU6-294P,0.0
RN7SKP178,0.0
RNA5SP97,0.0
Y_RNA,0.0
ENSG00000201882,0.0
Y_RNA,0.0
Y_RNA,0.0
Y_RNA,0.0
RNU6-967P,0.0
RN7SKP153,0.0
SNORA72,0.0
SNORD114-24,0.0
RNY1P13,0.0
RN7SKP48,0.0
SNORD115-38,0.0
RNU6-590P,0.0
RNU1-140P,0.0
RN7SKP189,0.0
Y_RNA,0.0
Y_RNA,0.0
RNU6-1022P,0.0
RNA5SP442,0.0
RNU1-43P,0.0
RNA5SP485,0.0
RNA5S15,0.0
RNA5SP172,0.0
Y_RNA,0.0
Y_RNA,0.0
RNA5SP224,0.0
RNA5SP363,0.0
SNORD115-10,0.0
SNORA72,0.0
SNORA70,0.0
SNORD113-9,0.0
RNU6-673P,0.0
RNY3P1,0.0
ENSG00000201957,0.0
Y_RNA,0.0
RNA5SP126,0.0
Y_RNA,0.0
RNA5-8SP4,0.0
RN7SKP22,0.0
RNA5SP138,0.0
SNORD115-20,0.0
SNORA62,0.0
Y_RNA,0.0
Y_RNA,0.0
Y_RNA,0.0
Y_RNA,0.0
SNORD115-35,0.0
SNORA23,0.0
RNA5SP428,0.0
RNU1-36P,0.0
Y_RNA,0.0
Y_RNA,0.0
Y_RNA,0.0
RNU6-619P,0.0
RNU6-806P,0.0
Y_RNA,0.0
Y_RNA,0.0
SNORD81,0.0
RNU6-934P,0.0
RNU6-1240P,0.0
RNU6-1134P,0.0
Y_RNA,0.0
RNU6-580P,0.0
SNORD38A,0.0
RNU6-399P,0.0
Y_RNA,0.0
RNU6-215P,0.0
Y_RNA,0.0
RNA5SP223,0.0
Y_RNA,0.0
RNA5SP324,0.0
SNORD114-20,0.0
RNU6-391P,0.0
RNU6-382P,0.0
RNA5SP152,0.0
RNA5SP19,0.0
RN7SKP80,0.0
ENSG00000202059,0.0
RNA5SP455,0.0
RNA5SP79,0.0
RNU4-66P,0.0
RNU6-1175P,0.0
Y_RNA,0.0
RNU6-715P,0.0
Y_RNA,0.0
Y_RNA,0.0
RNU6-1280P,0.0
RNU6-290P,0.0
RNU6-1306P,0.0
RNA5SP190,0.0
SNORD58C,0.0
RNU6-1172P,0.0
RNU6-234P,0.0
Y_RNA,0.0
RNU4-12P,0.0
VTRNA1-2,0.0
RNU6-690P,0.0
RNU6-302P,0.0
RNY4P3,0.0
RNU1-100P,0.0
Y_RNA,0.0
Y_RNA,0.0
SNORD114-18,0.0
Y_RNA,0.0
Y_RNA,0.0
RNA5SP329,0.0
RNU6-407P,0.0
RNY4P28,0.0
RNU4-11P,0.0
RNU6-742P,0.0
RNU5E-7P,0.0
RNA5SP117,0.0
RNU1-114P,0.0
Y_RNA,0.0
RNU6-1327P,0.0
RNA5-8SP5,0.0
RNA5SP128,0.0
Y_RNA,0.0
Y_RNA,0.0
ENSG00000202183,0.0
RNU6-1283P,0.0
RNU6-497P,0.0
RNA5SP355,0.0
SNORD115-31,0.0
SNORA30B,0.0
Y_RNA,0.0
SNORD113-1,0.0
RNA5SP427,0.0
Y_RNA,0.0
7SK,0.0
RNU1-115P,0.0
Y_RNA,0.0
RNU6-1034P,0.0
RNU6-169P,0.0
Y_RNA,0.0
RNU1-51P,0.0
ENSG00000202216,0.0
RN7SKP47,0.0
Y_RNA,0.0
Y_RNA,0.0
RNA5SP240,0.0
RNU6-282P,0.0
RNU6-1138P,0.0
ENSG00000202231,0.0
U3,0.0
RNU6-53P,0.0
RNU6-396P,0.0
RNU6-737P,0.0
RN7SKP186,0.0
RNU6-1276P,0.0
RNU6-728P,0.0
RNU5E-5P,0.0
Y_RNA,0.0
SNORD14C,0.0
Y_RNA,0.0
Y_RNA,0.0
RNA5S16,0.0
RNU6-1318P,0.0
RN7SKP69,0.0
SNORD115-44,0.0
RNA5SP22,0.0
RNA5SP77,0.0
RNU6-596P,0.0
U3,0.0
U8,0.0
SNORD114-12,0.0
Y_RNA,0.0
Y_RNA,0.0
ENSG00000202275,0.0
Y_RNA,0.0
Y_RNA,0.0
RNA5SP235,0.0
ENSG00000202283,0.0
RNU6-117P,0.0
RNA5SP37,0.0
SNORD114-22,0.0
RNU6-1335P,0.0
RNY3P12,0.0
RNU6-487P,0.0
RNU6-1130P,0.0
Y_RNA,0.0
RNU6-996P,0.0
Y_RNA,0.0
Y_RNA,0.0
RNU1-64P,0.0
SNORD6,0.0
RNU1-84P,0.0
Y_RNA,0.0
RNA5SP131,0.0
RNA5SP366,0.0
RNU6-609P,0.0
RNA5SP167,0.0
Y_RNA,0.0
RNA5SP238,0.0
ENSG00000202335,0.0
RNU6-359P,0.0
RNU6-8,0.0
RNU4-45P,0.0
RNU6-1051P,0.0
ENSG00000202343,0.0
RN7SKP208,0.0
Y_RNA,0.0
RNU1-16P,0.0
RNU6-326P,0.0
RN7SKP204,0.0
RNY3,0.0
RNA5SP277,0.0
Y_RNA,0.0
RNU6-652P,0.0
RN7SKP249,0.0
Y_RNA,0.0
SNORA62,0.0
Y_RNA,0.0
SNORD115-43,0.0
SNORA62,0.0
SNORA25B,0.0
SNORA70,0.0
RNU1-55P,0.0
Y_RNA,0.0
RNA5SP279,0.0
Y_RNA,0.0
RNA5SP211,0.0
Y_RNA,0.0
SNORA70,0.0
RN7SKP292,0.0
RN7SKP1,0.0
RNU6-61P,0.0
Y_RNA,0.0
SNORD82,0.0
Y_RNA,0.0
RN7SKP187,0.0
Y_RNA,0.0
RNVU1-21,0.0
Y_RNA,0.0
RNA5SP259,0.0
RNY3P13,0.0
Y_RNA,0.0
RN7SKP269,0.0
Y_RNA,0.0
RNA5SP30,0.0
RNU6-827P,0.0
RNU6-744P,0.0
RNU6-108P,0.0
RNU4-48P,0.0
RNA5SP88,0.0
RNU6-438P,0.0
RNU6-54P,0.0
ENSG00000202434,0.0
Y_RNA,0.0
SNORD42,0.0
RNY4P10,0.0
RNU5E-6P,0.0
RNU6-669P,0.0
SNORA63,0.0
Y_RNA,0.0
Y_RNA,0.0
RNU4-17P,0.0
Y_RNA,0.0
Y_RNA,0.0
RNU4-20P,0.0
RNA5SP248,0.0
RN7SKP81,0.0
RNA5SP283,0.0
Y_RNA,0.0
RNU6-81P,0.0
SNORD14,0.0
RNU6-499P,0.0
RNU6-597P,0.0
RNU6-716P,0.0
Y_RNA,0.0
RNU6-898P,0.0
SNORD116,0.0
SNORD115-36,0.0
RNA5SP151,0.0
SNORD34,0.0
Y_RNA,0.0
RN7SKP230,0.0
RNU6-805P,0.0
Y_RNA,0.0
VTRNA1-3,0.0
ENSG00000202517,0.0
RNA5S7,0.0
Y_RNA,0.0
Y_RNA,0.0
RNA5S13,0.0
RNU6-650P,0.0
SNORD18B,0.0
RNU6-395P,0.0
Y_RNA,0.0
RNU6-1329P,0.0
Y_RNA,0.0
U8,0.0
RNU4-2,0.0
Y_RNA,0.0
MIR539,0.0
MIR421,0.0
MIR146B,0.0
MIR582,0.0
MIR488,0.0
ENSG00000203262,0.0
Metazoa_SRP,0.0
GPR160P1,0.0
SNF8P1,0.0
ENSG00000203396,0.0
SHISA5P2,0.0
OR6C71P,0.0
Metazoa_SRP,0.0
ACTBP6,0.0
BTBD7P1,0.0
FAM32BP,0.0
E2F3P2,0.0
Metazoa_SRP,0.0
ENSG00000203437,0.0
ENSG00000203462,0.0
HMGB1P39,0.0
OR2N1P,0.0
TAS2R2,0.0
ENSG00000203531,0.0
OR52J1P,0.0
Metazoa_SRP,0.0
OR1F2P,0.0
RHOT1P2,0.0
ENSG00000203647,0.0
ENSG00000203648,0.0
OR2W5P,0.0
OR10T1P,0.0
MSTO2P,0.0
S100A7P1,0.0
CCDC162P,0.0
ENSG00000203825,0.0
HSD3BP4,0.0
HSD3BP2,0.0
CHIAP2,0.0
HSP90B3P,0.0
LCN1P2,0.0
MYCLP1,0.0
ARMCX7P,0.0
BMP2KL,0.0
ECEL1P1,0.0
GGTA1,0.0
LRRC37A5P,0.0
BMS1P1,0.0
GGNBP1,0.0
RPL12P1,0.0
RPL12P16,0.0
HNRNPCP2,0.0
CYP21A1P,0.0
SSX20P,0.0
ENSG00000204399,0.0
CASP12,0.0
ENSG00000204429,0.0
POTEKP,0.0
CTSLP6,0.0
TRIM51BP,0.0
ENSG00000204456,0.0
TBC1D3P4,0.0
GUCY2EP,0.0
DEFB122,0.0
CFTRP3,0.0
ENSG00000204556,0.0
HLA-J,0.0
ARPP19P2,0.0
SSX9P,0.0
LINC02210,0.0
RPS26P8,0.0
CST9LP2,0.0
CST9LP1,0.0
CST13P,0.0
OR2U1P,0.0
UBTFL3,0.0
UBTFL5,0.0
CNN2P12,0.0
ENSG00000204745,0.0
ZNG1DP,0.0
REG1CP,0.0
ZNF204P,0.0
ENSG00000204790,0.0
FGF7P7,0.0
FGF7P5,0.0
ADGRF5P2,0.0
FGF7P3,0.0
NAT8B,0.0
ENSG00000204894,0.0
CD177P1,0.0
ARHGEF34P,0.0
PRSS3P4,0.0
OR4D8P,0.0
CRTC1P1,0.0
OR5G5P,0.0
GRM5P1,0.0
ENSG00000205044,0.0
HSP90AA4P,0.0
COX17P1,0.0
REXO1L1P,0.0
SLC10A5P1,0.0
KRT17P7,0.0
OR7E36P,0.0
KRT17P5,0.0
DGAT2L7P,0.0
KRT17P4,0.0
GCNT2P1,0.0
OR6C72P,0.0
GOLGA2P1,0.0
MT1CP,0.0
MT1DP,0.0
HNRNPA1P20,0.0
SNRPGP6,0.0
NBPF22P,0.0
SPDYE18,0.0
LINC03009,0.0
OR52A4P,0.0
SMG1P2,0.0
POM121B,0.0
DYNLL1P1,0.0
STAG3L1,0.0
FKBP6P1,0.0
ENSG00000205596,0.0
ENSG00000205625,0.0
ENSG00000205644,0.0
ENSG00000205695,0.0
CYP2D7,0.0
CFAP144P2,0.0
PKD1P4,0.0
RP9P,0.0
RPL31P5,0.0
CATSPER2P1,0.0
ENSG00000205794,0.0
TPTE2P6,0.0
OR7E91P,0.0
RPS3AP47,0.0
FAM90A2P,0.0
OR7E136P,0.0
ENSG00000205898,0.0
PDPK2P,0.0
PPP1R12BP2,0.0
HSP90AB2P,0.0
USP17L6P,0.0
HSP90AA5P,0.0
ENSG00000205976,0.0
DEFB109C,0.0
OR7E161P,0.0
DEFB109B,0.0
DEFA7P,0.0
IGLL3P,0.0
ENSG00000206090,0.0
EGFEM1P,0.0
MAPK6P1,0.0
P2RX6P,0.0
RPL23AP57,0.0
HERC2P9,0.0
GYG2P1,0.0
C4orf46P1,0.0
HBZP1,0.0
ANKRD20A9P,0.0
HNRNPA1P4,0.0
HLA-H,0.0
ENSG00000206356,0.0
PPIAP30,0.0
Y_RNA,0.0
RNU6-1292P,0.0
RNVU1-7,0.0
RNU6-46P,0.0
RNU1-28P,0.0
RNU6-354P,0.0
RNU6-132P,0.0
ENSG00000206592,0.0
RNU6-47P,0.0
RNU6-877P,0.0
RNU1-27P,0.0
SNORA57,0.0
RNU6-1286P,0.0
RNU6-841P,0.0
RNU6-25P,0.0
RNU6-431P,0.0
SNORD58A,0.0
SNORA22B,0.0
RNU6-425P,0.0
RNU6-946P,0.0
RNU6-1296P,0.0
SNORD116-11,0.0
SNORD24,0.0
SNORA2A,0.0
RNU6-1336P,0.0
RNU6-477P,0.0
RNU6-338P,0.0
RNU6-741P,0.0
RNY1P5,0.0
RNU6-1264P,0.0
SNORD45C,0.0
SNORD116-14,0.0
SNORA69,0.0
RNU6-979P,0.0
RNU1-39P,0.0
RNU6-1,0.0
RNU6-969P,0.0
RNU1-63P,0.0
SNORD60,0.0
RNU6-657P,0.0
SNORA80B,0.0
SNORA22,0.0
RNU6-1062P,0.0
Y_RNA,0.0
SNORA70H,0.0
RNU6-672P,0.0
Y_RNA,0.0
Y_RNA,0.0
RNU6-449P,0.0
RNU6-1279P,0.0
Y_RNA,0.0
Y_RNA,0.0
ENSG00000206647,0.0
ENSG00000206649,0.0
SNORA70G,0.0
Y_RNA,0.0
RNU1-1,0.0
RNU6-608P,0.0
SNORD116-17,0.0
RNU6-1039P,0.0
Y_RNA,0.0
Y_RNA,0.0
SNORA70,0.0
Y_RNA,0.0
Y_RNA,0.0
RNU6-573P,0.0
Y_RNA,0.0
RNU6-471P,0.0
Y_RNA,0.0
RNU6-945P,0.0
RNU6-32P,0.0
Y_RNA,0.0
Y_RNA,0.0
RNU6-144P,0.0
Y_RNA,0.0
SNORD21,0.0
RNU6-730P,0.0
Y_RNA,0.0
RNU6-157P,0.0
RNU6-1189P,0.0
RNU6-1036P,0.0
RNU1-109P,0.0
SNORD116-18,0.0
Y_RNA,0.0
Y_RNA,0.0
SNORA56,0.0
RNU6-442P,0.0
RNY1P8,0.0
RNU1-73P,0.0
Y_RNA,0.0
RNU6-723P,0.0
RNU6-1040P,0.0
RNU1-11P,0.0
RNU6-128P,0.0
Y_RNA,0.0
Y_RNA,0.0
Y_RNA,0.0
RNU6-1227P,0.0
RNU6-1080P,0.0
RNU6-147P,0.0
Y_RNA,0.0
RNU6-26P,0.0
Y_RNA,0.0
Y_RNA,0.0
RNU6-444P,0.0
RNU6-133P,0.0
Y_RNA,0.0
RNU6-546P,0.0
Y_RNA,0.0
Y_RNA,0.0
RNU6-1074P,0.0
RNU6-1056P,0.0
RNU6-756P,0.0
RNU6-1027P,0.0
RNU6-259P,0.0
SNORD116-9,0.0
Y_RNA,0.0
RNU6-1126P,0.0
RNU6-468P,0.0
ENSG00000206731,0.0
RNU6-936P,0.0
RNU6-641P,0.0
Y_RNA,0.0
RNVU1-18,0.0
Y_RNA,0.0
Y_RNA,0.0
Y_RNA,0.0
RNU6-484P,0.0
RNU6-620P,0.0
RNU6-643P,0.0
RNU6-142P,0.0
RNU6-245P,0.0
RNU6-1083P,0.0
Y_RNA,0.0
RNU6-1323P,0.0
SNORD101,0.0
SNORA30,0.0
Y_RNA,0.0
RNU6-317P,0.0
RNU6-787P,0.0
SNORA6,0.0
RNU6-418P,0.0
RNU6-10P,0.0
RNU6-152P,0.0
RNU6-203P,0.0
RNU6-435P,0.0
RNU6-949P,0.0
Y_RNA,0.0
RNU6-116P,0.0
Y_RNA,0.0
RNU6-44P,0.0
RNU6-211P,0.0
SNORD37,0.0
ENSG00000206776,0.0
RNU6-637P,0.0
RNU6-213P,0.0
Y_RNA,0.0
SNORA75B,0.0
Y_RNA,0.0
RNU6-224P,0.0
Y_RNA,0.0
SNORA15B-2,0.0
RNU6-701P,0.0
RNU6-76P,0.0
RNU6-629P,0.0
Y_RNA,0.0
RNU1-129P,0.0
Y_RNA,0.0
Y_RNA,0.0
RNU6-811P,0.0
Y_RNA,0.0
SNORA32,0.0
RNY3P7,0.0
RNU6-639P,0.0
RNU6-926P,0.0
RNU6-968P,0.0
RNU6-1293P,0.0
Y_RNA,0.0
Y_RNA,0.0
RNU6-815P,0.0
Y_RNA,0.0
SNORA10,0.0
RNU6-38P,0.0
Y_RNA,0.0
Y_RNA,0.0
RNU6-483P,0.0
Y_RNA,0.0
Y_RNA,0.0
RNU6-849P,0.0
RNU6-260P,0.0
RNU1-138P,0.0
Y_RNA,0.0
Y_RNA,0.0
RNU6-974P,0.0
RNU6-1032P,0.0
RNVU1-30,0.0
RNU6V,0.0
RNU6-20P,0.0
SNORA1,0.0
RNU1-74P,0.0
RNU6-1029P,0.0
SNORA5A,0.0
RNU6-746P,0.0
Y_RNA,0.0
RNU6-409P,0.0
RNU6-413P,0.0
RNU6-206P,0.0
Y_RNA,0.0
RNU6-209P,0.0
Y_RNA,0.0
Y_RNA,0.0
RNU6-890P,0.0
ENSG00000206849,0.0
Y_RNA,0.0
RNU6-895P,0.0
ENSG00000206853,0.0
RNY3P5,0.0
RNU6-571P,0.0
RNU6-214P,0.0
Y_RNA,0.0
RNU6-767P,0.0
Y_RNA,0.0
RNU5A-6P,0.0
RNU6-207P,0.0
Y_RNA,0.0
RNU6-187P,0.0
RNU6-356P,0.0
SNORA70F,0.0
RNU6-398P,0.0
RNU6-533P,0.0
RNU6-761P,0.0
RNU6-1103P,0.0
ENSG00000206878,0.0
RNU6-1310P,0.0
RNU6-190P,0.0
RNA5SP87,0.0
SNORA75,0.0
SNORA70,0.0
RNU6-1008P,0.0
RNU6-48P,0.0
RNU6-1200P,0.0
RNU6-217P,0.0
RNU6-42P,0.0
Y_RNA,0.0
RNU6-1124P,0.0
SNORA9B,0.0
ENSG00000206898,0.0
RNU6-36P,0.0
RNU6-98P,0.0
SNORA72,0.0
SNORA24B,0.0
Y_RNA,0.0
RNU6-458P,0.0
RNU6-1013P,0.0
RNU1-136P,0.0
SNORA70J,0.0
SNORA29,0.0
Y_RNA,0.0
Y_RNA,0.0
ENSG00000206913,0.0
Y_RNA,0.0
RNU6-439P,0.0
RNU1-52P,0.0
RNU6-1181P,0.0
RNY1P6,0.0
RNU6-481P,0.0
RNU6-80P,0.0
RNU6-432P,0.0
RNU6-689P,0.0
Y_RNA,0.0
RNU6-1024P,0.0
Y_RNA,0.0
Y_RNA,0.0
RNU6-1042P,0.0
RNU6-4P,0.0
RNU6-514P,0.0
RNU4-52P,0.0
SNORA70B,0.0
RNU4-31P,0.0
RNU6-281P,0.0
SNORD15A,0.0
RNU6-708P,0.0
SNORA20B,0.0
SNORA36A,0.0
RNU6-1324P,0.0
Y_RNA,0.0
Y_RNA,0.0
SNORA50A,0.0
RNU6-1201P,0.0
Y_RNA,0.0
SNORA70,0.0
Y_RNA,0.0
RNU6-793P,0.0
ENSG00000206961,0.0
RNU6-74P,0.0
RNU6-675P,0.0
Y_RNA,0.0
RNU6-5P,0.0
Y_RNA,0.0
RNU6-1316P,0.0
RNU6-474P,0.0
RNU6-17P,0.0
RNU6-1145P,0.0
RNU6-1144P,0.0
RNU6-13P,0.0
ENSG00000206976,0.0
ENSG00000206977,0.0
Y_RNA,0.0
SNORD61,0.0
RNU6-662P,0.0
RNU6-40P,0.0
Y_RNA,0.0
RNU6-49P,0.0
RNU6-198P,0.0
U8,0.0
SNORD63,0.0
Y_RNA,0.0
RNU6-610P,0.0
RNU6-574P,0.0
Y_RNA,0.0
RNU6-842P,0.0
RNU6-524P,0.0
Y_RNA,0.0
RNU6-622P,0.0
RNU6-820P,0.0
SNORD116-2,0.0
ENSG00000207002,0.0
RNU6-611P,0.0
RNU6-301P,0.0
RNU1-2,0.0
RNU6-891P,0.0
SNORA54,0.0
Y_RNA,0.0
RNU6-318P,0.0
RNY4P13,0.0
RNU6-72P,0.0
RNU6-804P,0.0
SNORD116-3,0.0
SNORA36C,0.0
RNU6-167P,0.0
Y_RNA,0.0
Y_RNA,0.0
ENSG00000207022,0.0
RNU6-975P,0.0
Y_RNA,0.0
Y_RNA,0.0
RNU6-472P,0.0
ENSG00000207027,0.0
RNU6-43P,0.0
SNORD59A,0.0
Y_RNA,0.0
RNU6-154P,0.0
Y_RNA,0.0
RNY3P14,0.0
RNU6-339P,0.0
Y_RNA,0.0
RNU6-3P,0.0
RNU6-196P,0.0
RNU6-1226P,0.0
RNU6-532P,0.0
RNU6-886P,0.0
SNORD51,0.0
Y_RNA,0.0
SNORA27,0.0
RNU6-378P,0.0
RNU6-937P,0.0
RNU1-8P,0.0
RNU6-784P,0.0
RNU6-480P,0.0
Y_RNA,0.0
SNORA15B-1,0.0
SNORD116-1,0.0
RNU5A-2P,0.0
SNORA72,0.0
RNU6-463P,0.0
Y_RNA,0.0
RNU6-1207P,0.0
RNU6-39P,0.0
Y_RNA,0.0
Y_RNA,0.0
RNU6-1113P,0.0
RNU6-1119P,0.0
Y_RNA,0.0
RNU6-616P,0.0
RNU6-171P,0.0
RNU6-22P,0.0
SNORA72,0.0
Y_RNA,0.0
RNU6-242P,0.0
SNORA7B,0.0
RNU6-921P,0.0
RNU6-517P,0.0
Y_RNA,0.0
Y_RNA,0.0
SNORD116-8,0.0
ENSG00000207094,0.0
RNU6-424P,0.0
RNU6-614P,0.0
SNORA70,0.0
RNU6-166P,0.0
ENSG00000207100,0.0
Y_RNA,0.0
RNU6-434P,0.0
Y_RNA,0.0
Y_RNA,0.0
SNORD38C,0.0
RNVU1-32,0.0
SNORA25,0.0
RNU6-16P,0.0
RNU6-348P,0.0
RNU6-364P,0.0
RNU6-31P,0.0
Y_RNA,0.0
SNORD14D,0.0
U3,0.0
RNU6-1230P,0.0
RNU6-591P,0.0
Y_RNA,0.0
RNU6-163P,0.0
Y_RNA,0.0
RNU6-729P,0.0
RNA5SP187,0.0
ENSG00000207130,0.0
Y_RNA,0.0
Y_RNA,0.0
SNORD116-7,0.0
RNU6-106P,0.0
RNU6-452P,0.0
RNU6-769P,0.0
SNORD116-13,0.0
RNU6-869P,0.0
Y_RNA,0.0
Y_RNA,0.0
RNU6-1297P,0.0
SNORA18,0.0
Y_RNA,0.0
ENSG00000207147,0.0
Y_RNA,0.0
RNU6-465P,0.0
RNU6-185P,0.0
Y_RNA,0.0
RNU6-933P,0.0
RNU1-46P,0.0
RNY1P14,0.0
RNU6-505P,0.0
RNY3P4,0.0
RNU6-929P,0.0
RNU6-1289P,0.0
Y_RNA,0.0
RNU6-549P,0.0
RNU6-905P,0.0
Y_RNA,0.0
SNORA70,0.0
SNORA68,0.0
RNU6-1340P,0.0
SNORA15,0.0
RNU6-24P,0.0
RNU6-1215P,0.0
ENSG00000207171,0.0
RNU6-1162P,0.0
Y_RNA,0.0
SNORD116-15,0.0
RNU1-67P,0.0
Y_RNA,0.0
ENSG00000207177,0.0
RNU6-1122P,0.0
RNU6-411P,0.0
SNORA14B,0.0
RNU1-44P,0.0
RNU6-843P,0.0
RNU6-1157P,0.0
RNA5SP122,0.0
SNORA10B,0.0
Y_RNA,0.0
RNU6-809P,0.0
SNORD116-5,0.0
RNU6-649P,0.0
Y_RNA,0.0
RNU6-1026P,0.0
Y_RNA,0.0
Y_RNA,0.0
SNORD116-12,0.0
RNU6-1195P,0.0
SNORD38D,0.0
RNU6-45P,0.0
RNU1-148P,0.0
RNU6-800P,0.0
RNU6-71P,0.0
RNU6-393P,0.0
RNVU1-15,0.0
RNU6-1035P,0.0
Y_RNA,0.0
RNU6-790P,0.0
Y_RNA,0.0
Y_RNA,0.0
RNU6-102P,0.0
SNORD3H,0.0
SNORA80D,0.0
Y_RNA,0.0
RNU1-57P,0.0
SNORA70E,0.0
RNU6-456P,0.0
Y_RNA,0.0
RNU6-692P,0.0
RNU6-900P,0.0
Y_RNA,0.0
Y_RNA,0.0
SNORA37,0.0
RNU6-125P,0.0
Y_RNA,0.0
RNU6-110P,0.0
Y_RNA,0.0
SNORD45A,0.0
RNU6-1065P,0.0
Y_RNA,0.0
SNORA70,0.0
SNORD116-29,0.0
Y_RNA,0.0
RNU6-1005P,0.0
SNORA72,0.0
RNU6-342P,0.0
Y_RNA,0.0
RNU6-1117P,0.0
RNU6-880P,0.0
RNU6-18P,0.0
Y_RNA,0.0
RNU6-35P,0.0
RNU6-738P,0.0
SNORD116-16,0.0
RNU6-15P,0.0
Y_RNA,0.0
RNU6-1241P,0.0
RNU6-1081P,0.0
SNORA70C,0.0
RN7SKP62,0.0
RNU6-601P,0.0
Y_RNA,0.0
SNORA70I,0.0
RNU6-441P,0.0
RNU6-1160P,0.0
RNA5SP284,0.0
RNU6-831P,0.0
SNORD116-24,0.0
SNORD20,0.0
Y_RNA,0.0
Y_RNA,0.0
Y_RNA,0.0
Y_RNA,0.0
RNU6-1274P,0.0
RNU6-1235P,0.0
Y_RNA,0.0
RNU6-30P,0.0
Y_RNA,0.0
Y_RNA,0.0
Y_RNA,0.0
RNU6-851P,0.0
RNU6-140P,0.0
SNORD7,0.0
RNU6-83P,0.0
ENSG00000207299,0.0
Y_RNA,0.0
Y_RNA,0.0
Y_RNA,0.0
SNORA8,0.0
Y_RNA,0.0
RNU6-1152P,0.0
RNU6-145P,0.0
RNU6-878P,0.0
RNU4-70P,0.0
RNU6-1127P,0.0
RNU6-429P,0.0
SNORA2B,0.0
Y_RNA,0.0
Y_RNA,0.0
RNU6-1184P,0.0
Y_RNA,0.0
Y_RNA,0.0
RNU6-160P,0.0
RNU1-89P,0.0
RNU6-901P,0.0
RNY1P4,0.0
Y_RNA,0.0
RNU6-883P,0.0
RNU6-636P,0.0
Y_RNA,0.0
RNU6-73P,0.0
RNU6-1263P,0.0
RNU6-146P,0.0
RNU6-680P,0.0
RNU6-12P,0.0
RNU6-658P,0.0
RNU6-296P,0.0
RNVU1-1,0.0
RNA5SP64,0.0
Y_RNA,0.0
RNU6-225P,0.0
SNORA22C,0.0
RNU6-1222P,0.0
RNU6-306P,0.0
RNVU1-17,0.0
Y_RNA,0.0
RNU6-540P,0.0
RNU6-1257P,0.0
Y_RNA,0.0
RNU6-2,0.0
RNU6-925P,0.0
RNU6-14P,0.0
RNU6-178P,0.0
RNU6-422P,0.0
Y_RNA,0.0
RNU6-939P,0.0
Y_RNA,0.0
RNU6-297P,0.0
RNU6-29P,0.0
Y_RNA,0.0
RNU6-665P,0.0
Y_RNA,0.0
Y_RNA,0.0
SNORD116-23,0.0
RNU6-748P,0.0
Y_RNA,0.0
Y_RNA,0.0
RNU6-950P,0.0
Y_RNA,0.0
Y_RNA,0.0
Y_RNA,0.0
RNU6-310P,0.0
Y_RNA,0.0
Y_RNA,0.0
RNU1-4,0.0
Y_RNA,0.0
SNORA20,0.0
RNU6-136P,0.0
RNU6-1060P,0.0
Y_RNA,0.0
RNU6-1179P,0.0
RNU6-1011P,0.0
Y_RNA,0.0
RNU6-959P,0.0
Y_RNA,0.0
Y_RNA,0.0
SNORA64,0.0
SNORA41,0.0
ENSG00000207407,0.0
Y_RNA,0.0
ENSG00000207410,0.0
Y_RNA,0.0
RNU6-455P,0.0
RNU6-768P,0.0
RNU6-1151P,0.0
Y_RNA,0.0
Y_RNA,0.0
ENSG00000207419,0.0
Y_RNA,0.0
SNORD38B,0.0
RNU6-813P,0.0
Y_RNA,0.0
Y_RNA,0.0
RNU6-95P,0.0
U8,0.0
RNU6-906P,0.0
U8,0.0
RNU6-246P,0.0
RNU6-1072P,0.0
RNU6-114P,0.0
Y_RNA,0.0
Y_RNA,0.0
RNU6-541P,0.0
RNU6-21P,0.0
SNORD116-6,0.0
RNU6-417P,0.0
SNORD56B,0.0
SNORD15B,0.0
RNU6-520P,0.0
RNU6-19P,0.0
Y_RNA,0.0
RNU6-291P,0.0
RNU6-606P,0.0
RNU6-535P,0.0
RNU6-1104P,0.0
RNU6-331P,0.0
RNU6-997P,0.0
RNU6-476P,0.0
RNY3P9,0.0
RNU6-1311P,0.0
SNORD116-19,0.0
RNU6-253P,0.0
RNU6-376P,0.0
Y_RNA,0.0
Y_RNA,0.0
SNORA19,0.0
RNU6-41P,0.0
Y_RNA,0.0
RNY1P7,0.0
SNORA80E,0.0
RNU6-286P,0.0
Y_RNA,0.0
Y_RNA,0.0
RNU6-1067P,0.0
Y_RNA,0.0
RNU6-1044P,0.0
Y_RNA,0.0
RNU6-987P,0.0
RNU6-713P,0.0
SNORA46,0.0
Y_RNA,0.0
RNY3P10,0.0
SNORA7A,0.0
Y_RNA,0.0
Y_RNA,0.0
SNORD102,0.0
RNVU1-14,0.0
ENSG00000207502,0.0
ENSG00000207503,0.0
RNU6-1031P,0.0
RNU6-1105P,0.0
RNU6-9,0.0
RNU6-1237P,0.0
RNU6-771P,0.0
Y_RNA,0.0
RNU1-3,0.0
RNU6-555P,0.0
SNORA41B,0.0
RNU6-59P,0.0
SNORA66,0.0
RNU6-33P,0.0
Y_RNA,0.0
MIR548C,0.0
MIR25,0.0
MIR217,0.0
MIR521-2,0.0
MIR99B,0.0
MIR608,0.0
MIR633,0.0
MIR647,0.0
MIR578,0.0
MIR635,0.0
MIR34C,0.0
MIR23B,0.0
MIR203A,0.0
MIR433,0.0
MIR615,0.0
MIR550A2,0.0
MIR661,0.0
MIR649,0.0
MIR587,0.0
MIR583,0.0
MIR662,0.0
MIR526B,0.0
MIR199B,0.0
MIR30B,0.0
MIR606,0.0
MIR181D,0.0
MIR135A2,0.0
MIR544A,0.0
MIR593,0.0
MIR508,0.0
MIR215,0.0
MIR520A,0.0
MIR181A2,0.0
MIR490,0.0
MIR124-3,0.0
MIR520E,0.0
MIR598,0.0
MIR206,0.0
MIR191,0.0
MIR554,0.0
MIR200A,0.0
MIR127,0.0
MIR491,0.0
MIR149,0.0
MIR604,0.0
MIR181C,0.0
MIR193A,0.0
MIR515-2,0.0
MIR515-1,0.0
MIR3074,0.0
MIR585,0.0
MIR516A2,0.0
MIR619,0.0
MIR194-1,0.0
MIR128-2,0.0
MIR562,0.0
MIR581,0.0
MIR651,0.0
MIR526A1,0.0
MIR7-3,0.0
MIR641,0.0
MIR588,0.0
MIR505,0.0
MIR521-1,0.0
MIR499A,0.0
MIR595,0.0
MIR99A,0.0
MIR193B,0.0
MIR510,0.0
MIR571,0.0
MIR512-2,0.0
MIR512-1,0.0
MIR655,0.0
MIR153-1,0.0
MIR138-2,0.0
MIR570,0.0
MIR28,0.0
MIR621,0.0
MIR558,0.0
MIR128-1,0.0
MIR489,0.0
MIR548AA2,0.0
MIR548A2,0.0
MIR183,0.0
MIR592,0.0
MIR602,0.0
MIR184,0.0
MIR659,0.0
MIR573,0.0
MIR32,0.0
MIR518A2,0.0
MIR597,0.0
MIR211,0.0
MIR7-2,0.0
MIR548AA1,0.0
MIR129-1,0.0
MIR518F,0.0
MIR141,0.0
MIR525,0.0
MIR627,0.0
MIR200C,0.0
MIR584,0.0
MIR572,0.0
MIR551B,0.0
MIR623,0.0
MIR186,0.0
MIR520B,0.0
MIR222,0.0
MIR455,0.0
MIR449B,0.0
MIR556,0.0
MIR200B,0.0
MIR506,0.0
MIR218-1,0.0
MIR517A,0.0
MIR520D,0.0
MIR657,0.0
MIR181B2,0.0
MIR520C,0.0
MIR218-2,0.0
MIR590,0.0
MIR487A,0.0
MIR495,0.0
MIR10B,0.0
MIR575,0.0
MIR299,0.0
MIR553,0.0
ENSG00000207751,0.0
MIR199A1,0.0
MIR487B,0.0
MIR450A2,0.0
MIR580,0.0
MIR93,0.0
MIR532,0.0
MIR181A1,0.0
MIR329-1,0.0
MIR329-2,0.0
MIR617,0.0
MIR626,0.0
MIR516A1,0.0
MIR188,0.0
MIR586,0.0
MIR550A1,0.0
MIR642A,0.0
MIR548A1,0.0
MIR551A,0.0
MIR3591,0.0
MIR15B,0.0
MIR648,0.0
MIR625,0.0
MIR150,0.0
MIR542,0.0
MIR500A,0.0
MIR519C,0.0
MIR26A2,0.0
MIR187,0.0
MIR216A,0.0
MIR520G,0.0
MIR504,0.0
MIR646,0.0
MIR518A1,0.0
MIR599,0.0
MIR483,0.0
MIR95,0.0
MIR27A,0.0
MIR519E,0.0
MIR34B,0.0
MIR605,0.0
MIR147A,0.0
MIR563,0.0
MIR124-2,0.0
MIR105-2,0.0
MIR545,0.0
MIR640,0.0
MIR519B,0.0
MIR596,0.0
MIR30A,0.0
MIR517B,0.0
MIR517C,0.0
MIR33B,0.0
MIR520H,0.0
MIR518B,0.0
MIR125B2,0.0
MIR27B,0.0
MIR514A2,0.0
MIR514A3,0.0
MIR514A1,0.0
MIR498,0.0
MIR221,0.0
MIR513B,0.0
MIR513A1,0.0
MIR610,0.0
ENSG00000207922,0.0
MIR559,0.0
MIR196A2,0.0
MIR516B2,0.0
MIR135A1,0.0
MIR302A,0.0
MIR603,0.0
MIR577,0.0
MIR33A,0.0
MIR9-1,0.0
MIR654,0.0
MIR204,0.0
MIR511,0.0
MIR567,0.0
MIR552,0.0
MIR136,0.0
MIR634,0.0
MIR574,0.0
MIR516B1,0.0
MIR152,0.0
MIR328,0.0
MIR561,0.0
MIR624,0.0
MIR138-1,0.0
MIR579,0.0
MIR105-1,0.0
MIR656,0.0
MIR153-2,0.0
MIR496,0.0
MIR30C1,0.0
MIR569,0.0
MIR629,0.0
MIR620,0.0
MIR507,0.0
MIR660,0.0
MIR125B1,0.0
MIR638,0.0
MIR589,0.0
MIR557,0.0
MIR181B1,0.0
MIR607,0.0
MIR154,0.0
MIR527,0.0
MIR23A,0.0
MIR519D,0.0
MIR548B,0.0
MIR613,0.0
MIR513A2,0.0
MIR518E,0.0
MIR576,0.0
MIR493,0.0
MIR182,0.0
MIR601,0.0
MIR519A1,0.0
MIR134,0.0
MIR100,0.0
MIR325,0.0
MIR301A,0.0
MIR644A,0.0
MIR509-1,0.0
MIR431,0.0
MIR643,0.0
MIR549A,0.0
MIR323B,0.0
MIR503,0.0
MIR16-1,0.0
MIR125A,0.0
MIR130A,0.0
MIRLET7F2,0.0
MIR652,0.0
MIR653,0.0
MIR362,0.0
MIR140,0.0
MIR645,0.0
MIR618,0.0
MIR185,0.0
MIR199A2,0.0
MIR591,0.0
MIR485,0.0
MIR616,0.0
MIR548A3,0.0
MIR609,0.0
MIR106B,0.0
MIR320A,0.0
SNORA40B,0.0
SNORD94,0.0
SNORD73A,0.0
SNORA35,0.0
SNORD96B,0.0
SNORA49,0.0
SNORD12C,0.0
MT-TL1,0.0
SNORD83B,0.0
SNORD83A,0.0
SNORA48,0.0
SNORD105,0.0
SNORD41,0.0
MT-TF,0.0
MT-TV,0.0
MT-RNR2,0.0
MT-TI,0.0
MT-TQ,0.0
MT-TM,0.0
MT-TW,0.0
MT-TA,0.0
MT-TN,0.0
MT-TC,0.0
MT-TY,0.0
MT-TS1,0.0
MT-TD,0.0
MT-TK,0.0
MT-TG,0.0
MT-TR,0.0
MT-TH,0.0
RNU6ATAC4P,0.0
MT-TS2,0.0
MT-TL2,0.0
MT-TE,0.0
MT-TT,0.0
MT-TP,0.0
RNU6ATAC2P,0.0
RNU6ATAC3P,0.0
MIR196A1,0.0
SNORA40,0.0
RNU6ATAC5P,0.0
RNU6ATAC26P,0.0
MIR190A,0.0
GNRHR2,0.0
AKR7L,0.0
MT-RNR1,0.0
MIR320D1,0.0
MIR320E,0.0
MIR454,0.0
MIR216B,0.0
MIR526A2,0.0
MIR501,0.0
MIR320B1,0.0
MIR3065,0.0
MIR670,0.0
MIR770,0.0
MIR760,0.0
MIR766,0.0
MIR759,0.0
MIR769,0.0
MIR765,0.0
MIR758,0.0
MIR767,0.0
MIR802,0.0
MIR762,0.0
MIR676,0.0
MIR708,0.0
MIR509-2,0.0
MIR509-3,0.0
MIR548U,0.0
MIR550A3,0.0
MIR374B,0.0
MIR548BA,0.0
MIR543,0.0
MIR320C2,0.0
MIR764,0.0
MIR301B,0.0
TAS2R15P,0.0
RNU6-1168P,0.0
ENSG00000212134,0.0
SNORD67,0.0
RNU6-696P,0.0
RNA5SP372,0.0
RNU6-1320P,0.0
U8,0.0
U8,0.0
RNU6-910P,0.0
RNU6-1106P,0.0
ENSG00000212149,0.0
RNU1-82P,0.0
RNA5SP377,0.0
RNU6-576P,0.0
RNU6-1319P,0.0
SNORD66,0.0
RNU6-205P,0.0
ENSG00000212161,0.0
SNORD91A,0.0
U3,0.0
RNU6-763P,0.0
ENSG00000212168,0.0
RNU1-77P,0.0
RNA5SP86,0.0
RNU1-149P,0.0
ENSG00000212175,0.0
RNA5SP207,0.0
ENSG00000212181,0.0
U3,0.0
RNU6-440P,0.0
RNU6-258P,0.0
ENSG00000212187,0.0
RNU6-328P,0.0
RNU6-298P,0.0
ENSG00000212191,0.0
U3,0.0
RNU6-127P,0.0
RNA5SP91,0.0
Y_RNA,0.0
ENSG00000212206,0.0
RNU6-1321P,0.0
U3,0.0
SNORA48B,0.0
RNU6-913P,0.0
RNU6-816P,0.0
RNU6-604P,0.0
RNU6-220P,0.0
ENSG00000212224,0.0
RNU6-907P,0.0
ENSG00000212228,0.0
ENSG00000212229,0.0
RNU6-747P,0.0
SNORD17,0.0
RNA5SP18,0.0
RNA5SP244,0.0
RNU6-930P,0.0
Y_RNA,0.0
RNA5SP219,0.0
RNU6-360P,0.0
RNU6-278P,0.0
RNU6-750P,0.0
U8,0.0
RNA5SP376,0.0
RNU6-1176P,0.0
RNA5SP176,0.0
RNU6-308P,0.0
RNU6-724P,0.0
SNORD65C,0.0
RNA5SP185,0.0
ENSG00000212266,0.0
RNU6-788P,0.0
ENSG00000212270,0.0
ENSG00000212273,0.0
RNA5SP292,0.0
SNORD81,0.0
ENSG00000212279,0.0
RNA5SP256,0.0
RNU6-578P,0.0
SNORD89,0.0
RNA5SP339,0.0
RNU6-239P,0.0
ENSG00000212293,0.0
SNORD28B,0.0
SNORD72,0.0
RNU6-821P,0.0
RNU6-1009P,0.0
ENSG00000212302,0.0
RNU6-1154P,0.0
SNORD12,0.0
RNU6-679P,0.0
Y_RNA,0.0
RNA5SP23,0.0
SNORD70B,0.0
RNA5SP109,0.0
RNU6-1307P,0.0
RNU6-1228P,0.0
Y_RNA,0.0
U3,0.0
RNU6-129P,0.0
Y_RNA,0.0
RNU6-882P,0.0
RNU6-316P,0.0
RNU6-244P,0.0
RNA5SP297,0.0
RNU6-780P,0.0
RNA5SP213,0.0
Y_RNA,0.0
RNA5SP210,0.0
ENSG00000212338,0.0
RNU6-739P,0.0
ENSG00000212342,0.0
RNU6-823P,0.0
RNU6-700P,0.0
ENSG00000212347,0.0
RNU6-1300P,0.0
RNU6-1242P,0.0
RNU6-837P,0.0
RNU6-550P,0.0
RNU6-1177P,0.0
ENSG00000212363,0.0
RNA5SP332,0.0
RNU6-1246P,0.0
RNU6-1000P,0.0
RNU6-482P,0.0
ENSG00000212371,0.0
RNA5SP171,0.0
RNU6-401P,0.0
ENSG00000212377,0.0
ENSG00000212378,0.0
RNU6-269P,0.0
SNORD115-45,0.0
RNU6-159P,0.0
ENSG00000212383,0.0
SNORD113-2,0.0
RNU6-817P,0.0
RNU6-1055P,0.0
RNU6-796P,0.0
RNU6-1275P,0.0
ENSG00000212391,0.0
Y_RNA,0.0
ENSG00000212395,0.0
RNA5SP323,0.0
ENSG00000212397,0.0
RNU6-1248P,0.0
SNORA74B,0.0
Y_RNA,0.0
RNU6-663P,0.0
RNY4P18,0.0
RNU6-932P,0.0
SNORD115,0.0
RNU11-3P,0.0
SNORD77B,0.0
ENSG00000212415,0.0
RNY4P36,0.0
RNU6-1111P,0.0
ENSG00000212421,0.0
U3,0.0
RNU1-119P,0.0
RNA5SP105,0.0
SNORD115,0.0
RNU11-6P,0.0
SNORA75,0.0
RNA5SP252,0.0
U3,0.0
SNORA75,0.0
RNU6-1269P,0.0
RNU6-243P,0.0
SNORA53,0.0
ENSG00000212445,0.0
RNU6-131P,0.0
SNORD90,0.0
Y_RNA,0.0
RNU6-241P,0.0
RNU11-4P,0.0
SNORD69,0.0
RNA5SP286,0.0
ENSG00000212455,0.0
RNU6-644P,0.0
ENSG00000212458,0.0
RNU6-695P,0.0
RNU6-460P,0.0
ENSG00000212461,0.0
SNORA12,0.0
RNU6-952P,0.0
RNU6-754P,0.0
RNU6-1158P,0.0
RNU1-101P,0.0
RNU6-400P,0.0
U3,0.0
RNU6-530P,0.0
RNU6-1197P,0.0
RNU6-1109P,0.0
ENSG00000212490,0.0
SNORD19,0.0
RNU6-332P,0.0
RNU6-1093P,0.0
RNA5SP465,0.0
SNORD86,0.0
RNA5SP300,0.0
RNA5SP299,0.0
RNU6-972P,0.0
U3,0.0
Y_RNA,0.0
RNU6-1268P,0.0
ENSG00000212517,0.0
RNU11-5P,0.0
RNU6-1250P,0.0
RNU6-918P,0.0
RNA5SP212,0.0
RNU6-466P,0.0
RNA5SP63,0.0
SNORD115-47,0.0
ENSG00000212529,0.0
ENSG00000212532,0.0
SNORA75,0.0
SNORD70,0.0
RNU6-808P,0.0
RNA5SP474,0.0
U3,0.0
U3,0.0
RNU6-510P,0.0
RNA5SP496,0.0
RNU6-337P,0.0
RNU6-995P,0.0
RNA5SP354,0.0
RNU1-78P,0.0
U3,0.0
SNORD116,0.0
RNU6-192P,0.0
Y_RNA,0.0
ENSG00000212558,0.0
RNA5SP35,0.0
RNU6-630P,0.0
RNU6-381P,0.0
RNU6-1326P,0.0
ENSG00000212565,0.0
ENSG00000212567,0.0
RNU6-1254P,0.0
Y_RNA,0.0
RNA5SP482,0.0
RNU6-903P,0.0
RNA5SP467,0.0
ENSG00000212579,0.0
SNORA75,0.0
U8,0.0
RNU6-587P,0.0
ENSG00000212586,0.0
SNORA40C,0.0
SNORA26,0.0
ENSG00000212589,0.0
ENSG00000212590,0.0
SNORA75,0.0
U8,0.0
RNA5SP525,0.0
RNU6-876P,0.0
U3,0.0
RNU6-279P,0.0
RNA5SP53,0.0
ENSG00000212604,0.0
RNU1-56P,0.0
SNORA3B,0.0
ENSG00000212608,0.0
RNU1-139P,0.0
U3,0.0
SNORD30,0.0
RNU6-1239P,0.0
SNORD58,0.0
ENSG00000212618,0.0
SNORA75,0.0
RNU6-493P,0.0
ENSG00000212624,0.0
RNA5SP397,0.0
ENSG00000212626,0.0
RNA5SP241,0.0
RPL17P39,0.0
ENSG00000212695,0.0
ENSG00000212712,0.0
DEFB117,0.0
HMGN2P8,0.0
ST13P5,0.0
RPL15P3,0.0
RPS26P3,0.0
RPL23AP4,0.0
ENSG00000212952,0.0
HNRNPA1P40,0.0
ENSG00000212989,0.0
RPS26P6,0.0
BTF3P12,0.0
PTTG3P,0.0
RPS15AP36,0.0
VN2R17P,0.0
ENSG00000213016,0.0
PABPN1P1,0.0
COX20P1,0.0
CFL1P4,0.0
KIAA1191P3,0.0
NDUFA3P3,0.0
AURKAP1,0.0
RPL23AP80,0.0
ENSG00000213036,0.0
RPL17P8,0.0
ENSG00000213045,0.0
EEF1A1P32,0.0
OR5S1P,0.0
HNRNPA1P34,0.0
TPM3P1,0.0
RPL5P5,0.0
EEF1B2P7,0.0
ENSG00000213058,0.0
ENSG00000213060,0.0
PFN1P11,0.0
RPL29P7,0.0
ENSG00000213065,0.0
ENSG00000213067,0.0
ENSG00000213068,0.0
KRT8P40,0.0
HMGB3P6,0.0
LPAL2,0.0
CHP1P2,0.0
RPL31P11,0.0
ENSG00000213076,0.0
ENSG00000213078,0.0
ENSG00000213080,0.0
ARPC1BP1,0.0
PPP1R14BP2,0.0
VPS26CP1,0.0
ENSG00000213087,0.0
PDCL3P5,0.0
SCYL2P1,0.0
PHB1P1,0.0
KRT18P68,0.0
NPM1P46,0.0
AHCYP5,0.0
BTF3L4P3,0.0
RPL7AP37,0.0
RNF11P1,0.0
COX5BP2,0.0
TUBB8P8,0.0
ENSG00000213115,0.0
MEMO1P2,0.0
CHCHD2P4,0.0
LIN28AP1,0.0
RPL23AP46,0.0
TXNL4AP1,0.0
RPL32P31,0.0
EEF1DP5,0.0
YWHAZP4,0.0
PPP1R14BP5,0.0
ARF1P2,0.0
ELK2AP,0.0
ENSG00000213144,0.0
RPL23AP60,0.0
JPT1P1,0.0
CNN2P9,0.0
ENSG00000213150,0.0
RPL7AP60,0.0
ENSG00000213153,0.0
ZCCHC10P1,0.0
RPL32P10,0.0
GAPDHP36,0.0
CEND1P1,0.0
Metazoa_SRP,0.0
RPL8P4,0.0
SAR1AP2,0.0
ENSG00000213172,0.0
RPL28P1,0.0
RPL13P6,0.0
PRDX2P4,0.0
RPL22P1,0.0
RPL17P41,0.0
RPL36AP48,0.0
OR10N1P,0.0
OR10D5P,0.0
RPS7P8,0.0
SAE1P1,0.0
COPS5P1,0.0
YBX1P4,0.0
BTF3L4P2,0.0
CDK7P1,0.0
NUDCP1,0.0
FABP5P10,0.0
STRADBP1,0.0
ENSG00000213209,0.0
RPL32P17,0.0
KRT18P64,0.0
NCLP1,0.0
ENSG00000213216,0.0
TOMM40P4,0.0
NOC2LP1,0.0
ENSG00000213226,0.0
RPL12P38,0.0
PPP1R2P10,0.0
RPL23AP62,0.0
ST13P10,0.0
EEF1A1P16,0.0
YWHAZP2,0.0
PTMAP10,0.0
ENSG00000213238,0.0
NPM1P32,0.0
H3P4,0.0
ENSG00000213247,0.0
RBMS2P1,0.0
ENSG00000213252,0.0
RPL12P42,0.0
YWHAZP5,0.0
EEF1B2P6,0.0
VDAC2P3,0.0
NIP7P2,0.0
RPS6P26,0.0
RPL6P25,0.0
RPL7AP9,0.0
IFITM9P,0.0
MARCKSL1P1,0.0
ENSG00000213280,0.0
RPL23AP45,0.0
ENSG00000213287,0.0
PGK1P2,0.0
RPL31P39,0.0
RPL28P5,0.0
RPL22P10,0.0
ENSG00000213296,0.0
HNRNPA3P6,0.0
HMGB3P11,0.0
RPL31P37,0.0
RPS12P32,0.0
RPL18AP13,0.0
HNRNPCP6,0.0
RPL18P11,0.0
RPL9P18,0.0
CYCSP19,0.0
RPL7AP34,0.0
ENSG00000213315,0.0
ENSG00000213318,0.0
RPS7P11,0.0
ENSG00000213328,0.0
ENSG00000213331,0.0
SLC25A5P6,0.0
NPM1P50,0.0
CLNS1AP1,0.0
ATF4P1,0.0
RPL21P18,0.0
PCNPP3,0.0
GAPDHP44,0.0
CNN2P8,0.0
NAA50P2,0.0
RPL36P12,0.0
FTH1P12,0.0
RPS3P6,0.0
ENSG00000213365,0.0
ST13P11,0.0
RANP6,0.0
NAP1L1P3,0.0
GAPDHP71,0.0
PP1P,0.0
EIF4E2P1,0.0
RPL7AP39,0.0
ENSG00000213386,0.0
ENSG00000213393,0.0
RPSAP46,0.0
RPS2P17,0.0
RPL12P18,0.0
CISD1P1,0.0
ANXA2P1,0.0
C1QBPP2,0.0
RBM22P2,0.0
HNRNPA1P33,0.0
ENSG00000213414,0.0
RPL7AP17,0.0
RBMX2P2,0.0
HSPD1P1,0.0
ABRAXAS1P1,0.0
RPL17P34,0.0
RPLP1P6,0.0
VTI1BP2,0.0
ATP6V0CP3,0.0
YBX2P1,0.0
OR5AC1,0.0
H2AZP1,0.0
RPL18AP3,0.0
NPM1P7,0.0
RPS23P2,0.0
GAPDHP28,0.0
VDAC1P7,0.0
OR6C69P,0.0
AKR1B1P2,0.0
FTH1P3,0.0
PPIAP82,0.0
RPL32P15,0.0
HMGB1P37,0.0
RPL31P51,0.0
CFL1P2,0.0
KIAA1191P1,0.0
NDUFAF4P2,0.0
EIF4A1P8,0.0
ENSG00000213486,0.0
ASS1P4,0.0
ENSG00000213488,0.0
FBLIM1P1,0.0
NT5C3AP1,0.0
ACTN4P1,0.0
RPL26P13,0.0
TPT1P13,0.0
LAP3P2,0.0
PPIAP16,0.0
IMPDH1P5,0.0
ENSG00000213514,0.0
RPL36P7,0.0
RAC1P5,0.0
FAM32CP,0.0
SETP8,0.0
ENSG00000213527,0.0
RPL32P22,0.0
MTHFD2P5,0.0
GNG5P1,0.0
KRT8P41,0.0
YBX1P6,0.0
TXN2P1,0.0
RPL7AP43,0.0
RARRES2P2,0.0
VN1R64P,0.0
PPIAP81,0.0
ENSG00000213549,0.0
RPLP0P6,0.0
ENSG00000213556,0.0
RPL31P43,0.0
HMGN2P32,0.0
HNRNPA1P64,0.0
ENSG00000213560,0.0
ENSG00000213561,0.0
HNRNPA1P13,0.0
GTF3C6P2,0.0
LDHAP5,0.0
RPL29P5,0.0
ENSG00000213587,0.0
ENSG00000213590,0.0
PPIAP42,0.0
GAPDHP25,0.0
RPL31P4,0.0
SLX1A-SULT1A3,0.0
KRT18P19,0.0
NAA50P1,0.0
ENSG00000213605,0.0
AKR1B10P1,0.0
OR4A45P,0.0
SLC25A14P1,0.0
RPL7AP50,0.0
FAM220CP,0.0
RPL11P3,0.0
RPL21P70,0.0
RPSAP54,0.0
BOLA3P3,0.0
EEF1DP4,0.0
RPL7AP4,0.0
ENSG00000213642,0.0
VN1R37P,0.0
SAPCD2P1,0.0
SLC25A1P3,0.0
ENSG00000213650,0.0
HMGB3P30,0.0
RPL22P22,0.0
ENSG00000213655,0.0
RPL31P44,0.0
RSU1P3,0.0
ENSG00000213661,0.0
RPL21P58,0.0
RPS16P8,0.0
PGGT1BP1,0.0
RPL21P86,0.0
OLA1P2,0.0
SLC25A5P3,0.0
SNRPA1P2,0.0
LDHBP2,0.0
ENSG00000213690,0.0
SEC14L1P1,0.0
RPS7P14,0.0
CTBP2P6,0.0
CAPZA1P3,0.0
RPL17P50,0.0
SETP22,0.0
RPL13AP9,0.0
EEF1A1P15,0.0
RHOG2P,0.0
HMGB1P10,0.0
SLC16A14P1,0.0
PHB1P7,0.0
PIGCP1,0.0
FABP5P5,0.0
ENSG00000213717,0.0
HMGN2P30,0.0
PRDX2P2,0.0
RPS2P52,0.0
SSBP3P3,0.0
RPS16P2,0.0
POLD2P1,0.0
RAB5CP1,0.0
ANAPC10P1,0.0
BRI3P2,0.0
PPIAP68,0.0
SERBP1P1,0.0
RPS10P14,0.0
WASHC3P1,0.0
ENSG00000213750,0.0
ENSG00000213752,0.0
CENPBD2P,0.0
KPNA4P1,0.0
RPL29P15,0.0
RPS3AP20,0.0
MT1P1,0.0
ACTBP2,0.0
FAM210CP,0.0
KRT8P37,0.0
EIF1P7,0.0
ENSG00000213774,0.0
ENSG00000213777,0.0
HNRNPA1P32,0.0
RPL29P21,0.0
PSMC1P2,0.0
RPL35P4,0.0
AKR1B1P3,0.0
NHP2P2,0.0
RPL7AP38,0.0
OLA1P1,0.0
ENSG00000213791,0.0
RPL7AP41,0.0
ZNF321P,0.0
CNN2P4,0.0
RPL13P2,0.0
CFL1P5,0.0
TMX2P1,0.0
SUGT1P2,0.0
RPL31P18,0.0
ENSG00000213851,0.0
CNN2P6,0.0
VDAC1P2,0.0
ACTBP15,0.0
RPL21P75,0.0
RPL7AP62,0.0
EEF1B2P2,0.0
YBX1P10,0.0
ENSG00000213867,0.0
TAF9BP1,0.0
RPL32P11,0.0
PPIAP86,0.0
ENSG00000213875,0.0
RPL7AP64,0.0
CFL1P7,0.0
RPL7AP7,0.0
NPM1P6,0.0
CYB5AP4,0.0
RPL13AP7,0.0
RPL3P6,0.0
RPL31P8,0.0
RPS17P1,0.0
CYP2A7P1,0.0
OR2G1P,0.0
RPL13P,0.0
RPL5P8,0.0
HNRNPH1P2,0.0
NPM1P33,0.0
MSRB1P1,0.0
RPL22P16,0.0
SEPHS1P6,0.0
ENSG00000213939,0.0
RPL13AP13,0.0
RPL31P10,0.0
KRT18P17,0.0
DNAJB1P1,0.0
RPS10P2,0.0
ATP5PDP3,0.0
ENSG00000213956,0.0
KRT18P29,0.0
ENSG00000213959,0.0
API5P2,0.0
CHCHD4P4,0.0
ENSG00000213970,0.0
HNRNPA3P17,0.0
ENSG00000213976,0.0
RPL7AP14,0.0
ACTR2P2,0.0
RPL36AP9,0.0
PGAM1P7,0.0
ATP5PBP3,0.0
PCNAP3,0.0
KRT18P38,0.0
RPL32P23,0.0
RPSAP61,0.0
RRM2P3,0.0
RBM39P1,0.0
FTLP4,0.0
RPL23AP29,0.0
ATP5PBP4,0.0
ARPC3P5,0.0
CLDN7P1,0.0
ENSG00000214035,0.0
PGAM1P4,0.0
IMPDH1P2,0.0
RPS11P7,0.0
ARF4P3,0.0
RPL7P17,0.0
RPL6P5,0.0
ENSG00000214067,0.0
MANEALP1,0.0
FTH1P29,0.0
RPL21P17,0.0
RPL23AP39,0.0
CPSF1P1,0.0
GNAQP1,0.0
CYP4F30P,0.0
RPL9P21,0.0
RPS18P14,0.0
PLAC9P1,0.0
TPT1P5,0.0
LDHAP4,0.0
PAFAH1B2P1,0.0
PRDX1P1,0.0
SNRPEP9,0.0
SNRPNP2,0.0
ENSG00000214132,0.0
SDHAP4,0.0
ACTN4P2,0.0
RPL7P60,0.0
ENSG00000214144,0.0
ENAHP1,0.0
SDC4P,0.0
AMZ2P1,0.0
PLEKHM1P1,0.0
PPIAP23,0.0
PTMAP5,0.0
XPOTP1,0.0
RNF152P1,0.0
UBE2V1P2,0.0
HMGN2P31,0.0
TTC41P,0.0
EEF1A1P12,0.0
TPM3P2,0.0
RPS4XP1,0.0
HNRNPA1P43,0.0
KRT18P10,0.0
NGRNP1,0.0
CTAGE14P,0.0
TUBBP2,0.0
HNRNPA1P10,0.0
ENSG00000214243,0.0
SETP21,0.0
PUDPP3,0.0
CTAGE11P,0.0
AZGP1P2,0.0
ENSG00000214254,0.0
RPS2P6,0.0
RPL10AP12,0.0
ANKRD36BP1,0.0
RPSAP53,0.0
KCTD9P4,0.0
STARP1,0.0
RPS3AP33,0.0
LGMNP1,0.0
AGGF1P1,0.0
ENSG00000214278,0.0
DTWD1P1,0.0
HMGN2P39,0.0
KRT8P14,0.0
RAD51AP1P1,0.0
PDCL3P3,0.0
HMGB3P13,0.0
RPL39P5,0.0
FOXO1B,0.0
ALDOAP2,0.0
MRPS21P6,0.0
MAF1P1,0.0
Metazoa_SRP,0.0
AZGP1P1,0.0
ATP5MC1P6,0.0
CXADRP1,0.0
CBX1P4,0.0
CBX1P2,0.0
RPL31P1,0.0
SLC9B1P2,0.0
ABCD1P5,0.0
PDPR2P,0.0
CTAGE16P,0.0
ATP5PBP2,0.0
OR4F13P,0.0
OR1X5P,0.0
PAFAH1B1P1,0.0
RPL18P10,0.0
RPS3AP36,0.0
EIF4EP5,0.0
CYB5AP2,0.0
RPLP2P1,0.0
NFYBP1,0.0
RPS3AP26,0.0
TUBAP2,0.0
RAP1BP2,0.0
KRT18P13,0.0
FAM149B1P1,0.0
LRRC37A4P,0.0
NPM1P10,0.0
CYCSP6,0.0
GOLGA2P8,0.0
NIFKP1,0.0
FAM185BP,0.0
RCN1P2,0.0
RPL7P29,0.0
TPT1P6,0.0
SMARCE1P6,0.0
RPSAP28,0.0
RPL7P1,0.0
OR7E148P,0.0
KRT42P,0.0
ENSG00000214525,0.0
RPS10P30,0.0
KRT18P33,0.0
RPS15AP1,0.0
RPS4XP3,0.0
GTF2IRD2P1,0.0
SDHCP2,0.0
COPS8P2,0.0
LRRC37A11P,0.0
ZC3H11C,0.0
RPL21P41,0.0
RBBP4P4,0.0
GAPDHP15,0.0
HMGN2P15,0.0
ZNF971P,0.0
PGGT1BP2,0.0
ENSG00000214593,0.0
CTBP2P5,0.0
NPM1P36,0.0
ADAM24P,0.0
RPS19P1,0.0
SLC6A10P,0.0
POLR3DP1,0.0
NDUFB5P2,0.0
RPSAP6,0.0
RPS15AP20,0.0
COMMD4P1,0.0
ENSG00000214651,0.0
HNRNPA3P3,0.0
RPLP1P5,0.0
KRT8P26,0.0
SLC29A4P2,0.0
SLC29A4P1,0.0
C14orf119P1,0.0
RPL6P12,0.0
RPL9P16,0.0
ANKRD49P4,0.0
NPAP1P2,0.0
COMMD4P2,0.0
KRT18P49,0.0
RPL5P35,0.0
MRPS5P3,0.0
GOT2P6,0.0
ENSG00000214748,0.0
SRSF8CP,0.0
RPL36AP2,0.0
RPL21P1,0.0
HNRNPA1P15,0.0
SEPTIN7P2,0.0
ENSG00000214776,0.0
RPS3AP21,0.0
ENSG00000214788,0.0
KRT18P42,0.0
TUBA5P,0.0
NPM1P31,0.0
CYCSP55,0.0
ARL8BP2,0.0
IMPDH1P3,0.0
MPRIPP1,0.0
HMGB1P4,0.0
KRT16P3,0.0
NXT1P1,0.0
EI24P3,0.0
DDX12P,0.0
UPF3AP2,0.0
RPL23AP6,0.0
LINC01347,0.0
ZFYVE9P2,0.0
ENSG00000214846,0.0
PPIAP79,0.0
APOC1P1,0.0
KRT16P1,0.0
SEM1P1,0.0
SRSF9P1,0.0
TPM3P4,0.0
MED28P1,0.0
RPL5P31,0.0
OR7E5P,0.0
TMEM14DP,0.0
ENSG00000214883,0.0
FAM177A1P1,0.0
RPS9P1,0.0
ENSG00000214890,0.0
USP8P1,0.0
RPSAP55,0.0
RPS15AP3,0.0
DUTP8,0.0
ENSG00000214908,0.0
RPL23AP3,0.0
ENSG00000214917,0.0
RPL36AP52,0.0
KRT8P6,0.0
NT5DC1P2,0.0
CHCHD3P3,0.0
PPIAP29,0.0
VDAC2P1,0.0
ENSG00000214980,0.0
RPL7AP26,0.0
AKAP17BP,0.0
CCNB2P1,0.0
GAPDHP77,0.0
RPL23AP59,0.0
RPL15P20,0.0
MESTP4,0.0
HSPD1P7,0.0
CHCHD2P2,0.0
DNAJA1P3,0.0
RPL24P7,0.0
RPL13P12,0.0
GNL3LP1,0.0
DSTNP4,0.0
FDPSP5,0.0
VENTXP2,0.0
GLULP6,0.0
PRDX2P1,0.0
HNRNPCP10,0.0
PKMP5,0.0
RPL21P2,0.0
DUSP8P1,0.0
XRCC6P5,0.0
GTF3C6P1,0.0
NPM1P24,0.0
RPS5P3,0.0
KRT18P11,0.0
EEF1A1P29,0.0
ENSG00000215094,0.0
IFITM8P,0.0
ENSG00000215097,0.0
TERF1P4,0.0
TTC3P1,0.0
UGT2B25P,0.0
SOCS6P1,0.0
AMD1P4,0.0
SYT14P1,0.0
ENSG00000215146,0.0
KRT18P32,0.0
ABCD1P2,0.0
ENSG00000215154,0.0
ENSG00000215156,0.0
GUSBP18,0.0
OR7E122P,0.0
TCEA1P3,0.0
ATXN7L3P1,0.0
MAPK6P4,0.0
RPS12P16,0.0
PGAM4P1,0.0
ENSG00000215198,0.0
YWHAZP6,0.0
KRT18P60,0.0
RBMXP2,0.0
UBA52P6,0.0
CYP51A1P3,0.0
NUTF2P5,0.0
RPL7P33,0.0
ENSG00000215237,0.0
ENSG00000215263,0.0
RPL10AP3,0.0
AKR1C7P,0.0
USP10P3,0.0
TOMM40P2,0.0
RPS7P6,0.0
HMGB3P24,0.0
CHMP5P1,0.0
SRSF6P1,0.0
ENSG00000215288,0.0
TMCO5B,0.0
ENSG00000215297,0.0
WHAMMP4,0.0
ENSG00000215304,0.0
ENSG00000215310,0.0
NPM1P12,0.0
RPL6P30,0.0
THUMPD1P1,0.0
EIF5P1,0.0
ASS1P10,0.0
GPX1P2,0.0
KRT18P23,0.0
ZNF705CP,0.0
SLC25A5P1,0.0
MRPL3P1,0.0
PPIAP1,0.0
C1QBPP1,0.0
FAM90A24,0.0
HSPD1P8,0.0
TMED11P,0.0
BOD1P2,0.0
RPL37P3,0.0
DEFB108C,0.0
FAM90A5,0.0
DEFT1P,0.0
ENSG00000215380,0.0
RPL29P6,0.0
ACTG1P3,0.0
ENSG00000215398,0.0
HMGB3P7,0.0
ENSG00000215409,0.0
PSMA6P1,0.0
PEX12P1,0.0
CTAGE12P,0.0
RPL29P35,0.0
SRMP1,0.0
RPS2P54,0.0
ZNF663P,0.0
BCRP4,0.0
RPS8P3,0.0
RPS10P29,0.0
RPL27AP,0.0
RCN1P1,0.0
CES5AP1,0.0
OR7E37P,0.0
BCRP3,0.0
CALM2P3,0.0
ARL2BPP3,0.0
HNRNPA1P7,0.0
KLHL12P1,0.0
TPTE2P4,0.0
RBMY2DP,0.0
ENSG00000215512,0.0
IFIT1P1,0.0
RPS4XP4,0.0
ZNF736P11Y,0.0
RBMY2CP,0.0
BCRP7,0.0
DKKL1P1,0.0
FRG1JP,0.0
KRT18P3,0.0
ANKRD20A11P,0.0
CNN2P7,0.0
ENSG00000215567,0.0
GRK6P1,0.0
ESRRAP1,0.0
BCORP1,0.0
ASS1P6,0.0
SRSF10P2,0.0
KANK1P1,0.0
TSPY24P,0.0
ZNF92P1Y,0.0
ZNF962P,0.0
KRT18P35,0.0
GUSBP9,0.0
MFFP1,0.0
MRPL20P1,0.0
TAF9BP2,0.0
ENSG00000215765,0.0
ARHGAP27P1-BPTFP1-KPNA2P3,0.0
LRRC37A14P,0.0
CFL1P6,0.0
ENSG00000215795,0.0
ENSG00000215796,0.0
RSL24D1P4,0.0
RFKP1,0.0
ENSG00000215805,0.0
KRT18P65,0.0
BTNL10P,0.0
ZNF847P,0.0
KRT18P12,0.0
QRSL1P1,0.0
FMO9P,0.0
ENSG00000215835,0.0
SDHAP2,0.0
ENSG00000215838,0.0
ENSG00000215840,0.0
MPTX1,0.0
ENSG00000215861,0.0
NBPF7P,0.0
KRT18P57,0.0
THAP3P1,0.0
ENSG00000215871,0.0
FEN1P1,0.0
CAPNS1P1,0.0
ST13P20,0.0
MARCKSL1P2,0.0
ZNF859P,0.0
RPL23AP17,0.0
HSPA5P1,0.0
EEF1A1P46,0.0
SELENOWP1,0.0
RPL36P5,0.0
CROCCP2,0.0
BRWD1P1,0.0
MMP23A,0.0
MIR942,0.0
MIR190B,0.0
MIR873,0.0
MIR892A,0.0
MIR921,0.0
MIR300,0.0
MIR297,0.0
MIR876,0.0
MIR933,0.0
MIR208B,0.0
MIR450B,0.0
MIR888,0.0
MIR874,0.0
MIR298,0.0
MIR938,0.0
MIR891A,0.0
MIR944,0.0
MIR934,0.0
MIR891B,0.0
MIR875,0.0
MIR890,0.0
MIR887,0.0
MIR892B,0.0
MIR889,0.0
MIR877,0.0
MIR885,0.0
MIR941-2,0.0
MIR513C,0.0
MIR541,0.0
MIR8485,0.0
MIR920,0.0
MIR941-4,0.0
FABP12P1,0.0
ENSG00000216285,0.0
KRT19P2,0.0
NAA40P1,0.0
RPL13AP15,0.0
ENSG00000216324,0.0
H1-12P,0.0
RPL10P10,0.0
ENSG00000216352,0.0
ENSG00000216359,0.0
ENSG00000216360,0.0
MRPL42P2,0.0
RPL37P15,0.0
RPL7AP36,0.0
ENSG00000216378,0.0
RPL12P2,0.0
PIMREGP2,0.0
H2AC2P,0.0
DUTP5,0.0
RAET1M,0.0
RPSAP43,0.0
ENSG00000216475,0.0
RPL21P69,0.0
ENSG00000216516,0.0
EEF1GP6,0.0
ENSG00000216519,0.0
ENSG00000216523,0.0
ENSG00000216548,0.0
ENSG00000216613,0.0
RPL27AP7,0.0
ENSG00000216621,0.0
GAPDHP72,0.0
OR2W4P,0.0
RPL7P25,0.0
RPL7AP35,0.0
ENSG00000216642,0.0
GLRX3P2,0.0
ENSG00000216663,0.0
CCNYL3,0.0
RPL8P1,0.0
ENSG00000216687,0.0
CIR1P3,0.0
COX6A1P3,0.0
MTND4P13,0.0
RPL21P68,0.0
ENSG00000216721,0.0
NUDT19P3,0.0
ANXA2P3,0.0
HMGA1P7,0.0
RPL6P17,0.0
VN1R13P,0.0
ENSG00000216775,0.0
PRRC2CP1,0.0
RPL7L1P20,0.0
MTCH1P1,0.0
ENSG00000216809,0.0
ENSG00000216811,0.0
RPS12P14,0.0
R3HDM2P2,0.0
TUBB2BP1,0.0
ZNF736P10Y,0.0
FGF7P4,0.0
RBMXP1,0.0
ENSG00000216844,0.0
MTCYBP36,0.0
RPL17P26,0.0
DHFRP5,0.0
RPS2P55,0.0
RPL22P12,0.0
ZNF603P,0.0
RPL31P32,0.0
SOCS5P5,0.0
ENSG00000216906,0.0
TNPO3P2,0.0
GPR89P,0.0
RPL15P9,0.0
RPL7P58,0.0
ENSG00000216966,0.0
RPL21P65,0.0
HSPD1P10,0.0
CYP2AC1P,0.0
ENSG00000217004,0.0
RPL10P1,0.0
TPT1P4,0.0
RPS18P8,0.0
ENSG00000217041,0.0
MTCO3P31,0.0
ENSG00000217060,0.0
ENSG00000217067,0.0
ENSG00000217078,0.0
MTCO2P33,0.0
HMGB3P19,0.0
RPS29P13,0.0
PPIAP31,0.0
ENSG00000217120,0.0
RPS10P13,0.0
ENSG00000217135,0.0
ENSG00000217139,0.0
LARP1P1,0.0
MTCO2P31,0.0
ANKRD18EP,0.0
MTHFD2P2,0.0
FAM136FP,0.0
MTCYBP2,0.0
RPL21P63,0.0
ENSG00000217195,0.0
TFGP1,0.0
GSTA12P,0.0
ENSG00000217231,0.0
RPL34P16,0.0
CBX3P9,0.0
POM121L4P,0.0
TXNP7,0.0
RAB1AP2,0.0
ENSG00000217275,0.0
SSBP3P6,0.0
UQCRFS1P3,0.0
OR2W2P,0.0
PRELID1P1,0.0
RPS7P5,0.0
SSXP10,0.0
ENSG00000217331,0.0
ENSG00000217334,0.0
TUBB4BP7,0.0
AK4P5,0.0
RPL21P61,0.0
PSMC1P11,0.0
RPS4XP9,0.0
PRELID1P2,0.0
DDX18P3,0.0
ISCA1P1,0.0
ENSG00000217447,0.0
ENSG00000217477,0.0
HMGB1P17,0.0
ENSG00000217483,0.0
ENSG00000217488,0.0
ENSG00000217495,0.0
ENSG00000217512,0.0
ENSG00000217514,0.0
RPS16P5,0.0
IQCB2P,0.0
ENSG00000217557,0.0
CRIPTOP4,0.0
ENSG00000217576,0.0
MDH1P2,0.0
ENSG00000217612,0.0
YWHAZP10,0.0
ENSG00000217631,0.0
PTGES3P2,0.0
ENSG00000217644,0.0
H2BC16P,0.0
PARLP2,0.0
PIMREGP3,0.0
UBE2V1P15,0.0
RPS3AP24,0.0
NUS1P4,0.0
SERPINB8P1,0.0
RPS10P3,0.0
NDUFB4P4,0.0
CCT7P1,0.0
ENSG00000217746,0.0
NDUFAB1P1,0.0
ENSG00000217769,0.0
FEM1AP3,0.0
ENSG00000217776,0.0
LDHAL6FP,0.0
ENSG00000217786,0.0
ASS1P9,0.0
ENSG00000217801,0.0
UBE2D3P5,0.0
FAT1P1,0.0
HNRNPDP2,0.0
SNRPEP6,0.0
RBMXP5,0.0
H4C10P,0.0
OR4F7P,0.0
ENSG00000217878,0.0
KRT18P48,0.0
ZNF839P1,0.0
HSPE1P8,0.0
SEPTIN14P6,0.0
NOC2LP2,0.0
KRT19P1,0.0
ZKSCAN8P2,0.0
THAP12P5,0.0
ELF2P2,0.0
ENSG00000218029,0.0
ENSG00000218048,0.0
RPL31P33,0.0
ADAMTS7P4,0.0
RSL24D1P1,0.0
PERPP3,0.0
DNAJA1P4,0.0
EXOSC8P1,0.0
ENSG00000218125,0.0
ERHP2,0.0
KRT18P22,0.0
ENSG00000218173,0.0
ENSG00000218175,0.0
SLC25A5P7,0.0
KRT8P43,0.0
ENSG00000218187,0.0
POM121L14P,0.0
HLFP1,0.0
RPS20P32,0.0
RPS27AP11,0.0
FTH1P26,0.0
TATDN2P2,0.0
ENSG00000218227,0.0
NEPNP,0.0
RPA3P2,0.0
RPS4XP7,0.0
ENSG00000218274,0.0
H2AC9P,0.0
MORF4L1P1,0.0
RPL22P14,0.0
ENSG00000218313,0.0
MTMR9P1,0.0
HNRNPA1P1,0.0
LYPLA1P3,0.0
RPS3AP23,0.0
RAET1K,0.0
SUMO2P13,0.0
SLC25A20P1,0.0
ENSG00000218410,0.0
ENSG00000218418,0.0
NDUFS5P1,0.0
ENSG00000218426,0.0
NIP7P3,0.0
HNRNPA1P19,0.0
RPS27P15,0.0
RPS25P7,0.0
ACTG1P18,0.0
RPL6P18,0.0
ENSG00000218483,0.0
FCF1P10,0.0
ENSG00000218499,0.0
H2AZP3,0.0
SPTLC1P2,0.0
ENSG00000218520,0.0
ITGAEP1,0.0
ENSG00000218536,0.0
OR4K12P,0.0
ENSG00000218561,0.0
ENSG00000218565,0.0
HNRNPA1P37,0.0
ANKRD18FP,0.0
GAPDHP63,0.0
ENSG00000218586,0.0
ENSG00000218596,0.0
ENSG00000218617,0.0
ENSG00000218631,0.0
RPL7P28,0.0
RPL5P20,0.0
BRD7P4,0.0
ENSG00000218682,0.0
RPL5P21,0.0
H2AC10P,0.0
ST13P16,0.0
ENSG00000218713,0.0
RPL12P23,0.0
B3GALNT2P1,0.0
KRT18P44,0.0
ENSG00000218730,0.0
ENSG00000218732,0.0
DBIP1,0.0
RPL36P9,0.0
RPL18AP8,0.0
ENSG00000218757,0.0
ENSG00000218766,0.0
FAM8A6P,0.0
MTATP6P31,0.0
HSPD1P16,0.0
ENSG00000218793,0.0
GSTM2P1,0.0
AP3S1P1,0.0
ENSG00000218809,0.0
ENSG00000218813,0.0
ENSG00000218834,0.0
ENSG00000218857,0.0
CNN3P1,0.0
SLC25A6P6,0.0
ENSG00000218872,0.0
NUFIP1P1,0.0
SUMO2P12,0.0
TUBB8P2,0.0
PTMAP3,0.0
NACAP7,0.0
IMPDH1P9,0.0
FTH1P15,0.0
ANKRD39P1,0.0
CCNG1P1,0.0
ARL4AP5,0.0
RPS15AP19,0.0
RPS3AP2,0.0
ENSG00000219039,0.0
TRIM51FP,0.0
SOD1P1,0.0
NPM1P37,0.0
MTND4LP19,0.0
ENSG00000219088,0.0
DHFRP6,0.0
HNRNPA3P12,0.0
RPL21P19,0.0
RPL23AP48,0.0
TYMSP1,0.0
RPS4XP8,0.0
PPIAP87,0.0
ENSG00000219150,0.0
HMGB1P20,0.0
FTH1P19,0.0
CACYBPP3,0.0
ENSG00000219190,0.0
ENSG00000219201,0.0
RPL12P47,0.0
ENSG00000219240,0.0
AMZ2P2,0.0
RPS6P7,0.0
NPM1P38,0.0
OR2E1P,0.0
DNAJC2P1,0.0
RPS20P2,0.0
VN1R8P,0.0
ENSG00000219284,0.0
PIP5K1P1,0.0
MRPL42P3,0.0
ENSG00000219298,0.0
ENSG00000219302,0.0
ESDP1,0.0
ENSG00000219329,0.0
RPL31P52,0.0
RPSAP72,0.0
ZNF299P,0.0
ENSG00000219375,0.0
ENSG00000219384,0.0
ATF1P1,0.0
ENSG00000219391,0.0
ZNF602P,0.0
HSPA8P15,0.0
NGRNP4,0.0
ENSG00000219409,0.0
MBL3P,0.0
BTBD10P2,0.0
RPL23P8,0.0
ENSG00000219453,0.0
RPSAP42,0.0
RPS2P29,0.0
ENSG00000219487,0.0
TPT1P8,0.0
ENSG00000219492,0.0
ENSG00000219500,0.0
FTH1P8,0.0
ENSG00000219529,0.0
SELENOKP2,0.0
RPL17P25,0.0
ENSG00000219549,0.0
ENSG00000219553,0.0
ENSG00000219559,0.0
ZPR1P1,0.0
NGRNP2,0.0
HNRNPA1P58,0.0
NCSTNP1,0.0
ENSG00000219604,0.0
HIGD1AP16,0.0
ENSG00000219619,0.0
ENSG00000219622,0.0
CYCSP17,0.0
BMPR1AP1,0.0
GCNT1P4,0.0
ENSG00000219666,0.0
BECN1P2,0.0
ENSG00000219681,0.0
NUP50P2,0.0
FGF7P8,0.0
ENSG00000219699,0.0
PTCHD3P3,0.0
ENSG00000219702,0.0
RAP1BP3,0.0
MARK2P18,0.0
RPL26P20,0.0
NUP50P4,0.0
CD83P1,0.0
RPL32P16,0.0
ENSG00000219755,0.0
ENSG00000219757,0.0
ENSG00000219758,0.0
VN1R11P,0.0
RPSAP45,0.0
RPL21P67,0.0
ENSG00000219784,0.0
OSTCP6,0.0
PPIAP9,0.0
ATP5PBP6,0.0
ARF1P1,0.0
RPL23AP47,0.0
RPL31P28,0.0
ENSG00000219867,0.0
BRK1P1,0.0
GAPDHP42,0.0
ZSCAN12P1,0.0
RPL35P3,0.0
ENSG00000219928,0.0
GAPDHP67,0.0
RPL12P8,0.0
SPTLC1P3,0.0
KRT18P50,0.0
ENSG00000219951,0.0
BTF3P7,0.0
ENSG00000219992,0.0
RPS26P29,0.0
ENSG00000220030,0.0
RPL7P27,0.0
ENSG00000220076,0.0
LAP3P1,0.0
ENSG00000220105,0.0
RPL21P64,0.0
MTCYBP4,0.0
MRPL32P1,0.0
ENSG00000220130,0.0
ENSG00000220131,0.0
CPSF1P2,0.0
ENSG00000220139,0.0
ENSG00000220154,0.0
HNRNPA1P12,0.0
MTRES1P1,0.0
HMGB3P18,0.0
ENSG00000220204,0.0
OR4F1P,0.0
RPS24P12,0.0
ENSG00000220240,0.0
ZNF402P,0.0
ACTBP8,0.0
ENSG00000220291,0.0
HNRNPH1P1,0.0
RPL35AP18,0.0
H2BC19P,0.0
ENSG00000220326,0.0
MTCO1P56,0.0
PPIAP74,0.0
H3P28,0.0
GPR166P,0.0
ENSG00000220370,0.0
GSTA8P,0.0
KRT8P42,0.0
FCF1P5,0.0
PTPN11P3,0.0
TUBB3P1,0.0
ENSG00000220446,0.0
ENSG00000220447,0.0
RPS3P4,0.0
SLC25A51P1,0.0
YAP1P1,0.0
EIF4EBP2P3,0.0
ENSG00000220506,0.0
MTND4LP20,0.0
PGAM1P10,0.0
ASS1P1,0.0
ENSG00000220522,0.0
ENSG00000220537,0.0
ENSG00000220540,0.0
PPIHP2,0.0
RPL5P19,0.0
ENSG00000220556,0.0
HMGB1P13,0.0
PKMP3,0.0
VN1R12P,0.0
RPL35P2,0.0
DDX18P6,0.0
TUBBP9,0.0
SSR1P1,0.0
ENSG00000220600,0.0
RPL34P14,0.0
KRASP1,0.0
ENSG00000220643,0.0
ENSG00000220660,0.0
RCC2P7,0.0
TFB2MP1,0.0
RPL17P23,0.0
ENSG00000220695,0.0
OR1F12P,0.0
ENSG00000220725,0.0
H3P27,0.0
MTND3P20,0.0
CMPK1P1,0.0
ENSG00000220739,0.0
RPL5P18,0.0
C11orf98P2,0.0
ISG20L2P1,0.0
RPL21P28,0.0
VN1R10P,0.0
BOLA2P3,0.0
RPSAP44,0.0
MTMR9LP,0.0
RPL21P119,0.0
LINC01881,0.0
NDUFA5P9,0.0
RPL21P16,0.0
RPS18P9,0.0
HSPE1P26,0.0
MRPL35P1,0.0
DNAJC19P6,0.0
H3C9P,0.0
MESTP1,0.0
ENSG00000220913,0.0
ENSG00000220918,0.0
ENSG00000220920,0.0
OSTCP4,0.0
HNRNPA1P41,0.0
ENSG00000220949,0.0
ENSG00000220960,0.0
ENSG00000220986,0.0
SNORD88C,0.0
RNU6ATAC29P,0.0
MIR1323,0.0
RNU6ATAC19P,0.0
MIR1250,0.0
MIR1231,0.0
ENSG00000221031,0.0
MIR1272,0.0
MIR1193,0.0
RNU6ATAC7P,0.0
MIR1286,0.0
U3,0.0
ENSG00000221042,0.0
U3,0.0
U3,0.0
RNU6ATAC38P,0.0
MIR1266,0.0
MIR1302-3,0.0
RNU6ATAC6P,0.0
ENSG00000221060,0.0
MIR1296,0.0
MIR1233-2,0.0
SNORD111,0.0
MIR320D2,0.0
ENSG00000221083,0.0
MIR1302-5,0.0
ENSG00000221093,0.0
SNORA11B,0.0
RNU6ATAC30P,0.0
SNORD110,0.0
MIR1224,0.0
U3,0.0
ENSG00000221139,0.0
ENSG00000221148,0.0
SNORA11F,0.0
MIR1207,0.0
ENSG00000221184,0.0
MIR548M,0.0
MIR1184-2,0.0
MIR1253,0.0
MIR1262,0.0
RNU6ATAC15P,0.0
MIR548E,0.0
RNU6ATAC27P,0.0
MIR1305,0.0
MIR548L,0.0
MIR1285-2,0.0
MIR1258,0.0
SNORD88A,0.0
ENSG00000221245,0.0
MIR1263,0.0
RNU6ATAC37P,0.0
MIR1208,0.0
MIR548P,0.0
MIR1284,0.0
MIR1255A,0.0
MIR1302-8,0.0
MIR1237,0.0
MIR548I2,0.0
MIR1289-2,0.0
MIR663B,0.0
MIR548T,0.0
ENSG00000221300,0.0
SNORA79,0.0
MIR548I3,0.0
MIR1200,0.0
MIR548Q,0.0
U3,0.0
MIR548K,0.0
RNU6ATAC18P,0.0
U3,0.0
MIR548F5,0.0
MIR1288,0.0
RNU6ATAC20P,0.0
MIR1228,0.0
MIR548G,0.0
MIR1265,0.0
RNU6ATAC23P,0.0
SNORD88B,0.0
RNU6ATAC8P,0.0
MIR1295A,0.0
MIR1302-6,0.0
MIR1229,0.0
ENSG00000221398,0.0
SNORD3J,0.0
MIR320B2,0.0
MIR1238,0.0
MIR1227,0.0
SNORA81,0.0
MIR1283-1,0.0
MIR1294,0.0
MIR548F3,0.0
RNU4ATAC16P,0.0
RNU6ATAC31P,0.0
MIR548F4,0.0
MIR1301,0.0
U3,0.0
MIR1202,0.0
SNORA11C,0.0
U3,0.0
MIR1277,0.0
MIR1271,0.0
MIR548AJ2,0.0
RNU6ATAC11P,0.0
SNORA11D,0.0
MIR1827,0.0
MIR1251,0.0
SNORA2C,0.0
MIR320C1,0.0
MIR548I4,0.0
U3,0.0
ENSG00000221498,0.0
SNORD100,0.0
MIR1245A,0.0
RNU6ATAC40P,0.0
MIR548O,0.0
SNORD111B,0.0
RNU6ATAC16P,0.0
MIR1285-1,0.0
MIR1185-1,0.0
RNU6ATAC41P,0.0
MIR1184-1,0.0
MIR548H1,0.0
SNORD99,0.0
MIR1180,0.0
MIR1255B2,0.0
MIR1283-2,0.0
MIR1303,0.0
RNU6ATAC10P,0.0
MIR1269A,0.0
RNU6ATAC42P,0.0
RNU6ATAC33P,0.0
RNU6ATAC21P,0.0
MIR1226,0.0
MIR1261,0.0
MIR548F1,0.0
MIR1249,0.0
RNU4ATAC2P,0.0
MIR1184-3,0.0
MIR1293,0.0
ENSG00000221611,0.0
MIR1185-2,0.0
MIR548H4,0.0
MIR1302-4,0.0
MIR1179,0.0
U3,0.0
MIR1276,0.0
U3,0.0
ENSG00000221639,0.0
MIR1268A,0.0
SNORA77,0.0
MIR1233-1,0.0
MIR1267,0.0
MIR1225,0.0
MIR1290,0.0
MIR548N,0.0
U3,0.0
RNU6ATAC,0.0
MIR1278,0.0
MIR1275,0.0
MIR548H3,0.0
MIR302E,0.0
SNORA11E,0.0
MIR1298,0.0
ENSG00000221711,0.0
SNORA11,0.0
SNORA3C,0.0
RNU6ATAC25P,0.0
MIR548I1,0.0
MIR1203,0.0
SNORD93,0.0
MIR1197,0.0
SNORA11G,0.0
ENSG00000221753,0.0
MIR1260A,0.0
MIR548J,0.0
MIR1289-1,0.0
MIR1302-7,0.0
MIR1205,0.0
MIR548F2,0.0
MIR1183,0.0
MIR1252,0.0
MIR1282,0.0
MIR548H2,0.0
SNORD23,0.0
RNU6ATAC34P,0.0
MIR1256,0.0
DPP3P2,0.0
ENSG00000221849,0.0
ENSG00000221857,0.0
MRPS21P3,0.0
FAM218BP,0.0
DENND10P1,0.0
KIR2DS4,0.0
TTC4P1,0.0
URAHP,0.0
ENSG00000222024,0.0
RNU6-1165P,0.0
RNA5SP177,0.0
RNU4-62P,0.0
RNU4-86P,0.0
RN7SKP154,0.0
RN7SKP285,0.0
MIR1915,0.0
Y_RNA,0.0
RNU2-3P,0.0
RN7SKP110,0.0
RNU6-721P,0.0
RNU6-908P,0.0
RNU2-65P,0.0
ENSG00000222095,0.0
RN7SKP32,0.0
RN7SKP232,0.0
RN7SKP117,0.0
RNA5SP317,0.0
RN7SKP148,0.0
RN7SKP16,0.0
RNU6-985P,0.0
RNA5SP487,0.0
RNU6-648P,0.0
RNA5SP390,0.0
RNU2-9P,0.0
RNA5SP36,0.0
RNU6-380P,0.0
SNORA73,0.0
RNU4-37P,0.0
RNY4P30,0.0
RNA5SP239,0.0
RN7SKP218,0.0
Y_RNA,0.0
RN7SKP151,0.0
RN7SKP266,0.0
RNU6-257P,0.0
RN7SKP146,0.0
RNU4-30P,0.0
RNA5SP181,0.0
RN7SKP26,0.0
RNA5SP156,0.0
ENSG00000222185,0.0
RNU4-26P,0.0
RNA5SP266,0.0
Y_RNA,0.0
RNA5SP407,0.0
RNA5SP129,0.0
RNA5SP56,0.0
RN7SKP65,0.0
RNU6-588P,0.0
RN7SKP129,0.0
RNU2-17P,0.0
Y_RNA,0.0
RNU6-447P,0.0
RNA5SP158,0.0
RNU2-54P,0.0
RNA5SP89,0.0
RNA5SP163,0.0
RNU2-43P,0.0
RN7SKP156,0.0
RNA5SP431,0.0
MIR1471,0.0
RNA5SP201,0.0
RNU6-262P,0.0
RNA5SP95,0.0
RNU6-101P,0.0
RN7SKP199,0.0
RN7SKP114,0.0
RNU6-757P,0.0
RNU6-892P,0.0
RNA5SP425,0.0
RNU2-33P,0.0
RN7SKP111,0.0
RNU6-584P,0.0
RNA5SP193,0.0
RNU6-1043P,0.0
RNU2-36P,0.0
RNU6-1156P,0.0
RNU2-21P,0.0
RNA5SP371,0.0
RNU6-935P,0.0
Y_RNA,0.0
RNA5SP198,0.0
RNA5SP178,0.0
RN7SKP267,0.0
RNU6-1118P,0.0
RNA5SP118,0.0
RNU6-1050P,0.0
MIR1912,0.0
RNU6-855P,0.0
RNU2-2P,0.0
RNU6-1076P,0.0
Y_RNA,0.0
RN7SKP225,0.0
RNU6-174P,0.0
RN7SKP139,0.0
RNU6-613P,0.0
SNORD19C,0.0
RNA5SP237,0.0
RNY1P15,0.0
RN7SKP221,0.0
RNU2-29P,0.0
RNU6-710P,0.0
RNU2-20P,0.0
RNU6-355P,0.0
RNU6-1186P,0.0
RNU4-34P,0.0
SNORD12B,0.0
SNORA36B,0.0
RN7SKP202,0.0
RN7SKP127,0.0
RN7SKP152,0.0
RNA5SP44,0.0
RNA5SP203,0.0
RN7SKP158,0.0
RN7SKP86,0.0
RNU2-28P,0.0
Y_RNA,0.0
Y_RNA,0.0
RN7SKP229,0.0
RNU6-554P,0.0
RNU6-791P,0.0
RN7SKP281,0.0
RNU4-65P,0.0
RNA5SP80,0.0
Y_RNA,0.0
RN7SKP125,0.0
RNU2-59P,0.0
RNA5SP274,0.0
RNA5SP113,0.0
RNA5SP511,0.0
Y_RNA,0.0
RNU2-50P,0.0
RNA5SP338,0.0
RNA5SP231,0.0
RNU6-955P,0.0
Y_RNA,0.0
RNU6-141P,0.0
Y_RNA,0.0
RN7SKP278,0.0
RNU6-1077P,0.0
RNU6-994P,0.0
RNU2-26P,0.0
RN7SKP56,0.0
RN7SKP150,0.0
RNU6-1140P,0.0
RN7SKP143,0.0
RN7SKP59,0.0
RNA5SP296,0.0
RNU6-121P,0.0
RNA5SP293,0.0
RN7SKP271,0.0
RNU2-5P,0.0
Y_RNA,0.0
RNA5SP261,0.0
RN7SKP7,0.0
RNU2-23P,0.0
RNU6-77P,0.0
RNU6-285P,0.0
SNORA79B,0.0
RNU6-712P,0.0
RN7SKP200,0.0
RN7SKP177,0.0
RNA5SP475,0.0
RNU4-25P,0.0
Y_RNA,0.0
Y_RNA,0.0
Y_RNA,0.0
Y_RNA,0.0
RN7SKP223,0.0
RN7SKP240,0.0
RNA5SP451,0.0
RNU6-519P,0.0
RN7SKP109,0.0
Y_RNA,0.0
MIR1468,0.0
RNU6-705P,0.0
RNU2-39P,0.0
RN7SKP220,0.0
RNU6-735P,0.0
RNA5SP251,0.0
RNA5SP60,0.0
RNU6-1064P,0.0
RNU4-43P,0.0
RNU6-1025P,0.0
RN7SKP61,0.0
RNA5SP345,0.0
Y_RNA,0.0
RNU2-47P,0.0
RNU2-66P,0.0
RN7SKP222,0.0
RNA5SP494,0.0
ENSG00000222588,0.0
RN7SKP159,0.0
RNU6-887P,0.0
RN7SKP235,0.0
RNU2-49P,0.0
Y_RNA,0.0
ENSG00000222604,0.0
RNU6-628P,0.0
RNA5SP504,0.0
RNU4-69P,0.0
RNU6-402P,0.0
RNU2-52P,0.0
Y_RNA,0.0
Y_RNA,0.0
RN7SKP27,0.0
RN7SKP254,0.0
RNU6-1100P,0.0
RNU2-15P,0.0
RNU2-48P,0.0
RNU2-37P,0.0
RNU2-42P,0.0
RN7SKP131,0.0
RNU6-1203P,0.0
RN7SKP54,0.0
RNU2-51P,0.0
RNU2-16P,0.0
Y_RNA,0.0
RNU2-70P,0.0
RNU6-248P,0.0
Y_RNA,0.0
RNU2-8P,0.0
RNU4-55P,0.0
RN7SKP123,0.0
U3,0.0
RNU6-394P,0.0
RNA5SP146,0.0
RN7SKP213,0.0
RNU6-1267P,0.0
RNA5SP38,0.0
RN7SKP119,0.0
RNU4-72P,0.0
RNU6-733P,0.0
RN7SKP120,0.0
Y_RNA,0.0
Y_RNA,0.0
RN7SKP182,0.0
RN7SKP39,0.0
RN7SKP89,0.0
RN7SKP51,0.0
RN7SKP38,0.0
MIR1911,0.0
RN7SKP188,0.0
RNU2-63P,0.0
RNU2-7P,0.0
RNU4-64P,0.0
RNY4P29,0.0
RNU4-6P,0.0
RNA5SP328,0.0
RNA5SP229,0.0
RNU6-1190P,0.0
RN7SKP166,0.0
RNA5SP25,0.0
RNU4-46P,0.0
RN7SKP206,0.0
RNU4-53P,0.0
RNU6-684P,0.0
RN7SKP106,0.0
RNU2-40P,0.0
Y_RNA,0.0
RN7SKP121,0.0
RNU6-233P,0.0
RNA5SP144,0.0
RN7SKP212,0.0
RN7SKP91,0.0
RNU2-38P,0.0
RNU4-14P,0.0
RNU6-67P,0.0
RNU6-860P,0.0
RNU4-83P,0.0
RNU6-383P,0.0
RNU2-62P,0.0
RNA5SP225,0.0
RNU4-47P,0.0
RNU2-68P,0.0
RNU4-27P,0.0
RN7SKP286,0.0
MIR1537,0.0
RNA5SP120,0.0
RNA5SP100,0.0
RNA5SP136,0.0
RN7SKP168,0.0
RNU6-321P,0.0
RN7SKP42,0.0
RNA5SP21,0.0
Y_RNA,0.0
RNA5SP59,0.0
RNU6-920P,0.0
RN7SKP136,0.0
RNU6-1086P,0.0
RNU6-565P,0.0
RNU6-1328P,0.0
RNU4-78P,0.0
RN7SKP33,0.0
RN7SKP261,0.0
Y_RNA,0.0
Y_RNA,0.0
RN7SKP29,0.0
RNU6-1068P,0.0
RNU6-1133P,0.0
RN7SKP97,0.0
RNU6-193P,0.0
RNU6-564P,0.0
RNA5SP29,0.0
RNA5SP104,0.0
RNA5SP501,0.0
RNU2-41P,0.0
RNU6-1148P,0.0
RN7SKP205,0.0
RNU6-172P,0.0
RN7SKP284,0.0
SNORD63B,0.0
RNU6-370P,0.0
Y_RNA,0.0
RN7SKP58,0.0
RN7SKP262,0.0
RNA5SP41,0.0
RNA5SP265,0.0
MIR1913,0.0
RNU6-272P,0.0
ENSG00000222966,0.0
RN7SKP8,0.0
RNA5SP222,0.0
RNU6-651P,0.0
RNU2-25P,0.0
RN7SKP228,0.0
RN7SKP94,0.0
RN7SKP167,0.0
RN7SKP216,0.0
RNA5SP127,0.0
RNU2-14P,0.0
RNU5A-5P,0.0
RN7SKP68,0.0
RNU4-22P,0.0
Y_RNA,0.0
RN7SKP259,0.0
RNU2-61P,0.0
RNA5SP184,0.0
SNORD29,0.0
RN7SKP137,0.0
RN7SKP73,0.0
RN7SKP264,0.0
RNA5SP344,0.0
RNU6-1135P,0.0
RNA5SP306,0.0
Y_RNA,0.0
RNU6-55P,0.0
RN7SKP247,0.0
ENSG00000223027,0.0
RNU6-284P,0.0
RN7SKP268,0.0
RN7SKP144,0.0
RN7SKP161,0.0
RNU6-130P,0.0
RNA5SP369,0.0
RNU6-847P,0.0
RN7SKP169,0.0
Y_RNA,0.0
RNU6-1245P,0.0
RNU6-325P,0.0
RN7SKP126,0.0
RNA5SP31,0.0
RNU2-55P,0.0
Y_RNA,0.0
RNA5SP155,0.0
RNU6-602P,0.0
RMRPP5,0.0
RNA5SP115,0.0
RNU5E-9P,0.0
RNU2-72P,0.0
MIR1538,0.0
RNA5SP247,0.0
RN7SKP296,0.0
RN7SKP102,0.0
RN7SKP181,0.0
RNU2-32P,0.0
RN7SKP263,0.0
RN7SKP140,0.0
RNA5SP304,0.0
RN7SKP207,0.0
RNA5SP450,0.0
RN7SKP252,0.0
RN7SKP112,0.0
RNU4-88P,0.0
RNU2-18P,0.0
RNY1P3,0.0
RNA5SP280,0.0
RN7SKP142,0.0
RNA5SP209,0.0
RN7SKP17,0.0
RNU4-61P,0.0
RNA5SP39,0.0
RNU6-373P,0.0
RNU6-1199P,0.0
Y_RNA,0.0
RNU6-177P,0.0
RN7SKP100,0.0
RNU6-293P,0.0
RNU6-1001P,0.0
RNU2-22P,0.0
RN7SKP297,0.0
RNA5SP221,0.0
RNU6-1217P,0.0
RNU4-74P,0.0
RNU6-607P,0.0
RNU6-938P,0.0
Y_RNA,0.0
RN7SKP192,0.0
SNORD71,0.0
RNU6-1054P,0.0
RN7SKP270,0.0
RNA5SP294,0.0
RNU4-63P,0.0
RNU2-64P,0.0
Y_RNA,0.0
RNU6-785P,0.0
RNU6-575P,0.0
RNA5SP508,0.0
RN7SKP194,0.0
RNA5SP492,0.0
RNU6-387P,0.0
RNU6-592P,0.0
RN7SKP53,0.0
Y_RNA,0.0
RN7SKP172,0.0
RNA5SP498,0.0
RNU6-57P,0.0
RN7SKP85,0.0
RN7SKP165,0.0
RNU6-195P,0.0
RNU6-954P,0.0
RNA5SP107,0.0
RNA5SP270,0.0
SNORD83,0.0
RNY3P8,0.0
RN7SKP108,0.0
Y_RNA,0.0
Y_RNA,0.0
RN7SKP30,0.0
RNU6-1304P,0.0
RN7SKP101,0.0
RNU6-722P,0.0
RNU6-516P,0.0
RN7SKP279,0.0
RNA5SP111,0.0
RN7SKP293,0.0
RN7SKP273,0.0
RNU2-71P,0.0
RNU6-1052P,0.0
RNU6-603P,0.0
RNU2-6P,0.0
RN7SKP3,0.0
H2BP1,0.0
KLF2P3,0.0
ENSG00000223353,0.0
FTH1P10,0.0
CDY15P,0.0
ENSG00000223368,0.0
ENSG00000223375,0.0
ENSG00000223377,0.0
H2ACP1,0.0
SDCBP2P1,0.0
RDXP2,0.0
RBM22P7,0.0
PRR3P1,0.0
ENSG00000223402,0.0
XKRYP5,0.0
USP9YP18,0.0
RPL17P17,0.0
RPS26P15,0.0
LIMK2P1,0.0
ENSG00000223419,0.0
ENSG00000223421,0.0
ENSG00000223422,0.0
RBM7P1,0.0
ENSG00000223428,0.0
ENSG00000223429,0.0
MTND6P21,0.0
RPS29P9,0.0
TMSB4XP3,0.0
RPL6P21,0.0
ENSG00000223450,0.0
HMGN2P18,0.0
ENSG00000223455,0.0
HTATSF1P1,0.0
TCAF1P1,0.0
GAPDHP69,0.0
CALM1P1,0.0
VN1R42P,0.0
TRPC6P1,0.0
MAPK6P2,0.0
NEFHP1,0.0
CHCHD2P5,0.0
ENSG00000223495,0.0
H2BL1P,0.0
SLC35C2P1,0.0
RNF14P4,0.0
ENSG00000223503,0.0
RPL35AP5,0.0
SLC20A1P1,0.0
RPL23AP53,0.0
WHAMMP1,0.0
ATP6V0E1P2,0.0
ENSG00000223514,0.0
CSNK1A1P1,0.0
KIF28P,0.0
EEF1A1P8,0.0
ENSG00000223538,0.0
ENSG00000223539,0.0
RPS15AP5,0.0
TCEAL4P1,0.0
ENSG00000223544,0.0
MTND5P28,0.0
SNRPBP1,0.0
TMSB4XP4,0.0
SMPD4P1,0.0
USP9YP23,0.0
TRIM60P17,0.0
ENSG00000223559,0.0
CYP4F32P,0.0
ENSG00000223565,0.0
TNRC18P2,0.0
RPL3P11,0.0
ENSG00000223570,0.0
TPMTP4,0.0
RBMX2P3,0.0
RPL17P9,0.0
TVP23CP1,0.0
ENSG00000223589,0.0
FNDC3CP,0.0
ENSG00000223593,0.0
LYPLA1P1,0.0
ENSG00000223599,0.0
EEF1A1P41,0.0
ENSG00000223602,0.0
CRPP1,0.0
RPL17P13,0.0
ENSG00000223605,0.0
SUPT20HL2,0.0
ENSG00000223612,0.0
ENSG00000223615,0.0
MTCO1P17,0.0
RBM48P1,0.0
AK4P4,0.0
GSTA6P,0.0
ENSG00000223624,0.0
CYCSP32,0.0
ENSG00000223628,0.0
DEFA8P,0.0
UBE2Q2P5Y,0.0
RBMY2EP,0.0
RPL30P3,0.0
UHRF2P1,0.0
NEFHP2,0.0
RAB9AP3,0.0
HMGB3P10,0.0
KRT8P51,0.0
NDUFB4P8,0.0
EEF1A1P24,0.0
RPL34P3,0.0
ENSG00000223672,0.0
RPL34P26,0.0
OR2AD1P,0.0
ENSG00000223679,0.0
RPSAP65,0.0
IFNWP18,0.0
RPS24P14,0.0
ENSG00000223691,0.0
ADH5P3,0.0
GOLGA6L11P,0.0
ZDHHC20P2,0.0
IGSF3P2,0.0
NSUN5P1,0.0
SFR1P2,0.0
TRIM64EP,0.0
CRYGGP,0.0
DNAJA1P1,0.0
RPL15P11,0.0
YWHAQP10,0.0
UQCRFS1P2,0.0
TFDP1P2,0.0
RAD17P2,0.0
ENSG00000223728,0.0
RPL6P28,0.0
SUPT20HL1,0.0
RPL18AP14,0.0
OR51B3P,0.0
HSP90AB5P,0.0
RPS15AP15,0.0
ENSG00000223740,0.0
PSMD4P1,0.0
RBMY2GP,0.0
ELOCP30,0.0
SIRPB3P,0.0
ENSG00000223753,0.0
TSSC2,0.0
MED15P9,0.0
GEMIN8P3,0.0
CD99P1,0.0
RPL29P8,0.0
ENSG00000223779,0.0
RPS21P8,0.0
ENSG00000223787,0.0
DIS3L2P1,0.0
COX5BP8,0.0
RPS20P14,0.0
ENSG00000223804,0.0
BOLA3P4,0.0
KRT8P28,0.0
IGKV1OR2-2,0.0
PPIAP89,0.0
CFL1P1,0.0
EEF1A1P1,0.0
TERF1P6,0.0
DAZAP2P1,0.0
BANF1P4,0.0
ENSG00000223836,0.0
ENSG00000223841,0.0
VN1R40P,0.0
ENSG00000223847,0.0
ENSG00000223849,0.0
RAB9AP2,0.0
ENSG00000223861,0.0
NPM1P19,0.0
ENSG00000223866,0.0
ENSG00000223867,0.0
ENSG00000223869,0.0
SAP18P2,0.0
NBEAP3,0.0
RPS27P1,0.0
RPS8P10,0.0
PPIAP53,0.0
FAM90A13,0.0
ENSG00000223886,0.0
ENSG00000223889,0.0
ENSG00000223890,0.0
GNL2P1,0.0
CCNJP2,0.0
ENSG00000223897,0.0
SEC13P1,0.0
RPL23P4,0.0
HMGB1P12,0.0
ENSG00000223905,0.0
ENSG00000223908,0.0
EEF1A1P36,0.0
DPPA2P1,0.0
RPL18AP9,0.0
ENSG00000223917,0.0
ENSG00000223918,0.0
ENSG00000223920,0.0
MTND1P27,0.0
ASS1P2,0.0
NUP35P1,0.0
ENSG00000223931,0.0
KRT8P8,0.0
RPL6P31,0.0
ENSG00000223948,0.0
H2ACP2,0.0
MTND6P1,0.0
ENSG00000223958,0.0
AFG3L1P,0.0
UBBP3,0.0
THAP12P8,0.0
ZNF587P1,0.0
ENSG00000223967,0.0
RPS27P11,0.0
RRBP1P1,0.0
DDX11L1,0.0
PAFAH1B1P2,0.0
BNIP3P42,0.0
EXTL2P1,0.0
ENSG00000223977,0.0
ZNF736P1Y,0.0
SNRPD2P2,0.0
HNRNPRP1,0.0
COX6A1P5,0.0
RPL26P28,0.0
RPL32P35,0.0
ENSG00000224001,0.0
YES1P1,0.0
ATP5F1CP1,0.0
USP12P2,0.0
RPL36AP46,0.0
ENSG00000224012,0.0
ENSG00000224014,0.0
ENSG00000224016,0.0
RPL21P32,0.0
ENSG00000224025,0.0
CDY8P,0.0
SFPQP1,0.0
CDYLP1,0.0
HMGN1P4,0.0
MTND4P6,0.0
PAEPP1,0.0
ENSG00000224054,0.0
GAPDHP55,0.0
RBISP5,0.0
HSPA8P16,0.0
ARSLP1,0.0
SRSF3P4,0.0
TUBB4BP5,0.0
RPL32P6,0.0
SRIP2,0.0
ENSG00000224067,0.0
ENSG00000224069,0.0
HMGN1P6,0.0
DNMT3AP1,0.0
VEZTP1,0.0
UBE2FP1,0.0
SLC44A3-AS1,0.0
UBTFL8,0.0
MTCO1P11,0.0
RPL23AP41,0.0
ENSG00000224092,0.0
RPS24P8,0.0
ENSG00000224097,0.0
ENSG00000224104,0.0
CYP4F25P,0.0
MTRF1LP2,0.0
ENSG00000224114,0.0
PTPN2P2,0.0
ATG12P2,0.0
POM121L10P,0.0
UBE2SP2,0.0
DPPA2P2,0.0
ENSG00000224134,0.0
ENSG00000224136,0.0
ASH2LP1,0.0
USP9YP28,0.0
ENSG00000224155,0.0
HMGB1P9,0.0
CICP10,0.0
RPS26P54,0.0
UQCRHP3,0.0
ENSG00000224163,0.0
HSFY6P,0.0
ENSG00000224172,0.0
SDHDP6,0.0
SNX18P9,0.0
UBE2D3P4,0.0
RPS23P10,0.0
GSTT3P,0.0
ENSG00000224207,0.0
ZCRB1P1,0.0
TRIM60P5Y,0.0
PRPF4BP1,0.0
SEC61GP1,0.0
RPS6P8,0.0
HAUS1P2,0.0
OR2L1P,0.0
KCTD5P1,0.0
OR2J4P,0.0
MRRFP1,0.0
MICOS10P3,0.0
CYCSP49,0.0
KRT224P,0.0
ENSG00000224245,0.0
ENSG00000224252,0.0
MTCO1P39,0.0
PDCL3P6,0.0
BBLNP2,0.0
RPSAP18,0.0
CYCSP12,0.0
RABGEF1P3,0.0
ENSAP1,0.0
ENSG00000224278,0.0
RPS29P31,0.0
ENSG00000224280,0.0
ENSG00000224282,0.0
MTCYBP11,0.0
IFIT6P,0.0
RPL38P6,0.0
OLFM5P,0.0
MRPL49P1,0.0
ENSG00000224297,0.0
MTATP6P16,0.0
OR51P1P,0.0
ENSG00000224302,0.0
ANKRD30BP2,0.0
MCCD1P2,0.0
TCERG1P1,0.0
RPL7P7,0.0
GTF2IP5,0.0
RPL12P14,0.0
DPRXP1,0.0
THAP5P1,0.0
ENSG00000224331,0.0
GAPDHP20,0.0
ACTR2P1,0.0
ENSG00000224335,0.0
FAM197Y1,0.0
FAM8A3P,0.0
MTCYBP45,0.0
SC4MOP,0.0
RPL21P21,0.0
AKR7A2P2,0.0
KNOP1P3,0.0
BICD1P1,0.0
RPL36P6,0.0
CDKN2AIPNLP3,0.0
ENSG00000224352,0.0
ACE3P,0.0
MTND2P5,0.0
ATG3P1,0.0
ENSG00000224365,0.0
ENSG00000224366,0.0
OACYLP,0.0
ARAFP2,0.0
ENSG00000224370,0.0
HLA-N,0.0
METTL15P3,0.0
RPL7P57,0.0
OR6D1P,0.0
DPPA2P3,0.0
USP9YP22,0.0
ENSG00000224410,0.0
HSP90AA2P,0.0
ENSG00000224412,0.0
ENSG00000224414,0.0
ENSG00000224415,0.0
IFNA22P,0.0
KRT18P27,0.0
ATP5MFP1,0.0
SSBP3P2,0.0
SLC31A1P1,0.0
ENSG00000224427,0.0
MKRN5P,0.0
ENSG00000224431,0.0
NF1P6,0.0
ENSG00000224436,0.0
PIGUP1,0.0
RPL23AP14,0.0
RPSAP10,0.0
RPL4P7,0.0
NME2P2,0.0
H3P26,0.0
ENSG00000224448,0.0
ATP5PBP1,0.0
RSL24D1P6,0.0
GUSBP6,0.0
C4BPAP1,0.0
RPL39P14,0.0
PGAM1P6,0.0
SOCS2P2,0.0
CDCA4P2,0.0
ENSG00000224469,0.0
MTCO3P19,0.0
CCND3P1,0.0
RPL7AP40,0.0
RPL36P16,0.0
CDHR18P,0.0
HSFY4P,0.0
ENSG00000224484,0.0
USP9YP7,0.0
HCG19P,0.0
SAMM50P1,0.0
ENSG00000224493,0.0
HNRNPA3P14,0.0
RPL36P4,0.0
MAPKAPK5P1,0.0
POLR2KP2,0.0
ENSG00000224518,0.0
HMGN1P19,0.0
KRT8P45,0.0
ENSG00000224523,0.0
CYCSP42,0.0
ENSG00000224529,0.0
PPIAP10,0.0
MEP1AP4,0.0
SAGE4P,0.0
TFDP1P1,0.0
SNRPGP15,0.0
RPL31P36,0.0
EIF4BP3,0.0
ZNF619P1,0.0
ENSG00000224548,0.0
NDUFA4P1,0.0
HMGB3P21,0.0
RPS26P20,0.0
ENSG00000224555,0.0
ENSG00000224556,0.0
HLA-DPB2,0.0
ENSG00000224560,0.0
CIAO2AP2,0.0
ENSG00000224567,0.0
C9orf78P2,0.0
ENSG00000224570,0.0
USP9YP13,0.0
RPL7AP78,0.0
ENSG00000224579,0.0
UBE2V1P13,0.0
ENSG00000224585,0.0
ORC1P1,0.0
MTND3P16,0.0
RPL21P72,0.0
RPL29P19,0.0
RPS5P2,0.0
BMS1P12,0.0
ENSG00000224600,0.0
RPS26P5,0.0
ENSG00000224603,0.0
ENSG00000224604,0.0
TBPL1P1,0.0
ENSG00000224617,0.0
KLHL25P1,0.0
MEF2AP1,0.0
OR9R1P,0.0
TUBB8P6,0.0
RPL37P10,0.0
CDK5RAP3P1,0.0
RPL36AP30,0.0
ENSG00000224630,0.0
RPS27AP16,0.0
NUDT19P2,0.0
ZNF736P6Y,0.0
PDSS1P2,0.0
SRSF1P1,0.0
RPS28P5,0.0
ENSG00000224647,0.0
ENSG00000224653,0.0
SMSP1,0.0
RBMY2BP,0.0
ATP6V1G1P3,0.0
RPL36AP53,0.0
ENSG00000224667,0.0
IPO8P1,0.0
ENSG00000224669,0.0
ENSG00000224670,0.0
RPL17P10,0.0
EIF3EP2,0.0
PDIA3P2,0.0
GAPDHP46,0.0
MED15P4,0.0
PLA2G12AP1,0.0
ENSG00000224681,0.0
SOCS5P2,0.0
RPL36AP29,0.0
RPL36AP12,0.0
ELOCP23,0.0
E2F6P2,0.0
UBE2D3P3,0.0
ENSG00000224692,0.0
MTND6P7,0.0
NEFMP1,0.0
MED28P4,0.0
RPS17P13,0.0
OR11M1P,0.0
ENSG00000224719,0.0
ENSG00000224722,0.0
GUSBP10,0.0
CEP57L1P1,0.0
FCF1P7,0.0
IMPDH1P8,0.0
MAGEA7P,0.0
ENSG00000224735,0.0
MTCYBP21,0.0
SHMT1P1,0.0
VN1R21P,0.0
HMGN1P34,0.0
C1DP3,0.0
ENSG00000224762,0.0
FDPSP8,0.0
MUC20P1,0.0
HSPA8P7,0.0
BRAFP1,0.0
RPSAP50,0.0
OR4F2P,0.0
CENPIP1,0.0
EIF4A2P4,0.0
MIPEPP2,0.0
S100A15A,0.0
ENSG00000224785,0.0
CETN4P,0.0
KRT18P39,0.0
IQCF4P,0.0
RPL32P1,0.0
ENSG00000224797,0.0
RPS27AP6,0.0
TUBB4BP2,0.0
ARL5AP4,0.0
DUX4L9,0.0
BEND3P2,0.0
ENSG00000224815,0.0
NAP1L4P2,0.0
BTF3P4,0.0
USP21P1,0.0
LINC00265-2P,0.0
TOMM20P1,0.0
OR2X1P,0.0
TMEM183BP,0.0
BTF3P9,0.0
ENSG00000224836,0.0
GCSHP5,0.0
RPL12P17,0.0
MTND5P24,0.0
RPL35AP36,0.0
RPL29P11,0.0
GXYLT1P2,0.0
YBX1P1,0.0
ENSG00000224864,0.0
USP9YP25,0.0
ENSG00000224869,0.0
CDY13P,0.0
MTCYBP29,0.0
ENSG00000224881,0.0
ENSG00000224886,0.0
NFYCP2,0.0
ARL14EPP1,0.0
RPS4XP16,0.0
VPS26BP1,0.0
SIGLEC30P,0.0
SBF1P2,0.0
SRP14P1,0.0
RPL21P91,0.0
TIMM8BP2,0.0
ENSG00000224917,0.0
TACC1P1,0.0
NDUFA5P10,0.0
KRT8P30,0.0
ENSG00000224931,0.0
SUCLA2P1,0.0
EEDP1,0.0
ENSG00000224946,0.0
VN1R25P,0.0
ATP5MC1P8,0.0
RPL37P24,0.0
SRIP3,0.0
KCTD10P1,0.0
PSAT1P4,0.0
TRAPPC2P3,0.0
TBC1D3P6,0.0
ENSG00000224967,0.0
SUMO2P3,0.0
PARP4P2,0.0
CD84P1,0.0
RPL23AP85,0.0
ENSG00000224981,0.0
PPP1R8P1,0.0
ENSG00000224987,0.0
ENSG00000224988,0.0
RPL29P12,0.0
VTA1P1,0.0
OR51A5P,0.0
RPL7AP77,0.0
TWF1P2,0.0
ENSG00000225011,0.0
KCTD9P1,0.0
LINC00328-2P,0.0
ENSG00000225017,0.0
ENSG00000225018,0.0
UBE2D3P1,0.0
RPL37P11,0.0
KIF4CP,0.0
PFDN1P1,0.0
IFNWP4,0.0
EIF4BP7,0.0
CDK4P1,0.0
RPL18AP2,0.0
MTND5P27,0.0
ENSG00000225046,0.0
HMGB3P22,0.0
PRPF38AP1,0.0
ENSG00000225055,0.0
MDM4P1,0.0
RPL23AP2,0.0
VTCN1P1,0.0
RPS26P58,0.0
OR7E116P,0.0
ENSG00000225078,0.0
FTH1P22,0.0
PFN1P4,0.0
DAP3P1,0.0
SNORA71A,0.0
RPL3P7,0.0
SETP20,0.0
BCRP1,0.0
ATP6V1E1P1,0.0
DPY19L2P5,0.0
OR52K3P,0.0
ZBTB45P1,0.0
TCEAL9P1,0.0
ARSDP1,0.0
ENSG00000225118,0.0
EEF1B2P5,0.0
ENSG00000225122,0.0
ENSG00000225123,0.0
RPL23AP36,0.0
RANP4,0.0
PSME2P2,0.0
MORF4L1P4,0.0
PGBD4P5,0.0
DYNC1I2P1,0.0
RPL21P22,0.0
RPS12P10,0.0
GOLGA2P7,0.0
TUBAP9,0.0
TOMM22P5,0.0
HSPE1P24,0.0
NPM1P39,0.0
RTRAFP2,0.0
TXNP2,0.0
BRI3P1,0.0
ENSG00000225170,0.0
DUTP6,0.0
HRGP1,0.0
ATP5MGP4,0.0
ENSG00000225182,0.0
COX7BP3,0.0
PPIAP8,0.0
REREP1Y,0.0
ENSG00000225191,0.0
ZNF33BP1,0.0
RPS12P26,0.0
RPL10P17,0.0
SSX13P,0.0
ENSG00000225200,0.0
DUXAP9,0.0
AKR1B1P6,0.0
SMARCE1P1,0.0
HSPA7,0.0
PLA2G12AP2,0.0
CHCHD4P5,0.0
RPS27AP12,0.0
ARL2BPP10,0.0
ENSG00000225236,0.0
GEMIN7P1,0.0
RPL21P107,0.0
ENSG00000225240,0.0
COX6B1P7,0.0
ENSG00000225244,0.0
RPS2P1,0.0
RPL5P25,0.0
ENSG00000225253,0.0
ARMC8P1,0.0
TRAPPC2P5,0.0
ST13P6,0.0
ZNRF2P2,0.0
RPL8P2,0.0
CICP12,0.0
NOLC1P1,0.0
RPL21P27,0.0
NUP210P2,0.0
MTND1P18,0.0
KLHL5P1,0.0
ENSG00000225286,0.0
OFD1P13Y,0.0
RPL29P29,0.0
ABCD1P4,0.0
OSTCP2,0.0
MTND4P4,0.0
ENSG00000225297,0.0
ENSG00000225304,0.0
ASS1P11,0.0
DNAJC19P4,0.0
CDCA3P1,0.0
HBAP1,0.0
USP9YP19,0.0
ENSG00000225333,0.0
HMGB3P1,0.0
RPL23AP18,0.0
RPL21P66,0.0
NIPAL1P1,0.0
SNX18P3,0.0
SLC25A5P8,0.0
ANKRD49P2,0.0
RPL31P53,0.0
RPL7AP52,0.0
ARL6IP1P2,0.0
ENSG00000225356,0.0
RPF2P1,0.0
MIPEPP1,0.0
ENSG00000225360,0.0
ATP6V0E1P1,0.0
CRIPTO3,0.0
CAPZA1P2,0.0
ENSG00000225370,0.0
CICP8,0.0
RPS5P7,0.0
ENSG00000225384,0.0
ENSG00000225385,0.0
MRPL36P1,0.0
ENSG00000225394,0.0
ENSG00000225397,0.0
PGM5P4,0.0
RAB28P5,0.0
TGIF2P1,0.0
ENSG00000225402,0.0
RPL26P34,0.0
RPS15AP17,0.0
ELF2P4,0.0
ACKR4P1,0.0
RPL36AP28,0.0
AKR1C5P,0.0
RPL21P3,0.0
RBMS1P1,0.0
TNPO1P1,0.0
NDUFB4P7,0.0
MTND1P12,0.0
KRT41P,0.0
RPL36AP27,0.0
RPS15AP10,0.0
ENSG00000225448,0.0
RAB6C-AS1,0.0
ENSG00000225451,0.0
TPI1P4,0.0
ENSG00000225460,0.0
FDPSP1,0.0
ZNF70P1,0.0
OFD1P10Y,0.0
ENSG00000225469,0.0
TPT1P15,0.0
ENSG00000225475,0.0
MTCO3P5,0.0
ENSG00000225477,0.0
ENSG00000225478,0.0
ENSG00000225480,0.0
RPS6P14,0.0
RPL22P4,0.0
ENSG00000225486,0.0
RPL35AP7,0.0
UBE2Q2P4Y,0.0
GBP1P1,0.0
RTRAFP1,0.0
RPL15P4,0.0
SNRPFP3,0.0
GAPDHP16,0.0
ENSG00000225505,0.0
ENSG00000225507,0.0
SSX15P,0.0
AIFM1P1,0.0
PCDH8P1,0.0
RPL29P20,0.0
MTND1P34,0.0
ENSG00000225522,0.0
SP3P,0.0
ENSG00000225531,0.0
PAWRP1,0.0
STIP1P3,0.0
OR5BE1P,0.0
MPPE1P2,0.0
SELENOKP3,0.0
ENSG00000225551,0.0
MTCO3P20,0.0
UBE2D3P2,0.0
FAM197Y8,0.0
ENSG00000225568,0.0
CCT4P2,0.0
RPL35P5,0.0
DRAXINP1,0.0
PA2G4P5,0.0
TRIM53AP,0.0
COX6A1P6,0.0
IPPKP1,0.0
RPS27P7,0.0
ENSG00000225594,0.0
ENSG00000225603,0.0
CDY20P,0.0
RBMY2UP,0.0
ENSG00000225616,0.0
PPIAP17,0.0
TBL1YP1,0.0
ENSG00000225625,0.0
MTND2P28,0.0
HNRNPA3P15,0.0
PABPC1P12,0.0
PGAM1P2,0.0
SNRPEP5,0.0
RPL35AP4,0.0
SBDSP1,0.0
EIF2S2P5,0.0
RNF19BPY,0.0
TAF13P2,0.0
ENSG00000225660,0.0
RPL14P5,0.0
RPL14P2,0.0
YWHAZP8,0.0
SAR1AP3,0.0
RPL23AP27,0.0
FCF1P6,0.0
CCNT2P1,0.0
TMED2P1,0.0
IPO7P2,0.0
ENSG00000225678,0.0
ENSG00000225681,0.0
TSPY5P,0.0
TREML5P,0.0
LAGE3P1,0.0
HNRNPA1P35,0.0
EIF4A1P13,0.0
ENSG00000225705,0.0
PDE4DIPP8,0.0
ENSG00000225711,0.0
ATP5MC2P1,0.0
RPL30P1,0.0
PSMA1P1,0.0
ELOCP13,0.0
NMNAT1P2,0.0
ENSG00000225720,0.0
RPL24P9,0.0
MTND6P15,0.0
ASH2LP3,0.0
ENSG00000225726,0.0
ENSG00000225727,0.0
TMEM230P1,0.0
NEK4P1,0.0
NPM1P18,0.0
ELOCP6,0.0
ENSG00000225741,0.0
TRNT1P1,0.0
RPS17P17,0.0
DHRS4L1,0.0
CROCCP1,0.0
RPS29P3,0.0
SIRPAP1,0.0
DDX39AP1,0.0
ENSG00000225779,0.0
LSM3P3,0.0
ENSG00000225795,0.0
MTND4P23,0.0
UBDP1,0.0
RABEPKP1,0.0
WARS1P1,0.0
MRPS11P1,0.0
DNAJC19P5,0.0
RBMY2KP,0.0
ENSG00000225813,0.0
GRPEL2P2,0.0
GTF3AP5,0.0
RPL7P45,0.0
SFTPA3P,0.0
RPS18P1,0.0
RPL36AP25,0.0
ENSG00000225840,0.0
GGCTP3,0.0
NIPA2P1,0.0
RPL36P8,0.0
MKRN7P,0.0
HLA-S,0.0
ENSG00000225854,0.0
PCNPP2,0.0
MATR3P1,0.0
ENSG00000225864,0.0
ENSG00000225869,0.0
ENSG00000225871,0.0
ENSG00000225876,0.0
SERBP1P2,0.0
BMS1P11,0.0
ENSG00000225893,0.0
TRAPPC2P8,0.0
ELOCP36,0.0
ENSG00000225898,0.0
HSPE1P13,0.0
MTND2P9,0.0
MORF4L1P7,0.0
ENSG00000225906,0.0
RPS27P16,0.0
ENSG00000225911,0.0
RPL26P36,0.0
RPL7P59,0.0
RIMKLBP2,0.0
RPL21P92,0.0
ENSG00000225923,0.0
ENSG00000225925,0.0
CACYBPP1,0.0
ENSG00000225931,0.0
RPS14P5,0.0
FAM133FP,0.0
BANF1P5,0.0
ENSG00000225943,0.0
RIOK3P1,0.0
ENSG00000225947,0.0
ENSG00000225949,0.0
ENSG00000225957,0.0
MTND4P3,0.0
ENSG00000225965,0.0
RPS3AP51,0.0
MTND1P23,0.0
CKS1BP2,0.0
OR7E19P,0.0
HMGB1P26,0.0
SNRPEP7,0.0
RPL23AP34,0.0
OR4A8,0.0
NDUFA12P1,0.0
GTF2IP14,0.0
PPIAP37,0.0
SEPTIN14P3,0.0
ENSG00000226010,0.0
OFD1P1Y,0.0
MRPS18BP1,0.0
ENSG00000226014,0.0
CCT8P1,0.0
RPL36AP55,0.0
CDK2AP2P3,0.0
COX5BP7,0.0
ENSG00000226025,0.0
PFN1P12,0.0
HLA-DQB3,0.0
NANOGNBP1,0.0
RFKP5,0.0
PPIAP21,0.0
ENSG00000226040,0.0
CDY10P,0.0
ENSG00000226045,0.0
AP1S2P1,0.0
YBX1P8,0.0
TLK2P1,0.0
MEMO1P1,0.0
PAICSP1,0.0
MTND4P32,0.0
PHF2P2,0.0
ENSG00000226058,0.0
HMGB3P20,0.0
PCMTD1P1,0.0
PGBD4P6,0.0
ZBTB45P2,0.0
ZP3P2,0.0
HNRNPA3P4,0.0
ENSG00000226072,0.0
PRSS44P,0.0
PHKG1P1,0.0
RPL6P4,0.0
USP12PX,0.0
RPS10P10,0.0
RPL17P6,0.0
UQCRFS1P1,0.0
EIF3LP3,0.0
RBMY2AP,0.0
RPS28P8,0.0
RPL7P3,0.0
ENSG00000226096,0.0
SEC11B,0.0
SEPTIN7P3,0.0
RPL36AP54,0.0
RAB28P1,0.0
ENSG00000226110,0.0
FCF1P4,0.0
NDUFB4P5,0.0
USP9YP6,0.0
ENSG00000226117,0.0
MTND3P1,0.0
C3orf49P1,0.0
AHCTF1P1,0.0
PSMC1P12,0.0
RPL26P9,0.0
PPIAP66,0.0
RPS3AP46,0.0
ATP6V1FP2,0.0
ENSG00000226141,0.0
RPL35P8,0.0
RPS27AP3,0.0
KRT16P6,0.0
TUBBP10,0.0
SLC25A39P1,0.0
CHP1P3,0.0
RPL23AP76,0.0
OR52E3P,0.0
CLCP2,0.0
ENSG00000226160,0.0
EIF4A1P5,0.0
FGFR3P6,0.0
ENSG00000226166,0.0
ENSG00000226168,0.0
RANP7,0.0
TRIM64FP,0.0
ELOCP21,0.0
HNRNPA1P3,0.0
CLK3P2,0.0
GAPDHP75,0.0
ENSG00000226199,0.0
RPS3AP27,0.0
RBISP1,0.0
WASH8P,0.0
ENSG00000226211,0.0
UBQLN4P2,0.0
RPS12P5,0.0
RPL19P1,0.0
CICP22,0.0
RPL26P19,0.0
H2BP7,0.0
TSPY16P,0.0
PRELID3BP1,0.0
RPLP0P1,0.0
UFC1P1,0.0
NPIPB14P,0.0
RPL39P41,0.0
KRT18P24,0.0
ENSG00000226241,0.0
RPS17P8,0.0
RPL37AP1,0.0
KRT18P36,0.0
SUPT4H1P1,0.0
MRPL35P3,0.0
PTP4A1P3,0.0
UBE2V2P1,0.0
GTF2H2B,0.0
PIMREGP1,0.0
PHKBP1,0.0
ENSG00000226268,0.0
ZNF736P2Y,0.0
STUB1P1,0.0
PSPHP1,0.0
RPL12P10,0.0
ENSG00000226280,0.0
ARPC3P1,0.0
NUP35P2,0.0
TMEM191A,0.0
CDCA4P3,0.0
RPS3AP10,0.0
RPL17P14,0.0
RAD23BP3,0.0
RPSAP62,0.0
PDCL3P1,0.0
NPY6R,0.0
HNRNPDLP1,0.0
SMARCE1P2,0.0
MTCYBP12,0.0
ZKSCAN8P1,0.0
RPS3AP38,0.0
ENSG00000226324,0.0
RPSAP49,0.0
ENSG00000226329,0.0
RPL23AP28,0.0
MRPS16P3,0.0
ENSG00000226338,0.0
RPS26P56,0.0
USP8P2,0.0
MTCYBP39,0.0
NMD3P1,0.0
CST12P,0.0
ZDHHC1P1,0.0
VN2R10P,0.0
TAF9P1,0.0
RPS6P20,0.0
KRT8P38,0.0
ACTG1P24,0.0
RPL10AP6,0.0
TERF1P5,0.0
CCDC12P1,0.0
USP9YP11,0.0
ELL2P4,0.0
MAPK6P6,0.0
MTATP6P21,0.0
IFNA20P,0.0
ENSG00000226394,0.0
MRPS21P5,0.0
ENSG00000226396,0.0
ENSG00000226400,0.0
ENSG00000226401,0.0
ENSG00000226405,0.0
RBMX2P1,0.0
RPL23P11,0.0
ENSG00000226410,0.0
ENSG00000226411,0.0
OR8T1P,0.0
MTCYBP38,0.0
TPI1P1,0.0
SLC25A5P5,0.0
HMGN2P7,0.0
RPL15P13,0.0
ENSG00000226429,0.0
AKTIPP2,0.0
ANKRD18DP,0.0
H3P43,0.0
ENSG00000226439,0.0
GAPDHP32,0.0
ACTR3BP7,0.0
NOTCH2P1,0.0
RPL7AP51,0.0
CDY5P,0.0
CYP2D8P,0.0
RPL22P3,0.0
OR10G5P,0.0
RPA2P2,0.0
ENSG00000226468,0.0
ADAM1B,0.0
RPS29P33,0.0
PPIAP62,0.0
ENSG00000226474,0.0
ENSG00000226477,0.0
UPF3AP1,0.0
OR7H1P,0.0
ACTR3BP2,0.0
RPL7L1P21,0.0
RBM22P3,0.0
RPL36AP17,0.0
FTOP1,0.0
RPL26P27,0.0
RPSAP21,0.0
ENSG00000226499,0.0
ENSG00000226500,0.0
USF1P1,0.0
KRT8P27,0.0
TMEM167AP1,0.0
IPMKP1,0.0
ENSG00000226509,0.0
ENSG00000226515,0.0
ENSG00000226521,0.0
ENSG00000226523,0.0
RPS7P10,0.0
MTND1P1,0.0
ENSG00000226532,0.0
SUSD2P1,0.0
ENSG00000226535,0.0
SETP15,0.0
OR7E33P,0.0
MLXP1,0.0
GAPDHP73,0.0
RPL36P10,0.0
MYL6P1,0.0
RPL7P22,0.0
ENSG00000226545,0.0
SSU72P1,0.0
SCDP1,0.0
ENSG00000226552,0.0
IMPDH1P7,0.0
MTCL1P1,0.0
AGKP1,0.0
NPM1P49,0.0
TRAF6P1,0.0
ENSG00000226558,0.0
FTH1P20,0.0
ENSG00000226565,0.0
ENSG00000226570,0.0
SNORD57,0.0
RPL36P17,0.0
MICC,0.0
MTCYBP31,0.0
RPL39P40,0.0
UBE2V1P5,0.0
UBE2V1P10,0.0
ENSG00000226592,0.0
ENSG00000226595,0.0
IFNWP9,0.0
FTLP3,0.0
OFD1P2Y,0.0
OR52M2P,0.0
RPL21P110,0.0
RPL13AP27,0.0
RPL13AP16,0.0
RBM17P1,0.0
NOP56P2,0.0
SLC9A3P3,0.0
UBE2V1P1,0.0
PPIAP28,0.0
ENSG00000226636,0.0
SHISA5P1,0.0
ACTG1P12,0.0
RPL7P37,0.0
PSMD10P2,0.0
OR13Z1P,0.0
RPL23AP30,0.0
CHMP1AP1,0.0
MTND4P10,0.0
SSR1P2,0.0
HSPA9P1,0.0
SPATA31B2P,0.0
BCAS2P3,0.0
ENSG00000226671,0.0
IGBP1P1,0.0
PWWP2AP1,0.0
NXNP1,0.0
ANKRD20A10P,0.0
MTND4P25,0.0
RPL15P14,0.0
NPM1P4,0.0
SDCBPP1,0.0
SNRPGP8,0.0
EEF1DP2,0.0
ENSG00000226723,0.0
HRGP2,0.0
TMEM256P2,0.0
RPL35AP30,0.0
SNRPGP12,0.0
ENSG00000226744,0.0
OAZ1P1,0.0
ENSG00000226750,0.0
FOXN3P2,0.0
VPS25P1,0.0
RPSAP33,0.0
FABP7P1,0.0
ENSG00000226767,0.0
GAPDHP54,0.0
ENSG00000226773,0.0
HIKESHIP1,0.0
KRTAP3-4P,0.0
TBCAP1,0.0
TLK1P1,0.0
WBP11P2,0.0
HNRNPA3P1,0.0
MTND1P20,0.0
OSTCP8,0.0
RUVBL2P1,0.0
ENSG00000226804,0.0
MROH5,0.0
ENSG00000226810,0.0
ENSG00000226814,0.0
SLC6A6P1,0.0
ENSG00000226820,0.0
SUGT1P1,0.0
NPM1P11,0.0
MED15P3,0.0
RPL32P19,0.0
HMGB1P32,0.0
ENSG00000226838,0.0
MTND6P11,0.0
PAICSP3,0.0
ENSG00000226843,0.0
EEF1GP3,0.0
PRPS1P1,0.0
RPSAP17,0.0
DUTP3,0.0
RBX1P1,0.0
SHROOM2P1,0.0
SSX21P,0.0
ENSG00000226870,0.0
CDY14P,0.0
TRPC6P10,0.0
ZNF877P,0.0
GSTM3P2,0.0
H3P44,0.0
RPS29P10,0.0
E2F6P3,0.0
ENSG00000226886,0.0
RPLP1P10,0.0
CHCHD2P1,0.0
ENSG00000226905,0.0
H2BP6,0.0
ISCA2P1,0.0
RPL19P4,0.0
ENSG00000226918,0.0
PDZPH1P,0.0
RPS14P4,0.0
GTF2IP2,0.0
NRBF2P2,0.0
CEP164P1,0.0
IL9RP3,0.0
ALG1L5P,0.0
RPL13AP8,0.0
MTNAP1P1,0.0
LCEP4,0.0
RPS4XP2,0.0
OR6K5P,0.0
ENSG00000226952,0.0
POLE4P1,0.0
MTCO1P21,0.0
PPIAP60,0.0
RAC1P6,0.0
RHEBP2,0.0
HAUS4P1,0.0
NEDD8P1,0.0
ENSG00000226971,0.0
RPL12P19,0.0
ENSG00000226973,0.0
COX6A1P2,0.0
HMGN1P24,0.0
ABHD17AP6,0.0
CENPCP1,0.0
ENSG00000226984,0.0
PRELID1P5,0.0
ENSG00000226987,0.0
COA1P1,0.0
ENSG00000226991,0.0
MTATP6P30,0.0
ENSG00000226999,0.0
HSPD1P14,0.0
NBPF2P,0.0
SNRPEP10,0.0
ENSG00000227004,0.0
RPS24P19,0.0
FUNDC2P4,0.0
OR7E96P,0.0
ENSG00000227015,0.0
IL6STP1,0.0
OR7E101P,0.0
OR51A3P,0.0
RPS2P36,0.0
ENSG00000227034,0.0
MTATP6P18,0.0
GTF2IP7,0.0
ENSG00000227040,0.0
ENSG00000227048,0.0
FDX1P2,0.0
ENSG00000227055,0.0
RPL6P2,0.0
ENSG00000227058,0.0
ENSG00000227062,0.0
RPL41P1,0.0
NAA20P1,0.0
DPPA3P1,0.0
CNN2P2,0.0
ENSG00000227072,0.0
SDHDP2,0.0
ENSG00000227077,0.0
ENSG00000227080,0.0
RPS27P3,0.0
RBMX2P5,0.0
HMGB3P8,0.0
RPS28P7,0.0
OR2AS1P,0.0
PIGQP1,0.0
PARP1P1,0.0
CRIP1P3,0.0
ENSG00000227113,0.0
BTF3P13,0.0
ENSG00000227120,0.0
RPL12P44,0.0
ENSG00000227133,0.0
OTX2P2,0.0
ENSG00000227138,0.0
ENSG00000227141,0.0
MTCO1P44,0.0
OR2T7,0.0
MKRN6P,0.0
ENSG00000227158,0.0
DDX11L16,0.0
THEM7P,0.0
ENSG00000227163,0.0
STSP1,0.0
MYL6P3,0.0
NSA2P5,0.0
AIMP1P2,0.0
PGBP,0.0
LRRC2P1,0.0
VN1R28P,0.0
HDGFP1,0.0
RPL21P31,0.0
CNN2P1,0.0
SUB1P1,0.0
RBMY2JP,0.0
PFN1P9,0.0
RPL31P12,0.0
WARS2P1,0.0
H3P45,0.0
PFN1P6,0.0
RPS25P4,0.0
MTND1P14,0.0
WASH7P,0.0
CICP17,0.0
ENSG00000227236,0.0
TTC39DP,0.0
ENSG00000227241,0.0
ENSG00000227242,0.0
SLAMF6P1,0.0
TRIM60P13,0.0
ENSG00000227249,0.0
TRIM60P9Y,0.0
VDAC1P12,0.0
CDRT15P2,0.0
ENSG00000227257,0.0
HMGN2P22,0.0
YWHAZP7,0.0
HCG4B,0.0
ACTR3BP5,0.0
GXYLT1P7,0.0
DONSONP1,0.0
ENSG00000227270,0.0
RPL39P25,0.0
MTND6P10,0.0
RPL35AP12,0.0
MARK2P10,0.0
ARID3BP1,0.0
HSFY3P,0.0
ENSG00000227291,0.0
ELL2P1,0.0
ARAFP3,0.0
KRT16P2,0.0
SSX19P,0.0
ENSG00000227304,0.0
RPL31P19,0.0
RPL21P20,0.0
ENSG00000227312,0.0
MTND4P15,0.0
ENSG00000227329,0.0
RPL7AP22,0.0
RPL23AP43,0.0
THRAP3P1,0.0
RPL15P1,0.0
HAUS6P1,0.0
HNRNPKP2,0.0
MTND5P25,0.0
CEACAMP7,0.0
PPIAP88,0.0
NANOGP6,0.0
RAB28P3,0.0
ENSG00000227358,0.0
RPS24P7,0.0
SLC9B1P4,0.0
CDK8P2,0.0
ENSG00000227370,0.0
ENSG00000227371,0.0
FTH1P16,0.0
PPIAP2,0.0
EIF4A2P2,0.0
RPL35AP2,0.0
SALL1P1,0.0
ENSG00000227393,0.0
RPL11P1,0.0
EIF2AP4,0.0
ENSG00000227397,0.0
RPL21P82,0.0
RPL37P1,0.0
KRT8P20,0.0
RNF6P1,0.0
AMYP1,0.0
ACNATP,0.0
STK33P1,0.0
ENSG00000227413,0.0
ENSG00000227416,0.0
ENSG00000227417,0.0
OR10U1P,0.0
MRPS21P2,0.0
VN1R33P,0.0
MDH1P1,0.0
H3P9,0.0
RPL31P22,0.0
RNF19BPX,0.0
FCF1P1,0.0
RPS8P4,0.0
ATP5MC1P4,0.0
H3P30,0.0
ENSG00000227444,0.0
OR10R1P,0.0
XGY1,0.0
FGF7P6,0.0
HNRNPA1P63,0.0
MTND4P30,0.0
PSME2P6,0.0
GPN3P1,0.0
RPL39P16,0.0
TSSK5P,0.0
RPL6P24,0.0
CCNJP1,0.0
ENSG00000227493,0.0
USP9YP14,0.0
PABPC1P6,0.0
ENSG00000227499,0.0
SLIRPP1,0.0
ENSG00000227511,0.0
ILRUNP1,0.0
ENSG00000227514,0.0
C1DP4,0.0
TUBB4BP8,0.0
RPS20P15,0.0
RPL7P6,0.0
ENSG00000227532,0.0
AP1M2P1,0.0
SOCS5P4,0.0
ENSG00000227537,0.0
HNRNPFP1,0.0
SFR1P1,0.0
ENSG00000227545,0.0
OR4A2P,0.0
ENSG00000227556,0.0
MTND3P9,0.0
RPS15AP30,0.0
RNF11P2,0.0
SNX18P26,0.0
ENSG00000227573,0.0
RPS3AP53,0.0
STAU2P1,0.0
ADGRF5P1,0.0
RPS3AP37,0.0
MTND4P5,0.0
ENSG00000227585,0.0
RPS26P39,0.0
ATP5MC1P5,0.0
PIGFP3,0.0
PHB1P16,0.0
WASF1P1,0.0
TOMM22P3,0.0
SUMO2P2,0.0
TMEM183AP1,0.0
QRSL1P2,0.0
ENSG00000227615,0.0
ENSG00000227616,0.0
ALG1L8P,0.0
PHB1P11,0.0
ENSG00000227623,0.0
SNRPEP3,0.0
ENSG00000227625,0.0
SLC25A15P1,0.0
ENSG00000227632,0.0
RBMY2YP,0.0
USP9YP21,0.0
HNRNPA1P14,0.0
HIGD1AP11,0.0
RPL7P54,0.0
MTND6P32,0.0
ISCA1P6,0.0
SERPINA7P1,0.0
MTCO3P18,0.0
RPL7P2,0.0
CYCSP24,0.0
ENSG00000227667,0.0
ZNF731P,0.0
ENSG00000227679,0.0
ATP5F1AP2,0.0
CROCCP4,0.0
HNRNPA3P2,0.0
SRP68P2,0.0
MED28P3,0.0
GSTM3P1,0.0
RPL23AP74,0.0
ENSG00000227700,0.0
SDAD1P3,0.0
SNRNP40P1,0.0
ENSG00000227710,0.0
ENSG00000227711,0.0
MTND6P18,0.0
GOLGA6L25,0.0
RPSAP64,0.0
ENSG00000227722,0.0
POLR2MP1,0.0
ENSG00000227728,0.0
MTND6P5,0.0
CYCSP5,0.0
MTCO3P16,0.0
OR8B1P,0.0
PSMD14P1,0.0
CALR4P,0.0
ENSG00000227745,0.0
ENSG00000227747,0.0
RPL36AP31,0.0
ENSG00000227755,0.0
HCG9P5,0.0
VTI1BP4,0.0
ENSG00000227760,0.0
GUSBP8,0.0
MYL12BP2,0.0
ENSG00000227766,0.0
RPL7P12,0.0
ENSG00000227775,0.0
AKR1D1P1,0.0
RPL7AP19,0.0
NDUFB3P5,0.0
ZNF965P,0.0
ENSG00000227785,0.0
MTCO3P43,0.0
MTCYBP7,0.0
SPECC1P1,0.0
RPS10P9,0.0
MTND4LP9,0.0
CDPF1P1,0.0
DNAJB3,0.0
RPL21P90,0.0
OR5W1P,0.0
ENSG00000227813,0.0
MRPS17P9,0.0
ENSG00000227815,0.0
ARHGAP42P1,0.0
SLC9A7P1,0.0
PKD1P2,0.0
TRIM60P3Y,0.0
ST13P21,0.0
ENSG00000227834,0.0
CARM1P1,0.0
ENSG00000227836,0.0
TRIM60P11Y,0.0
KRTAP8-3P,0.0
MTND5P31,0.0
ENSG00000227842,0.0
ENSG00000227845,0.0
UGT1A11P,0.0
PPIAP93,0.0
SEPTIN2P1,0.0
RPS29P17,0.0
ENSG00000227854,0.0
DPY19L2P3,0.0
MTND5P18,0.0
HNRNPA1P31,0.0
ARL5AP1,0.0
ELOCP11,0.0
USP9YP12,0.0
FAM136GP,0.0
GRAMD4P1,0.0
RPL23AP89,0.0
ENSG00000227878,0.0
PSPC1P1,0.0
ASS1P5,0.0
THAP12P6,0.0
ATP6V0E1P4,0.0
RPS26P13,0.0
PSMA2P3,0.0
OR5P4P,0.0
MED6P1,0.0
ENSG00000227910,0.0
KRT8P44,0.0
ELOCP16,0.0
ENSG00000227919,0.0
SPTLC1P5,0.0
ENSG00000227923,0.0
RBPJP6,0.0
ENSG00000227934,0.0
MTND2P30,0.0
RPL3P2,0.0
UQCRBP2,0.0
FRMD8P1,0.0
ENSG00000227948,0.0
CYCSP46,0.0
ENSG00000227950,0.0
RPL18AP17,0.0
ENSG00000227962,0.0
ENSG00000227965,0.0
BUB3P1,0.0
NPM1P22,0.0
NR1H5P,0.0
ENSG00000227971,0.0
THAP12P3,0.0
PIN4P1,0.0
COX6A1P7,0.0
RPL7P30,0.0
BRK1P2,0.0
TRIM60P18,0.0
CRIPTOP1,0.0
ENSG00000227992,0.0
ENSG00000227994,0.0
RAB11AP1,0.0
MTND5P1,0.0
RPL7AP65,0.0
DHX9P1,0.0
MYCLP2,0.0
RPL36AP7,0.0
ZNF680P1,0.0
ENSG00000228015,0.0
ENSG00000228019,0.0
HNRNPA1P46,0.0
CYP1D1P,0.0
RPL21P76,0.0
HMGN2P21,0.0
HSPD1P9,0.0
VN1R51P,0.0
ENSG00000228039,0.0
ENSG00000228040,0.0
EIF3JP1,0.0
M6PRP1,0.0
DNAJA1P6,0.0
MTCO3P40,0.0
TOP3BP1,0.0
WBP11P3,0.0
RPL21P87,0.0
RANP5,0.0
CFL1P3,0.0
SEC63P1,0.0
MTCO3P29,0.0
RPL7P47,0.0
UBBP5,0.0
ENSG00000228076,0.0
HLA-U,0.0
ENSG00000228081,0.0
ENSG00000228085,0.0
PNKDP1,0.0
COX6CP15,0.0
ENSG00000228095,0.0
MTATP6P11,0.0
ENSG00000228098,0.0
ST13P19,0.0
TPT1P2,0.0
ENSG00000228112,0.0
MYL6P5,0.0
PHB1P3,0.0
MTND1P17,0.0
ENSG00000228123,0.0
AKIRIN1P2,0.0
ENSG00000228132,0.0
UBE2V1P14,0.0
ENSG00000228143,0.0
CASP16P,0.0
RPL3P1,0.0
ENSG00000228154,0.0
TLE1P1,0.0
ENSG00000228161,0.0
MTND1P11,0.0
ENSG00000228167,0.0
HNRNPA1P21,0.0
PPIAP19,0.0
C11orf98P3,0.0
GEMIN8P4,0.0
ENSG00000228181,0.0
MTND2P25,0.0
SNX19P1,0.0
ENSG00000228187,0.0
RPL23AP16,0.0
ENSG00000228191,0.0
ELOCP14,0.0
ETFRF1P1,0.0
RPL5P27,0.0
PTPN2P1,0.0
RPS3P3,0.0
ENSG00000228207,0.0
PNPP1,0.0
RPL7AP12,0.0
HYAL6P,0.0
OFD1P17,0.0
PNRC2P1,0.0
ATF4P3,0.0
NPM1P30,0.0
NACA4P,0.0
CRLF3P3,0.0
GAPDHP1,0.0
GLRXP1,0.0
TXNP5,0.0
ENSG00000228238,0.0
MOB1AP1,0.0
UBBP2,0.0
NUTF2P3,0.0
COL6A4P2,0.0
ENSG00000228257,0.0
ENSG00000228259,0.0
PSMD8P1,0.0
KATNBL1P6,0.0
LYPLA2P1,0.0
ENSG00000228286,0.0
ENSG00000228289,0.0
ARL4AP3,0.0
ENSG00000228292,0.0
BMS1P17,0.0
RPL7P55,0.0
ENSG00000228303,0.0
OR4K6P,0.0
PRELID1P6,0.0
OR2S1P,0.0
GAPDHP45,0.0
CYP4F29P,0.0
GUSBP11,0.0
MTATP6P19,0.0
SPATA2P1,0.0
ENSG00000228327,0.0
PGK1P1,0.0
ENSG00000228330,0.0
RPL17P43,0.0
ENSG00000228335,0.0
OR9H1P,0.0
PPIAP69,0.0
AMD1P1,0.0
ENSG00000228341,0.0
ENSG00000228345,0.0
FTLP17,0.0
EFCAB14P1,0.0
RPS26P4,0.0
ENSG00000228354,0.0
ENSG00000228360,0.0
SAR1AP1,0.0
ENSG00000228366,0.0
ENSG00000228367,0.0
ENSG00000228373,0.0
RPL9P13,0.0
RPS20P25,0.0
GAS2L1P2,0.0
MYL6BP1,0.0
HMGN2P25,0.0
ENSG00000228399,0.0
ENSG00000228407,0.0
CCT6P1,0.0
ELOCP24,0.0
CDY4P,0.0
ARL8BP1,0.0
PTMAP1,0.0
ENSG00000228429,0.0
ARL5AP3,0.0
DHFRP2,0.0
OR7E23P,0.0
ENSG00000228438,0.0
MTND5P6,0.0
UGT1A2P,0.0
ANKRD49P1,0.0
NLRP7P1,0.0
SDAD1P1,0.0
RPS15AP9,0.0
CYP2C59P,0.0
RPS19P7,0.0
ENSG00000228464,0.0
TRAPPC2P10,0.0
TUBB4AP1,0.0
ENSG00000228471,0.0
LIN28AP2,0.0
CSTP1,0.0
ENSG00000228477,0.0
ENSG00000228480,0.0
RPL21P50,0.0
RAB11FIP1P1,0.0
TMSB10P1,0.0
RPL15P18,0.0
EEF1A1P11,0.0
DAP3P2,0.0
ENSG00000228510,0.0
ENSG00000228513,0.0
SURF6P1,0.0
RANBP1P1,0.0
ENSG00000228522,0.0
DNAJB6P4,0.0
ENSG00000228525,0.0
ENSG00000228530,0.0
SUMO2P21,0.0
PMS2P12,0.0
OR7E26P,0.0
ENSG00000228550,0.0
SNRPGP9,0.0
HSPA8P17,0.0
RPS15AP13,0.0
HSFY7P,0.0
ENSG00000228572,0.0
TUBB1P2,0.0
ENSG00000228585,0.0
SPCS2P4,0.0
CFTRP1,0.0
PAICSP2,0.0
MTND4P1,0.0
RPL7P52,0.0
POLR2CP1,0.0
RPL39P,0.0
PDCL2P1,0.0
HNF4GP1,0.0
HK2P1,0.0
CENPNP2,0.0
ENSG00000228626,0.0
FCF1P2,0.0
PHKG1P2,0.0
RPL31P13,0.0
HNRNPCP7,0.0
MYO5BP3,0.0
RPL23AP58,0.0
VN1R35P,0.0
PSMD10P1,0.0
ENSG00000228664,0.0
RPS27P6,0.0
KRT18P1,0.0
ENSG00000228667,0.0
NANOGP2,0.0
PPIAP59,0.0
ENSG00000228681,0.0
ENSG00000228685,0.0
ENSG00000228687,0.0
COL11A2P1,0.0
MTND4P18,0.0
CES1P1,0.0
ENSG00000228700,0.0
ENSG00000228702,0.0
ENSG00000228711,0.0
NAB1P1,0.0
ENSG00000228721,0.0
MTND2P12,0.0
PPIAP91,0.0
ENSG00000228729,0.0
RPS3AP30,0.0
ENSG00000228751,0.0
EIF4BP2,0.0
RPL13AP19,0.0
PABPC1P8,0.0
ENSG00000228757,0.0
FAF2P1,0.0
ZNF885P,0.0
RPL7L1P8,0.0
KRT8P18,0.0
ABCF2P2,0.0
ENSG00000228770,0.0
ENSG00000228771,0.0
ENSG00000228776,0.0
ENSG00000228780,0.0
RPL21P84,0.0
MRPL45P2,0.0
H3P29,0.0
ENSG00000228790,0.0
FAM207BP,0.0
MTCYBP42,0.0
ENSG00000228806,0.0
MRPS18CP6,0.0
HMGB3P4,0.0
PABPC1P11,0.0
ENSG00000228814,0.0
MARK2P13,0.0
AK3P5,0.0
ENSG00000228818,0.0
AGKP2,0.0
RPSAP1,0.0
PDE4DIPP10,0.0
LAMTOR3P1,0.0
ENSG00000228827,0.0
TLK2P2,0.0
ENSG00000228829,0.0
ENSG00000228833,0.0
ATP5MFP2,0.0
CBX3P6,0.0
ENSG00000228844,0.0
ATP5MC2P4,0.0
RPS20P13,0.0
CDY12P,0.0
MTCO3P4,0.0
ENSG00000228855,0.0
ENSG00000228860,0.0
RPL23AP12,0.0
MYLKP1,0.0
COX4I1P2,0.0
CSP1,0.0
RPS24P10,0.0
RPL35AP6,0.0
CICP9,0.0
RPL23AP26,0.0
EEF1DP1,0.0
ENSG00000228897,0.0
MTCO1P43,0.0
HMGN2P36,0.0
ST6GALNAC2P1,0.0
RASA4CP,0.0
OR1H1P,0.0
OR7E128P,0.0
ENSG00000228922,0.0
KPNA2P2,0.0
RPS13P2,0.0
MTCO1P3,0.0
ENSG00000228935,0.0
MTA3P1,0.0
SNRPD2P1,0.0
ENSG00000228940,0.0
UBE3AP2,0.0
ENSG00000228943,0.0
CLUHP2,0.0
SLC25A6P5,0.0
UGT1A12P,0.0
ENSG00000228953,0.0
RPL7AP82,0.0
ENSG00000228957,0.0
PIGPP3,0.0
OR2A9P,0.0
OR7E93P,0.0
RPSAP60,0.0
HOMER2P1,0.0
UBTFL6,0.0
ENSG00000228974,0.0
SUMO2P8,0.0
PPIAP55,0.0
ENSG00000228981,0.0
ENSG00000228982,0.0
SLC47A1P1,0.0
ENSG00000228984,0.0
PHF10P1,0.0
RPL5P32,0.0
MTND1P9,0.0
ORMDL1P1,0.0
PERPP2,0.0
SEPTIN7P8,0.0
ACTBP14,0.0
ENSG00000229002,0.0
EXOSC3P1,0.0
TMPRSS11GP,0.0
ENSG00000229010,0.0
ENSG00000229013,0.0
RPL30P13,0.0
ENSG00000229016,0.0
PMS2P7,0.0
AKR7A2P1,0.0
RPL6P3,0.0
RAB1AP1,0.0
HSFY1P1,0.0
KRT223P,0.0
CDCA4P1,0.0
ENSG00000229030,0.0
MTCO1P25,0.0
ENSG00000229032,0.0
SPRR2C,0.0
VDAC1P8,0.0
MRPL32P2,0.0
HMGN1P2,0.0
DUTP1,0.0
MND1P1,0.0
RPS29P14,0.0
RPS3AP54,0.0
ENSG00000229060,0.0
ENSG00000229064,0.0
ENSG00000229067,0.0
TMPOP1,0.0
HMGN2P24,0.0
ENSG00000229079,0.0
MTCO3P30,0.0
OR5AW1P,0.0
PSMA6P2,0.0
RPS26P18,0.0
MTND1P10,0.0
ENSG00000229090,0.0
HSPA8P8,0.0
OR51AB1P,0.0
CALM2P2,0.0
ELOCP20,0.0
YY1P2,0.0
BTBD6P1,0.0
ABHD17AP4,0.0
ENSG00000229110,0.0
ENSG00000229112,0.0
ENSG00000229115,0.0
RPLP0P9,0.0
CYCSP4,0.0
ACTG1P2,0.0
EIF4A1P10,0.0
RPS7P4,0.0
CDY6P,0.0
HCG4P8,0.0
ENSG00000229143,0.0
ACTBP1,0.0
SNX18P4,0.0
SMPD4P2,0.0
CRYGEP,0.0
ENSG00000229156,0.0
TSPY23P,0.0
TCP1P1,0.0
NAP1L1P2,0.0
GDI2P1,0.0
RPL19P20,0.0
RPS26P59,0.0
ENSG00000229172,0.0
SRMP3,0.0
MRPS16P1,0.0
ATP5PDP2,0.0
ADAM1A,0.0
RPS15AP28,0.0
PTGES3P3,0.0
SERPINH1P1,0.0
RBMY2NP,0.0
KCTD9P6,0.0
ENSG00000229212,0.0
ENSG00000229213,0.0
CYCSP11,0.0
ENSG00000229220,0.0
HNRNPA1P66,0.0
KRT18P4,0.0
BTF3L4P4,0.0
MT1P3,0.0
FEM1AP1,0.0
KRT18P53,0.0
RBMY1KP,0.0
RPL37P18,0.0
HMGN1P37,0.0
PPP1R12BP1,0.0
EEF1A1P48,0.0
PNPT1P1,0.0
ENSG00000229247,0.0
WBP2P1,0.0
USP9YP31,0.0
HNRNPA1P8,0.0
OR8C1P,0.0
ST13P13,0.0
LRRC37A12P,0.0
POM121L8P,0.0
PES1P2,0.0
ENSG00000229273,0.0
EEF1DP6,0.0
GPR53P,0.0
ENSG00000229286,0.0
FABP5P4,0.0
ENSG00000229288,0.0
TUBB8P1,0.0
TAF9P2,0.0
PPIAP25,0.0
ENSG00000229305,0.0
RPP40P1,0.0
HMGB1P45,0.0
KRT8P12,0.0
ENSG00000229322,0.0
NUTF2P7,0.0
RPL17P15,0.0
PGBD4P8,0.0
SREK1IP1P1,0.0
NME2P3,0.0
RPL7AP83,0.0
CDY22P,0.0
MTCO2P12,0.0
ENSG00000229347,0.0
ACTG1P9,0.0
KRTAP9-11P,0.0
CYCSP51,0.0
DPY19L1P1,0.0
PIN1P1,0.0
PPP1R2P5,0.0
UBTFL7,0.0
ENSG00000229365,0.0
HMGN2P19,0.0
DENRP4,0.0
USP24P1,0.0
CICP3,0.0
HMGB1P16,0.0
OR8B9P,0.0
MICD,0.0
HLA-DRB6,0.0
ENSG00000229398,0.0
ENSG00000229399,0.0
ENSG00000229405,0.0
OFD1P4Y,0.0
ENSG00000229409,0.0
ENSG00000229413,0.0
USP9YP8,0.0
NPM1P25,0.0
RALGAPA1P1,0.0
H3P10,0.0
RPL27AP8,0.0
ANKRD26P4,0.0
PIP5K1P2,0.0
ENSG00000229436,0.0
ENSG00000229440,0.0
THEMIS3P,0.0
ENSG00000229447,0.0
RPS10P18,0.0
RLIMP1,0.0
WDR4P2,0.0
ACTG1P11,0.0
RPL39P18,0.0
RGS17P1,0.0
ROBO2P1,0.0
KSR1P1,0.0
ENSG00000229486,0.0
TERF2IPP1,0.0
ENSG00000229497,0.0
RPL17P1,0.0
RPL21P37,0.0
ENSG00000229505,0.0
PHKG1P4,0.0
ENSG00000229509,0.0
GAS2L1P1,0.0
FLT1P1,0.0
UBE2V1P3,0.0
ENSG00000229519,0.0
KRT16P4,0.0
ENSG00000229530,0.0
ENSG00000229532,0.0
HNRNPA1P53,0.0
GAPDHP26,0.0
ENSG00000229547,0.0
GAPDHP17,0.0
USP9YP17,0.0
RPL21P24,0.0
ENSG00000229559,0.0
LYARP1,0.0
ZFYVE9P1,0.0
ENSG00000229567,0.0
SMC4P1,0.0
GAPDHP58,0.0
EIF4BP4,0.0
RPL21P44,0.0
TNPO1P3,0.0
MSX2P1,0.0
SUCLA2P3,0.0
ENSG00000229594,0.0
ENSG00000229595,0.0
MYL12BP3,0.0
PRDX3P1,0.0
ENSG00000229601,0.0
MTATP8P2,0.0
RPL21P93,0.0
GOLGA2P4,0.0
SUMO1P2,0.0
ENSG00000229616,0.0
MTND5P2,0.0
METTL21AP1,0.0
PIGCP2,0.0
BSNDP4,0.0
ENSG00000229629,0.0
ENSG00000229635,0.0
KRT8P21,0.0
RPL4P4,0.0
CYP2C56P,0.0
NAMPTP1,0.0
RPSAP22,0.0
ENSG00000229652,0.0
RPL13AP11,0.0
PABPC1P9,0.0
RPL26P6,0.0
BUD31P2,0.0
ENSG00000229662,0.0
DPY19L4P1,0.0
UBE2V1P9,0.0
ENSG00000229668,0.0
PKP4P1,0.0
RPL17P28,0.0
ENSG00000229682,0.0
SNORD56,0.0
ENSG00000229687,0.0
ANKRD33BP1,0.0
MTCO2P1,0.0
SKP2P1,0.0
ENSG00000229695,0.0
KARS1P1,0.0
RPL29P17,0.0
MTND2P20,0.0
EIF2S2P2,0.0
SKP1P3,0.0
MARK2P12,0.0
USP9YP36,0.0
LCEP2,0.0
EEF1DP3,0.0
RPL23AP19,0.0
ENSG00000229721,0.0
OR2AQ1P,0.0
ENSG00000229725,0.0
ENSG00000229730,0.0
ENSG00000229731,0.0
ENSG00000229733,0.0
FTLP16,0.0
ENSG00000229738,0.0
ENSG00000229742,0.0
SDHDP5,0.0
BPY2DP,0.0
ENSG00000229747,0.0
COTL1P1,0.0
RPL7P10,0.0
RPS27AP15,0.0
CXCR2P1,0.0
RPL31P20,0.0
RPL7AP21,0.0
DYNLT3P2,0.0
MRPS18AP1,0.0
MTCO1P52,0.0
RPS20P1,0.0
ENSG00000229762,0.0
RPL21P62,0.0
RRN3P4,0.0
SLC25A38P1,0.0
SNRPFP2,0.0
MTCYBP32,0.0
RPS21P1,0.0
KRT18P26,0.0
ATP8A2P2,0.0
RPS15P5,0.0
ENSG00000229808,0.0
RPL35AP21,0.0
CCNB1IP1P1,0.0
DDX50P1,0.0
ENSG00000229817,0.0
DNAJC8P4,0.0
RPS15AP39,0.0
RPL12P34,0.0
ENSG00000229826,0.0
ENSG00000229827,0.0
PDE4DIPP1,0.0
DUTP4,0.0
ENSG00000229830,0.0
ENSG00000229831,0.0
ENSG00000229834,0.0
KHSRPP1,0.0
ENSG00000229836,0.0
ISCA1P2,0.0
MTATP6P13,0.0
PYHIN5P,0.0
ENSG00000229853,0.0
ENSG00000229857,0.0
ENSG00000229858,0.0
RPL19P2,0.0
RPL31P54,0.0
RPL21P89,0.0
RPSAP20,0.0
EIF1P1,0.0
PAICSP5,0.0
ENSG00000229878,0.0
IMMTP1,0.0
ENSG00000229885,0.0
ENSG00000229886,0.0
HNRNPA1P6,0.0
ACTP1,0.0
ENSG00000229892,0.0
SEPTIN7P7,0.0
ENSG00000229899,0.0
HSPD1P21,0.0
SNRPGP11,0.0
DEFB108A,0.0
TRIM60P16,0.0
HNRNPA1P18,0.0
ENSG00000229911,0.0
ENSG00000229914,0.0
RPL7P46,0.0
ELOCP3,0.0
RPS4XP5,0.0
IL9RP1,0.0
RHEBP1,0.0
ENSG00000229930,0.0
YWHAZP3,0.0
MTCYBP9,0.0
ENSG00000229939,0.0
TSPY22P,0.0
EIF4EP2,0.0
B3GNT2P1,0.0
B3GALNT1P1,0.0
ENSG00000229949,0.0
MTND2P2,0.0
RPS3AP7,0.0
ENSG00000229968,0.0
LIPT1P1,0.0
ENSG00000229977,0.0
PRAMEF36P,0.0
HMGN2P48,0.0
GTF3AP6,0.0
ENSG00000229985,0.0
HBBP1,0.0
AKR1B1P1,0.0
HMGB3P9,0.0
RPL5P4,0.0
ENSG00000230003,0.0
ANKRD36BP2,0.0
MTCO2P3,0.0
CTSLP4,0.0
PPIAP39,0.0
YWHAQP9,0.0
FNTAP2,0.0
ENSG00000230025,0.0
ENSG00000230026,0.0
CDY11P,0.0
UBBP1,0.0
CCNYL5,0.0
AK3P3,0.0
TMSB4XP6,0.0
CDK8P1,0.0
FAM90A15,0.0
HIGD2AP1,0.0
MTND3P2,0.0
ENSG00000230053,0.0
DDX6P1,0.0
RPL21P81,0.0
FAM197Y3,0.0
HSPD1P6,0.0
LRRC37A15P,0.0
RPL4P6,0.0
ENSG00000230073,0.0
RPL10P6,0.0
MTAPP2,0.0
STK24P1,0.0
ENSG00000230080,0.0
HSPE1P28,0.0
ENSG00000230083,0.0
VN1R96P,0.0
ENSG00000230087,0.0
KRT16P5,0.0
ENSG00000230092,0.0
ME2P1,0.0
TUBB3P2,0.0
ENSG00000230104,0.0
SNRPCP15,0.0
H3P11,0.0
ENSG00000230112,0.0
RPS3AP11,0.0
ENSG00000230118,0.0
ENSG00000230119,0.0
ECEL1P3,0.0
DLEC1P1,0.0
EEF1A1P39,0.0
MTND2P39,0.0
ENSG00000230132,0.0
SLC39A1P1,0.0
SEPHS1P4,0.0
ENSG00000230147,0.0
AIDAP1,0.0
ATP5MC1P1,0.0
MTND1P28,0.0
ENSG00000230160,0.0
ENSG00000230161,0.0
CT45A11P,0.0
MAS1LP1,0.0
AURKAP2,0.0
RPL35AP24,0.0
RPL30P16,0.0
HNRNPA1P28,0.0
RPL22P18,0.0
ENSG00000230175,0.0
RPL12P49,0.0
RNF10P1,0.0
CNOT6LP1,0.0
ENSG00000230187,0.0
RPL21P83,0.0
RABGEF1P2,0.0
IFITM3P4,0.0
ENSG00000230192,0.0
RPL34P35,0.0
DDX43P3,0.0
RPL37P4,0.0
ENSG00000230199,0.0
ATP6V0CP1,0.0
RPL29P4,0.0
RPS3AP55,0.0
FTH1P5,0.0
RPL4P5,0.0
IFNNP1,0.0
OR8V1P,0.0
FTLP18,0.0
HSPB1P2,0.0
CIBAR1P2,0.0
ENSG00000230221,0.0
PHB1P9,0.0
MTND5P14,0.0
SIAH1P1,0.0
H3P1,0.0
FMO7P,0.0
GNA13P1,0.0
RPL34P19,0.0
ENSG00000230241,0.0
FKBP1AP3,0.0
RAD23BP2,0.0
ENSG00000230245,0.0
SPATA31C1,0.0
HNRNPH3P1,0.0
RPS24P21,0.0
PHB1P4,0.0
MTND2P4,0.0
FGFR1OP2P1,0.0
OR52J2P,0.0
HERC2P4,0.0
ENSG00000230271,0.0
BRI3P3,0.0
PGAM1P3,0.0
SERBP1P4,0.0
ENSG00000230276,0.0
HNRNPA1P59,0.0
RPL7P61,0.0
RPS12P24,0.0
ENSG00000230284,0.0
ENSG00000230287,0.0
ENSG00000230291,0.0
GTF2IP23,0.0
SNRPEP11,0.0
MTND3P4,0.0
CICP6,0.0
ENSG00000230305,0.0
BANF1P2,0.0
OR6C5P,0.0
TOMM20P4,0.0
SLC25A53P1,0.0
XRCC6P3,0.0
BEND7P1,0.0
MTCO2P27,0.0
HMGN1P33,0.0
MTCO1P42,0.0
ENSG00000230328,0.0
HMGN2P3,0.0
ENSG00000230331,0.0
DNAJB5P1,0.0
MTND4P19,0.0
ENSG00000230339,0.0
FANCD2P2,0.0
ENSG00000230343,0.0
RPL35AP3,0.0
RPS21P2,0.0
ENSG00000230355,0.0
NCAPD2P1,0.0
TPI1P2,0.0
DDX10P2,0.0
VN1R32P,0.0
ACTG1P23,0.0
RPL4P3,0.0
RPL23AP52,0.0
KARS1P2,0.0
GOLGA6L5P,0.0
GSTA11P,0.0
MEMO1P4,0.0
ELOCP7,0.0
RPL6P19,0.0
RPSAP25,0.0
ENSG00000230386,0.0
RPSAP23,0.0
ANAPC1P3,0.0
SPTLC1P1,0.0
HINT2P1,0.0
RBBP8P1,0.0
RPS3AP52,0.0
RPL23P5,0.0
ENSG00000230407,0.0
TCEA1P2,0.0
OR3D1P,0.0
ELOCP12,0.0
OR5M4P,0.0
ARL2BPP7,0.0
RSU1P1,0.0
ENSG00000230428,0.0
TFAMP1,0.0
LRRC37A6P,0.0
CTF2P,0.0
RPL7P4,0.0
NEK2P4,0.0
RPS29P6,0.0
PA2G4P4,0.0
GPM6BP1,0.0
ENSG00000230459,0.0
VENTXP4,0.0
CLUHP5,0.0
RPL5P26,0.0
ATP6V1G1P7,0.0
OFD1P9Y,0.0
ENSG00000230477,0.0
ENSG00000230478,0.0
RPL34P11,0.0
ATP5MC2P3,0.0
OR51A10P,0.0
ENSG00000230485,0.0
SRD5A2P1,0.0
ENSG00000230495,0.0
MTCO2P7,0.0
EEF1B2P8,0.0
ANKRD30BP3,0.0
ENSG00000230502,0.0
RPL7AP8,0.0
RPL19P21,0.0
HMGB1P49,0.0
ENSG00000230520,0.0
ENSG00000230521,0.0
COL6A4P1,0.0
NOS2P3,0.0
CEACAMP9,0.0
MTND5P7,0.0
BASP1P1,0.0
PNPLA10P,0.0
SNX3P1X,0.0
ENSG00000230546,0.0
HMGB1P11,0.0
MTND4P27,0.0
ENSG00000230551,0.0
ENSG00000230556,0.0
CEACAMP2,0.0
RPL17P12,0.0
FAM133DP,0.0
CALM1P2,0.0
SF3A3P1,0.0
ACCSLP1,0.0
ENSG00000230571,0.0
KMT2CP5,0.0
OR6R1P,0.0
TMLHEP1,0.0
RPL19P5,0.0
ACTG1P14,0.0
GTF2IRD1P1,0.0
CCT5P2,0.0
PHB1P12,0.0
IMP3P1,0.0
RPSAP8,0.0
PPIAP40,0.0
RSL24D1P2,0.0
GPAA1P2,0.0
OR2H4P,0.0
ENSG00000230603,0.0
TSEN15P2,0.0
MTCYBP6,0.0
ENSG00000230607,0.0
COX7CP4,0.0
HMGB1P27,0.0
DYNLL1P7,0.0
ENSG00000230617,0.0
H3P12,0.0
ENSG00000230621,0.0
UQCRHP1,0.0
RPS23P8,0.0
FAM136EP,0.0
CYP4F60P,0.0
RPL36P1,0.0
ENSG00000230637,0.0
ENSG00000230638,0.0
VN1R36P,0.0
ENSG00000230643,0.0
KLF2P2,0.0
ENSG00000230650,0.0
MTCO2P25,0.0
OR7E55P,0.0
ENSG00000230659,0.0
YY1P1,0.0
TNPO1P2,0.0
THAP12P1,0.0
CEACAM22P,0.0
NDUFS5P5,0.0
PABPC1P3,0.0
CEACAMP4,0.0
GRPEL2P3,0.0
DDTP1,0.0
MRPL35P4,0.0
SAP18P3,0.0
FBXW4P1,0.0
RPL31P30,0.0
TMEM184CP1,0.0
HAPSTR2,0.0
CTAGE13P,0.0
GGTLC4P,0.0
ENSG00000230715,0.0
KRT8P7,0.0
ENSG00000230718,0.0
RPL17P5,0.0
RBMY2WP,0.0
RPL10P3,0.0
ENSG00000230739,0.0
PRELID1P7,0.0
SDAD1P2,0.0
MTATP6P23,0.0
RHOQP3,0.0
NFU1P1,0.0
SNAP23P1,0.0
MTND1P4,0.0
RFKP4,0.0
VN1R108P,0.0
RPS29P5,0.0
RPLP0P4,0.0
ENSG00000230781,0.0
RPS3AP13,0.0
ENSG00000230785,0.0
PSAT1P3,0.0
CTDSPL2P2,0.0
SMARCE1P5,0.0
HLA-K,0.0
ENSG00000230796,0.0
RPS2P16,0.0
ATP5MFP7,0.0
CDRT15P14,0.0
UBA52P4,0.0
RPS6P15,0.0
ENSG00000230813,0.0
USP9YP24,0.0
MTND2P16,0.0
ZNF736P5Y,0.0
ENSG00000230820,0.0
ASH2LP4,0.0
CBX1P1,0.0
ENSG00000230828,0.0
ENSG00000230829,0.0
SSBL4P,0.0
RPEP3,0.0
ENSG00000230835,0.0
RPL31P2,0.0
ENSG00000230840,0.0
RPL23AP15,0.0
GSTA10P,0.0
OCLNP1,0.0
GOT2P2,0.0
VPS51P5,0.0
RPL10P11,0.0
USP9YP20,0.0
YRDCP3,0.0
CCNB1IP1P2,0.0
ENSG00000230863,0.0
TSEN15P1,0.0
ENSG00000230867,0.0
AGAP10P,0.0
FBXW11P1,0.0
RPS6P23,0.0
MFSD13B,0.0
RBMX2P4,0.0
ENSG00000230882,0.0
HMGB1P25,0.0
SHC1P1,0.0
RPS18P12,0.0
FAM204CP,0.0
XKRYP2,0.0
PPIHP1,0.0
NPM1P51,0.0
MTCO1P53,0.0
ENSG00000230926,0.0
TMBIM7P,0.0
ENSG00000230929,0.0
GXYLT1P1,0.0
ENSG00000230932,0.0
ENSG00000230934,0.0
RPS3P1,0.0
ENSG00000230936,0.0
HMGN1P5,0.0
HNRNPA1P68,0.0
AURKBP1,0.0
MTND2P21,0.0
GPS2P2,0.0
ENSG00000230953,0.0
CAPZA1P1,0.0
ENSG00000230958,0.0
ENSG00000230964,0.0
SNX18P13,0.0
ENSG00000230973,0.0
ENSG00000230977,0.0
ENSG00000230979,0.0
RPL36AP39,0.0
DSTNP1,0.0
DDX3P2,0.0
ENSG00000230987,0.0
RPL23AP11,0.0
FAM201B,0.0
RPL12P15,0.0
FGFR3P1,0.0
RAB42P1,0.0
MTND5P8,0.0
CCNB1IP1P3,0.0
CECR9,0.0
RPL39P39,0.0
RPL7P32,0.0
CDC20P1,0.0
CUBNP1,0.0
ENSG00000231011,0.0
RPS27P10,0.0
EIF4A1P3,0.0
ENSG00000231020,0.0
RPS3AP9,0.0
XKRYP4,0.0
ENSG00000231029,0.0
CEP19P1,0.0
ENSG00000231034,0.0
RPL7L1P9,0.0
ENSG00000231043,0.0
GCNT1P3,0.0
OR52B5P,0.0
TRAPPC2LP1,0.0
MSANTD2P1,0.0
FARSBP1,0.0
RPL6P6,0.0
NPM1P9,0.0
ENSG00000231069,0.0
OR52Y1P,0.0
IDI1P3,0.0
GAPDHP64,0.0
RPL22P24,0.0
TSSK1A,0.0
FDPSP7,0.0
TRMT1P1,0.0
GYG1P3,0.0
NDUFB4P3,0.0
BMS1P19,0.0
ENSG00000231100,0.0
PRAMEF30P,0.0
PRELID3BP11,0.0
MTHFD2P3,0.0
BTF3P10,0.0
FAM25EP,0.0
SPATA20P1,0.0
UBE2V1P11,0.0
HLA-T,0.0
ENSG00000231136,0.0
RBM22P5,0.0
ENSG00000231139,0.0
EEF1A1P40,0.0
ARHGAP42P2,0.0
HMGB1P7,0.0
MTND2P15,0.0
ENSG00000231153,0.0
PTP4A1P1,0.0
OFD1P8Y,0.0
COX11P1,0.0
RPL7P56,0.0
TUBB4BP6,0.0
YBX1P2,0.0
EEF1B2P1,0.0
ENSG00000231181,0.0
CCNQP3,0.0
IFNA11P,0.0
ENSG00000231198,0.0
MTND5P19,0.0
KRT8P10,0.0
ZNF826P,0.0
HNRNPA1P25,0.0
ENSG00000231207,0.0
RPL17P49,0.0
PRAMEF32P,0.0
ARF4P4,0.0
ARPP19P1,0.0
ENSG00000231232,0.0
SKP1P1,0.0
CTNNBL1P1,0.0
OR6K1P,0.0
KLF2P1,0.0
RPS3AP3,0.0
PSMC1P3,0.0
C1DP1,0.0
ENSG00000231251,0.0
PCED1CP,0.0
ZSWIM5P2,0.0
ANAPC1P2,0.0
HMGN2P10,0.0
ARAFP1,0.0
COBLP1,0.0
ENSG00000231271,0.0
E2F4P1,0.0
OR9S24P,0.0
SALL4P6,0.0
RPL36AP6,0.0
ENSG00000231296,0.0
SEPTIN14P24,0.0
EZH2P1,0.0
RPL13AP,0.0
RPL36P2,0.0
RPS3P2,0.0
CLIC1P1,0.0
RPL31P29,0.0
ENSG00000231317,0.0
RPL13AP17,0.0
TPT1P7,0.0
ENSG00000231331,0.0
RPL34P6,0.0
ACTG1P10,0.0
VDAC1P6,0.0
ENSG00000231344,0.0
BEND3P1,0.0
RPL7L1P22,0.0
WBP1P1,0.0
ENSG00000231353,0.0
MTFR1P1,0.0
ENSG00000231357,0.0
RPL31P34,0.0
RPS29P23,0.0
RPL39P17,0.0
RPS26P40,0.0
RPSAP40,0.0
RPL15P22,0.0
AKR1B1P8,0.0
CDY17P,0.0
HMGN2P16,0.0
NDUFAF4P4,0.0
RNF2P1,0.0
NBPF21P,0.0
NAP1L5P1,0.0
MOB4P1,0.0
FMN2P1,0.0
SNX18P8,0.0
ENSG00000231392,0.0
ARL4AP4,0.0
ENSG00000231397,0.0
ENSG00000231398,0.0
SNRPEP8,0.0
WASF5P,0.0
RAC1P3,0.0
RPL36AP8,0.0
DUX4L31,0.0
RPL39P15,0.0
ENSG00000231416,0.0
IRX1P1,0.0
RAB9AP5,0.0
FAR2P4,0.0
HSP90AA3P,0.0
RBMY3AP,0.0
LARP1BP1,0.0
PPP4R2P2,0.0
TIMM8AP1,0.0
RPS16P4,0.0
ENSG00000231454,0.0
RNASEH1P2,0.0
HLA-DPA2,0.0
PPP4R2P3,0.0
PHF10P2,0.0
PRDX3P2,0.0
HMGB3P2,0.0
HMGN2P34,0.0
FCF1P9,0.0
SNRPGP13,0.0
ENSG00000231484,0.0
ENSG00000231489,0.0
RPL7L1P2,0.0
JKAMPP1,0.0
RPL21P35,0.0
MTND4LP1,0.0
PTMAP4,0.0
NMD3P2,0.0
RPL34P20,0.0
E2F6P4,0.0
CCNQP2,0.0
CBX1P5,0.0
SEPTIN14P1,0.0
ENSG00000231525,0.0
HINT1P1,0.0
MTCO3P10,0.0
ELOCP9,0.0
RPS6P2,0.0
RSL24D1P11,0.0
RPL3P5,0.0
ENSG00000231547,0.0
OR55B1P,0.0
ATP5MKP1,0.0
PTCHD3P2,0.0
IGBP1P3,0.0
MRM3P1,0.0
RSL24D1P3,0.0
ENSG00000231559,0.0
CEACAMP5,0.0
RPL7AP44,0.0
EIF4A1P11,0.0
NEK2P2,0.0
MTND2P19,0.0
S100A11P7,0.0
ENSG00000231569,0.0
PPIAP63,0.0
MTCO2P20,0.0
RPL7P21,0.0
MTND4LP21,0.0
ENSG00000231583,0.0
FAHD2CP,0.0
RPS23P9,0.0
SNORD62B,0.0
SHQ1P1,0.0
ENSG00000231590,0.0
ENSG00000231593,0.0
ENSG00000231600,0.0
ENSG00000231603,0.0
PIK3CDP1,0.0
ENSG00000231615,0.0
ANAPC15P1,0.0
RPS29P7,0.0
SLC47A1P2,0.0
ATP5F1BP1,0.0
YWHAQP8,0.0
KRT17P6,0.0
SPATA31B1P,0.0
RFESDP1,0.0
EMP2P1,0.0
RPS8P6,0.0
OGFOD1P1,0.0
OR7E111P,0.0
PPP2R2DP1,0.0
ENSG00000231675,0.0
EIF1P3,0.0
ANKRD11P2,0.0
RPL21P43,0.0
ENSG00000231694,0.0
NANOGP5,0.0
ENSG00000231699,0.0
ENSG00000231700,0.0
BMS1P13,0.0
ENSG00000231702,0.0
CYCSP43,0.0
PABPC1P1,0.0
H3P5,0.0
COX6CP2,0.0
CDY23P,0.0
CHMP4AP1,0.0
CAPZBP1,0.0
VN1R110P,0.0
HMGN2P38,0.0
RPS2P18,0.0
GAPDHP59,0.0
ENSG00000231741,0.0
ENSG00000231743,0.0
ENSG00000231744,0.0
ENSG00000231747,0.0
NANOGP10,0.0
EMBP1,0.0
ENSG00000231762,0.0
SLC66A2P1,0.0
PPP1R11P2,0.0
MTCO2P5,0.0
MTND4P21,0.0
RBISP6,0.0
DBIL5P,0.0
H2BP9,0.0
RPL31P50,0.0
DOC2GP,0.0
PA2G4P6,0.0
ANP32BP2,0.0
DNAJB6P3,0.0
RPL21P85,0.0
NANOGP9,0.0
RPL36AP35,0.0
SNRPCP9,0.0
NPM1P48,0.0
SMC3P1,0.0
ENSG00000231827,0.0
MTHFD1P1,0.0
RPS7P2,0.0
DPY19L4P2,0.0
FAM192BP,0.0
HMGB3P14,0.0
KRTCAP2P1,0.0
UBE2V2P4,0.0
ENSG00000231855,0.0
MORF4L1P5,0.0
ENSG00000231859,0.0
ENSG00000231866,0.0
KRT17P3,0.0
TSPY18P,0.0
ENSG00000231875,0.0
SNRPFP1,0.0
TXNL1P1,0.0
NDUFB1P1,0.0
MTND5P15,0.0
WDR95P,0.0
MARK2P14,0.0
GOT2P1,0.0
SETP10,0.0
COX7BP6,0.0
GAPDHP37,0.0
MAP1LC3BP1,0.0
GAMTP2,0.0
TPRKBP1,0.0
RARRES2P3,0.0
SALL4P5,0.0
ENSG00000231916,0.0
ENSG00000231922,0.0
ENSG00000231923,0.0
SEPHS1P7,0.0
HMGB3P31,0.0
ENSG00000231930,0.0
ENSG00000231931,0.0
RPS7P3,0.0
HNRNPA1P36,0.0
MTND2P24,0.0
DPY19L1P2,0.0
MTND2P22,0.0
HNRNPA1P9,0.0
GNAI2P2,0.0
MTCO1P59,0.0
RPL17P29,0.0
ENSG00000231967,0.0
ENSG00000231978,0.0
RPL7L1P12,0.0
MCF2L2P1,0.0
ENSG00000231984,0.0
OFD1P3Y,0.0
ANXA2P2,0.0
RPL7AP76,0.0
ENSG00000231996,0.0
CLCN3P1,0.0
ZNF736P12Y,0.0
CAP1P2,0.0
ENSG00000232009,0.0
HSPE1P25,0.0
FAAHP1,0.0
LSM12P1,0.0
ENSG00000232027,0.0
ELOCP15,0.0
ENSG00000232032,0.0
ENSG00000232036,0.0
RPL21P29,0.0
DEFT1P2,0.0
PSMD10P3,0.0
ENSG00000232042,0.0
HNRNPCP9,0.0
ENSG00000232050,0.0
NPM1P34,0.0
ENSG00000232059,0.0
SLC4A1APP1,0.0
USP9YP33,0.0
ENSG00000232068,0.0
RPS29P28,0.0
MRPL35P2,0.0
RPL31P7,0.0
HCFC2P1,0.0
ENSG00000232089,0.0
POLR2DP1,0.0
PNLIPP1,0.0
YPEL5P1,0.0
VPS51P2,0.0
ENSG00000232101,0.0
MTCO3P2,0.0
RPL32P28,0.0
VN1R54P,0.0
ENSG00000232111,0.0
NPLP1,0.0
ENSG00000232115,0.0
MTCO3P45,0.0
IMPDH1P10,0.0
RPS15AP12,0.0
ENSG00000232135,0.0
DUXAP7,0.0
IFNWP5,0.0
RPS25P9,0.0
PSAT1P2,0.0
ENSG00000232145,0.0
FMO11P,0.0
FERP1,0.0
ST13P4,0.0
MTCYBP15,0.0
ENSG00000232155,0.0
C11orf98P1,0.0
RAB9BP1,0.0
ENSG00000232161,0.0
RPLP1P13,0.0
ENSG00000232165,0.0
ENSG00000232166,0.0
ENSG00000232167,0.0
P2RY10BP,0.0
ENSG00000232172,0.0
OR2H5P,0.0
ENSG00000232174,0.0
ENSG00000232175,0.0
ENSG00000232176,0.0
MTND4P24,0.0
MTATP6P29,0.0
CNOT7P2,0.0
TERF1P7,0.0
FTH1P7,0.0
TOMM22P2,0.0
MTCO2P34,0.0
RPL3P8,0.0
CHORDC1P1,0.0
SLC25A6P2,0.0
TET1P1,0.0
CDY18P,0.0
ENSG00000232208,0.0
OR2L6P,0.0
FTLP8,0.0
RGL4P1,0.0
CNN2P10,0.0
ARSFP1,0.0
RPL36AP16,0.0
TPM4P1,0.0
CDY3P,0.0
RPS29P8,0.0
RBPJP5,0.0
ENSG00000232240,0.0
DYNLT3P1,0.0
ZYG11AP1,0.0
ENSG00000232249,0.0
CSF2RBP1,0.0
BTF3L4P1,0.0
ENSG00000232261,0.0
ACTR3P2,0.0
FTH1P1,0.0
SLC30A6P1,0.0
IFNWP15,0.0
MTND1P32,0.0
ELOBP3,0.0
ALDH7A1P2,0.0
PAICSP7,0.0
ENSG00000232296,0.0
DFFBP1,0.0
CLCP1,0.0
PSMC1P13,0.0
MXRA7P1,0.0
ENSG00000232327,0.0
ARL5AP5,0.0
RPS27AP2,0.0
ENSG00000232334,0.0
ENSG00000232337,0.0
RPL4P2,0.0
ENSG00000232344,0.0
RPS17P16,0.0
YBX1P7,0.0
ENSG00000232350,0.0
ENSG00000232355,0.0
TRPC6P3,0.0
ATP5MGP2,0.0
VDAC1P9,0.0
FTLP2,0.0
PPIAP35,0.0
BAG1P1,0.0
MTCYBP3,0.0
GPR79,0.0
ENSG00000232375,0.0
RPL29P28,0.0
RPL22P23,0.0
ZDHHC20P4,0.0
OR52U1P,0.0
ENSG00000232383,0.0
RPS3AP25,0.0
SKA2P1,0.0
ENSG00000232389,0.0
NDUFA5P1,0.0
RANP2,0.0
GOT2P7,0.0
RPL5P6,0.0
TMPRSS11CP,0.0
RAD17P1,0.0
RPL27P5,0.0
PPIAP70,0.0
ENSG00000232409,0.0
ENSG00000232418,0.0
IL9RP2,0.0
KNOP1P4,0.0
USP9YP29,0.0
RPL21P131,0.0
RPL31P15,0.0
ENSG00000232431,0.0
GXYLT1P3,0.0
RPS26P42,0.0
RPL18AP7,0.0
ENSG00000232446,0.0
MTND5P3,0.0
ENSG00000232450,0.0
ENSG00000232454,0.0
FAM131C2P,0.0
SLC16A6P1,0.0
OR4F14P,0.0
BMPR1AP2,0.0
ENSG00000232463,0.0
H3P31,0.0
TMA16P2,0.0
ENSG00000232471,0.0
EEF1B2P3,0.0
HSFY5P,0.0
KRT8P52,0.0
ENSG00000232482,0.0
DEPDC1P2,0.0
MFAP1P1,0.0
SAPCD2P3,0.0
NPM1P13,0.0
RPL12P11,0.0
RPL3P12,0.0
ADIPOR1P1,0.0
ENSG00000232499,0.0
ENSG00000232502,0.0
CYCSP8,0.0
MRPL45P1,0.0
OR2AH1P,0.0
RPL21P25,0.0
ENSG00000232515,0.0
CSPG4BP,0.0
ZNF886P,0.0
SS18L2P1,0.0
VDAC1P13,0.0
ENSG00000232528,0.0
KMT5AP2,0.0
OR5H8,0.0
RPL36P19,0.0
ENSG00000232546,0.0
SRD5A1P1,0.0
MTCO1P14,0.0
CLK2P1,0.0
RSU1P2,0.0
PRCPP1,0.0
TPMTP3,0.0
CRB3P1,0.0
RPL23AP35,0.0
RPL3P4,0.0
ENSG00000232576,0.0
ENSG00000232578,0.0
MTCO1P27,0.0
ENSG00000232582,0.0
GPR143YP,0.0
OFD1P12Y,0.0
EEF1A1P3,0.0
ENSG00000232594,0.0
CST2P1,0.0
ENSG00000232599,0.0
ANAPC15P2,0.0
ENSG00000232603,0.0
HMGN2P11,0.0
TIMM9P2,0.0
CCT6P4,0.0
RPL31P35,0.0
USP9YP9,0.0
PPP4R2P5,0.0
ENSG00000232617,0.0
TSPY17P,0.0
C4BPAP2,0.0
ENSG00000232622,0.0
RPL23AP31,0.0
ENSG00000232626,0.0
ENSG00000232627,0.0
PRPS1P2,0.0
MTND2P23,0.0
NEFLP1,0.0
ENSG00000232644,0.0
ENSG00000232646,0.0
POLR3KP1,0.0
FAM136BP,0.0
SLC44A3P1,0.0
LDHBP1,0.0
ENSG00000232663,0.0
LARP1BP3,0.0
PHB1P10,0.0
ENSG00000232668,0.0
ACTG1P21,0.0
ADH5P2,0.0
SPTLC1P4,0.0
RPL12P9,0.0
HSPE1P9,0.0
ELOCP17,0.0
BDH2P1,0.0
RPL21P108,0.0
WTAPP2,0.0
NUTM2HP,0.0
AP1B1P2,0.0
MARK2P9,0.0
RPS12P3,0.0
MTND3P8,0.0
ENSG00000232716,0.0
TRIM51JP,0.0
GAPDHP48,0.0
MROH4P,0.0
RPS17P7,0.0
TRIM80P,0.0
YWHAEP1,0.0
PHB2P1,0.0
FAM8A4P,0.0
ATP5MC1P7,0.0
ATG4AP1,0.0
ENSG00000232736,0.0
RHOQP2,0.0
ELF2P3,0.0
USP9YP16,0.0
ENSG00000232750,0.0
ENSG00000232751,0.0
MTCO3P21,0.0
ETF1P1,0.0
ENSG00000232760,0.0
TRIM60P8Y,0.0
ENSG00000232765,0.0
KIAA1143P2,0.0
ENSG00000232768,0.0
PPP1R26P5,0.0
MTND4P22,0.0
DEFB130D,0.0
BMS1P22,0.0
MRPL51P2,0.0
RPL23AP50,0.0
GAPDHP74,0.0
FRG2FP,0.0
TIMM9P3,0.0
OR7L1P,0.0
ENSG00000232789,0.0
OR11I1P,0.0
FTH1P25,0.0
DNAJC19P8,0.0
HNRNPDP1,0.0
SCAND3P1,0.0
FAM207CP,0.0
ENSG00000232798,0.0
CRYGFP,0.0
SLC7A15P,0.0
SDCBPP3,0.0
NIP7P1,0.0
VDAC1P10,0.0
S100A11P6,0.0
DUX4L50,0.0
RPS2P32,0.0
TXNP1,0.0
PRR13P1,0.0
GSTO3P,0.0
FAM136CP,0.0
ENSG00000232834,0.0
BRWD1P3,0.0
KAT7P1,0.0
SNX18P2,0.0
TRAPPC2P9,0.0
SLC25A6P3,0.0
RPL7AP18,0.0
ATP5MFP3,0.0
CICP4,0.0
LUZP4P1,0.0
KATNBL1P2,0.0
RPL34P27,0.0
ENSG00000232862,0.0
NUCKS1P1,0.0
RPL36AP34,0.0
SEC1P,0.0
CTAGE3P,0.0
RPL23AP93,0.0
HMGN2P35,0.0
GLRX5P2,0.0
NDUFB4P10,0.0
RPS10P21,0.0
PHKA1P1,0.0
RPLP0P5,0.0
ENSG00000232887,0.0
RPS11P5,0.0
ENSG00000232889,0.0
MRPS31P2,0.0
ENSG00000232897,0.0
CDY9P,0.0
CYCSP10,0.0
ENSG00000232905,0.0
ENSG00000232906,0.0
HSD17B7P1,0.0
RAB9AP1,0.0
TRAPPC2P4,0.0
RNF14P1,0.0
HMGN2P27,0.0
HSPE1P6,0.0
RPL21P26,0.0
MTND6P24,0.0
ELOCP4,0.0
MRPS16P2,0.0
RPL8P5,0.0
USP12PY,0.0
DDX3P1,0.0
RPL23AP87,0.0
GGCTP2,0.0
ENSG00000232944,0.0
RPL35AP20,0.0
ZNF519P1,0.0
IPO7P1,0.0
ENSG00000232952,0.0
HSPA8P18,0.0
MTARC2P1,0.0
HMGN2P20,0.0
RPS12P18,0.0
EIF4EP4,0.0
POLHP1,0.0
MTCO1P57,0.0
TRIM60P10Y,0.0
ENSG00000232979,0.0
MTCO1P51,0.0
MTCO1P45,0.0
ENSG00000232983,0.0
ENSG00000232989,0.0
MTATP6P7,0.0
AHCYP4,0.0
RPL7P14,0.0
ENSG00000232999,0.0
CICP26,0.0
UBTFL11,0.0
RPEP4,0.0
SLC9A3P1,0.0
HDAC1P2,0.0
TBC1D3P7,0.0
SLC25A6P1,0.0
ENSG00000233018,0.0
CHORDC1P5,0.0
CRYZP1,0.0
MTCO1P5,0.0
ENSG00000233028,0.0
ENSG00000233031,0.0
KRTAP8-2P,0.0
ENSG00000233037,0.0
MTND5P30,0.0
FAM204BP,0.0
RPL15P5,0.0
ENSG00000233055,0.0
EEF1A1P14,0.0
SAR1AP4,0.0
RPSAP59,0.0
RPS15AP6,0.0
FTH1P6,0.0
RPL23AP25,0.0
ENSG00000233090,0.0
ENSG00000233105,0.0
RPL12P3,0.0
SUCLA2P2,0.0
ENSG00000233109,0.0
RAB1C,0.0
COX7BP4,0.0
FAM90A11,0.0
UBE2V1P8,0.0
USP9YP15,0.0
VN1R20P,0.0
CTAGE7P,0.0
ACTBP12,0.0
ZNF736P3Y,0.0
ENSG00000233129,0.0
RPS15AP14,0.0
FAM90A3,0.0
NPEPPSP2,0.0
MTND3P17,0.0
RPS27P18,0.0
ENSG00000233139,0.0
BPIFB5P,0.0
SYF2P2,0.0
HMGA1P8,0.0
HSFY8P,0.0
ENSG00000233157,0.0
RPS24P6,0.0
RPL31P16,0.0
MORF4L1P6,0.0
RPS12P17,0.0
EEF1A1P26,0.0
ENSG00000233170,0.0
VN1R34P,0.0
OR7E157P,0.0
KLF4P1,0.0
RPL12P29,0.0
RPS24P13,0.0
ENSG00000233196,0.0
TMEM256P1,0.0
MAPRE1P3,0.0
WBP1P2,0.0
RPS3AP1,0.0
GRPEL2P1,0.0
ENSG00000233216,0.0
MROH3P,0.0
SSBP3P1,0.0
LPCAT2BP,0.0
CNOT7P1,0.0
HNRNPA1P49,0.0
ENSG00000233235,0.0
DEFA9P,0.0
VKORC1P1,0.0
UBE2E4P,0.0
MTND6P9,0.0
CRIP1P1,0.0
RPL21P134,0.0
FABP3P2,0.0
RPSAP63,0.0
CAPZA1P4,0.0
ENSG00000233264,0.0
HMGB1P31,0.0
ENSG00000233268,0.0
SNRPEP4,0.0
PNPT1P2,0.0
AMMECR1LP1,0.0
ENSG00000233275,0.0
RPS26P2,0.0
MTCYBP10,0.0
MTND3P10,0.0
ENSG00000233287,0.0
RPL7AP61,0.0
ENSG00000233292,0.0
FAM90A20,0.0
RASA4DP,0.0
HIGD1AP4,0.0
EIF4A1P1,0.0
OR4C14P,0.0
SRSF3P6,0.0
RPS6P12,0.0
MTCO1P54,0.0
HMGA1P5,0.0
RPL31P45,0.0
PPIAP32,0.0
EEF1A1P34,0.0
MIPEPP3,0.0
USP32P2,0.0
PFN1P1,0.0
RPS16P3,0.0
RNFT1P2,0.0
RPL36AP14,0.0
UBE2FP3,0.0
ATP6V1G1P4,0.0
ERP29P1,0.0
ENSG00000233352,0.0
RPS7P9,0.0
RPL30P15,0.0
ZNF90P2,0.0
GTF2IP4,0.0
ACTR1AP1,0.0
MTND4P20,0.0
USP9YP34,0.0
RPS2P48,0.0
AK4P3,0.0
NKAPP1,0.0
ENSG00000233383,0.0
MTCO3P8,0.0
TRMT112P8,0.0
PRKAR1AP1,0.0
TARDBPP1,0.0
ENSG00000233406,0.0
RPS25P3,0.0
IFITM3P7,0.0
KRT18P67,0.0
EIF3FP3,0.0
PPIAP65,0.0
PDE4DIPP3,0.0
MTIF2P1,0.0
CBLL1P1,0.0
AGGF1P2,0.0
ENSG00000233437,0.0
HMGA1P6,0.0
CYP2AB1P,0.0
PPP6R2P1,0.0
ENSG00000233444,0.0
RPL17P11,0.0
PDK1P2,0.0
ENSG00000233447,0.0
PMS2P9,0.0
MTATP6P14,0.0
ENSG00000233454,0.0
ENSG00000233455,0.0
ENSG00000233457,0.0
ENSG00000233459,0.0
RPL35AP31,0.0
HAX1P1,0.0
ST6GALNAC4P1,0.0
KRT18P62,0.0
RAD1P2,0.0
EEF1A1P6,0.0
PPIAP38,0.0
ENSG00000233484,0.0
RPSAP69,0.0
PAXBP1P1,0.0
ENSG00000233494,0.0
HNRNPA1P60,0.0
OR5B1P,0.0
HNRNPLP1,0.0
ENSG00000233511,0.0
ENSG00000233514,0.0
RPL7P35,0.0
PHB1P5,0.0
RANP8,0.0
RFC5P1,0.0
DEFA10P,0.0
MKNK2P1,0.0
TEDDM2P,0.0
RPL31P47,0.0
CHTF8P1,0.0
EIF3KP2,0.0
CYCSP33,0.0
CYCSP44,0.0
CYCSP35,0.0
MTCYBP8,0.0
LSM1P1,0.0
RPL7AP46,0.0
NFU1P2,0.0
ENSG00000233558,0.0
KRT8P39,0.0
RPS3AP8,0.0
OR52E7P,0.0
RPL29P9,0.0
ENSG00000233575,0.0
HTR3C2P,0.0
EIF4EP1,0.0
KRT8P15,0.0
ENSG00000233583,0.0
ACAA2P1,0.0
ENSG00000233586,0.0
CYP51A1P2,0.0
BTF3P5,0.0
MTND2P29,0.0
RPL19P6,0.0
NCOR1P3,0.0
JTBP1,0.0
OR6C66P,0.0
RPL10P19,0.0
DDX11L10,0.0
HNRNPA1P42,0.0
ENSG00000233619,0.0
CYP2T1P,0.0
PGAM1P11,0.0
ENSG00000233626,0.0
ENSG00000233632,0.0
GOT2P5,0.0
KRTAP13-5P,0.0
OR52T1P,0.0
NENFP1,0.0
ENSG00000233648,0.0
CICP1,0.0
CICP7,0.0
NDUFA5P4,0.0
CALM2P4,0.0
ENSG00000233663,0.0
NDUFS5P3,0.0
ENSG00000233668,0.0
CENPNP1,0.0
ANAPC1P1,0.0
ENSG00000233674,0.0
FDPSP6,0.0
DDX39BP1,0.0
HNRNPA1P27,0.0
CEACAMP1,0.0
ENSG00000233683,0.0
OR6L1P,0.0
PIEZO1P1,0.0
ZNF622P1,0.0
EBAG9P1,0.0
ENSG00000233691,0.0
RPL37P13,0.0
ENSG00000233703,0.0
RPL22P11,0.0
ENSG00000233708,0.0
MTND4P28,0.0
ENSG00000233710,0.0
EIF4EBP2P1,0.0
ENSG00000233712,0.0
ENSG00000233713,0.0
MTFR2P1,0.0
RPS29P29,0.0
GOT2P3,0.0
ENSG00000233720,0.0
ENSG00000233724,0.0
ENSG00000233727,0.0
H2AZP6,0.0
ENSG00000233737,0.0
CICP2,0.0
RPL27P7,0.0
RPL36AP13,0.0
CICP27,0.0
RRAS2P2,0.0
RPL21P36,0.0
RPS15P4,0.0
MTCO1P20,0.0
CDRT15P12,0.0
PSMA6P3,0.0
CICP5,0.0
MED14P1,0.0
ENSG00000233778,0.0
HNRNPA1P30,0.0
ZNF90P3,0.0
CDC27P1,0.0
ENSG00000233787,0.0
PUDPP2,0.0
ENSG00000233805,0.0
AMZ2P3,0.0
MOB1AP2,0.0
H3P32,0.0
LCEP1,0.0
MKRN10P,0.0
CCNQP1,0.0
RPL26P15,0.0
EIF4HP1,0.0
ENSG00000233832,0.0
ETF1P3,0.0
ENSG00000233836,0.0
EIF3LP2,0.0
DPH3P1,0.0
ENSG00000233839,0.0
CYCSP48,0.0
SELENOTP1,0.0
ADH5P4,0.0
MGAT2P1,0.0
SLC9B1P3,0.0
LLPHP3,0.0
RPSAP27,0.0
ENSG00000233870,0.0
TOR1BP1,0.0
RPL7P44,0.0
MFN1P1,0.0
GAPDHP68,0.0
ENSG00000233877,0.0
NFYCP1,0.0
ENSG00000233887,0.0
MTCO2P17,0.0
PAIP1P1,0.0
RPL17P35,0.0
ENSG00000233902,0.0
LONRF2P2,0.0
ENSG00000233908,0.0
UBE2V1P4,0.0
GTF2F2P2,0.0
RPL10P9,0.0
UBE2Q2P10,0.0
ZDHHC20P1,0.0
ENSG00000233918,0.0
RPS15AP40,0.0
RPSAP13,0.0
MT1XP1,0.0
ENSG00000233933,0.0
RPL21P38,0.0
RPL27AP4,0.0
RPL12P45,0.0
ENSG00000233943,0.0
LINC00265-3P,0.0
RPS29P4,0.0
ASS1P3,0.0
RCC2P3,0.0
FTLP15,0.0
AHCYP3,0.0
BTF3P6,0.0
ENSG00000233962,0.0
ATP8A2P3,0.0
UBE2SP1,0.0
RPS20P10,0.0
ENSG00000233974,0.0
RPL22P21,0.0
FDPSP2,0.0
ENSG00000233983,0.0
RPSAP14,0.0
ENSG00000233990,0.0
GDI2P2,0.0
ENSG00000233995,0.0
KDM3AP1,0.0
SETP5,0.0
ENSG00000234001,0.0
MTATP6P27,0.0
ENSG00000234004,0.0
GAPDHP22,0.0
PPP1R2P2,0.0
RPL5P34,0.0
GNG10P1,0.0
ENSG00000234017,0.0
CHIAP3,0.0
RBPMS2P1,0.0
TMEM97P1,0.0
RPS3AP44,0.0
RAC1P8,0.0
TXNP6,0.0
NDUFA5P7,0.0
RPL10P12,0.0
ENSG00000234041,0.0
ENSG00000234042,0.0
NUDT9P1,0.0
ENSG00000234044,0.0
CIAO2AP1,0.0
CASKP1,0.0
EDDM3CP,0.0
ENSG00000234061,0.0
TM9SF5P,0.0
PRAMEF29P,0.0
MTND4P26,0.0
TAS2R62P,0.0
RPL5P10,0.0
GAPDHP53,0.0
MTX2P1,0.0
CBX3P10,0.0
RPL35AP,0.0
ENSG00000234080,0.0
ELOCP10,0.0
ENSG00000234085,0.0
ENSG00000234087,0.0
RPS15AP7,0.0
RPS15AP11,0.0
MTND4P11,0.0
KRT19P4,0.0
SRP14P2,0.0
TPT1P1,0.0
COX6A1P1,0.0
RPL7P36,0.0
TSPY25P,0.0
LEFTY3P,0.0
IDH1P1,0.0
RPL13AP6,0.0
METAP2P1,0.0
ENSG00000234120,0.0
GPM6BP3,0.0
RHBDF1P1,0.0
CSN1S2AP,0.0
EEF1GP8,0.0
AP2B1P1,0.0
ELOCP8,0.0
RPL23AP83,0.0
UGT1A13P,0.0
COX6CP13,0.0
NAP1L4P3,0.0
AKAP8P1,0.0
ELOBP1,0.0
RPEP2,0.0
RBPMSLP,0.0
MTND4LP11,0.0
ELOBP4,0.0
ENSG00000234175,0.0
HSPA8P1,0.0
DEFA11P,0.0
MTCYBP1,0.0
AIMP1P1,0.0
ENSG00000234189,0.0
RPS26P38,0.0
ENSG00000234200,0.0
BMI1P1,0.0
H3P3,0.0
PIGPP2,0.0
FHP1,0.0
RBPJP7,0.0
CDCA4P4,0.0
NDUFS5P2,0.0
RPL7L1P1,0.0
NCLP2,0.0
ANAPC1P4,0.0
MTCO2P8,0.0
CFL1P8,0.0
SYNCRIPP1,0.0
DNAJB6P6,0.0
RPL7P13,0.0
PTCD2P2,0.0
SOD2P1,0.0
ENSG00000234259,0.0
ENSG00000234262,0.0
TULP3P1,0.0
RPS27P19,0.0
ENSG00000234269,0.0
RPL36P20,0.0
ENSG00000234271,0.0
RPL30P2,0.0
COX7BP2,0.0
SDR42E1P3,0.0
ENSG00000234282,0.0
GAPDHP49,0.0
RPS27P4,0.0
OR1AA1P,0.0
PSIP1P1,0.0
SGO1P2,0.0
SLC25A18P1,0.0
SAPCD2P4,0.0
OSTCP5,0.0
RPS12P2,0.0
ST13P18,0.0
RPL9P2,0.0
MRPS10P2,0.0
RPL7AP16,0.0
BCAS2P2,0.0
CYCSP53,0.0
RPS4XP11,0.0
ENSG00000234337,0.0
ENSG00000234338,0.0
ENSG00000234340,0.0
ELF2P1,0.0
GLUD1P9,0.0
ENSG00000234353,0.0
RPS26P47,0.0
FTH1P27,0.0
ENSG00000234356,0.0
RPL7AP42,0.0
ELK1P1,0.0
ENSG00000234360,0.0
PPIAP27,0.0
PFN1P3,0.0
TATDN1P1,0.0
RPSAP31,0.0
SNX18P7,0.0
UBTFL2,0.0
HMGB1P48,0.0
MED15P7,0.0
ENSG00000234382,0.0
CTBP2P8,0.0
RCC2P1,0.0
OR7E162P,0.0
TXNP3,0.0
ENSG00000234391,0.0
PPIAP34,0.0
ENSG00000234398,0.0
RBMY2XP,0.0
ELK2BP,0.0
SPRYD7P1,0.0
ENSG00000234406,0.0
MPV17L2P1,0.0
RPL5P7,0.0
CICP13,0.0
ZNF37BP,0.0
SLC25A5P4,0.0
UBE2WP1,0.0
ENSG00000234424,0.0
ANKRD11P1,0.0
ENSG00000234436,0.0
KRT18P2,0.0
ENSG00000234441,0.0
ENSG00000234442,0.0
ENSG00000234448,0.0
ENSG00000234450,0.0
ENSG00000234451,0.0
ENSG00000234457,0.0
OR7E130P,0.0
COX6CP12,0.0
HDGFL3P1,0.0
SLC25A1P2,0.0
ZNF101P2,0.0
AP1B1P1,0.0
MTCO2P18,0.0
OR7E46P,0.0
RPL27P6,0.0
ALDH7A1P4,0.0
HNRNPA1P51,0.0
RHOXF1P1,0.0
MRPS21P1,0.0
RPL13AP20,0.0
ENSG00000234500,0.0
FYTTD1P1,0.0
TLR12P,0.0
ENSG00000234513,0.0
PPP1R2P1,0.0
PTGES3P1,0.0
ENSG00000234521,0.0
ENSG00000234522,0.0
NDUFB1P2,0.0
RPL12P43,0.0
GAPDHP19,0.0
CSNK1G2P1,0.0
ENSG00000234537,0.0
ZNF114P1,0.0
CHEK2P5,0.0
PTGES3P5,0.0
PPIAP90,0.0
API5P1,0.0
RPL22P7,0.0
TPMTP2,0.0
HSPA8P20,0.0
COX6B1P1,0.0
RPL7AP71,0.0
BIN2P1,0.0
RAD1P1,0.0
ZFRP1,0.0
RPS21P7,0.0
CTSLP8,0.0
MTND1P26,0.0
TSPY19P,0.0
CCT6P3,0.0
ENSG00000234586,0.0
MRPL50P1,0.0
FABP5P14,0.0
RPL13AP24,0.0
GNG5P5,0.0
TJAP1P1,0.0
MTCO1P58,0.0
ENSG00000234604,0.0
ENSG00000234607,0.0
OR2AT2P,0.0
H2AZP5,0.0
RPSAP9,0.0
RPL7P11,0.0
PUDPP1,0.0
ENSG00000234624,0.0
NUS1P3,0.0
WDR82P1,0.0
NECAP1P2,0.0
RPS19P6,0.0
ENSG00000234639,0.0
OTX2P1,0.0
YWHAEP5,0.0
ENSG00000234648,0.0
AGPAT5P1,0.0
OR7E155P,0.0
RPL21P73,0.0
HMGN2P5,0.0
ACTL11P,0.0
OR6C64P,0.0
MTCYBP5,0.0
VN2R3P,0.0
VDAC2P4,0.0
ENSG00000234683,0.0
NUS1P2,0.0
MTCO1P8,0.0
PRDX3P3,0.0
VDAC1P3,0.0
PRUNE1P1,0.0
UPF3AP3,0.0
TUBB8P11,0.0
ENSG00000234713,0.0
ENSG00000234716,0.0
ATP5F1AP8,0.0
FCRL4P1,0.0
HDAC1P1,0.0
ENSG00000234726,0.0
MTND4LP16,0.0
RPEP5,0.0
RPS25P10,0.0
KRT18P15,0.0
RPL17P18,0.0
EIF5AP4,0.0
USP9YP26,0.0
ENSG00000234748,0.0
FAM90A21P,0.0
RPS2P53,0.0
RPL15P16,0.0
MGAT4FP,0.0
E2F6P1,0.0
ELL2P3,0.0
WASH4P,0.0
GULOP,0.0
ENSG00000234780,0.0
TPT1P9,0.0
ENSG00000234784,0.0
EEF1GP5,0.0
HSPA8P3,0.0
NUTF2P4,0.0
ENSG00000234792,0.0
RFTN1P1,0.0
RPS3AP6,0.0
PCMTD1P3,0.0
MORF4,0.0
FAM197Y2,0.0
FAM151AP1,0.0
RPL26P29,0.0
ENSG00000234811,0.0
ENSG00000234812,0.0
ENSG00000234813,0.0
SVIL2P,0.0
H2AC5P,0.0
ENSG00000234819,0.0
MRPS33P4,0.0
XRCC6P2,0.0
FAM197Y9,0.0
PHB1P13,0.0
ENSG00000234837,0.0
PPIAP78,0.0
RPS26P30,0.0
ENSG00000234841,0.0
MTCO2P16,0.0
CDC42P2,0.0
MTND2P3,0.0
RPL23AP42,0.0
NDUFA5P3,0.0
ATP5F1AP1,0.0
ENSG00000234863,0.0
ADH5P5,0.0
ENSG00000234872,0.0
HSPE1P1,0.0
PIGFP2,0.0
EIF3EP1,0.0
MTND5P26,0.0
OFD1P15Y,0.0
KPNB1P1,0.0
HNRNPDLP2,0.0
ENSG00000234894,0.0
OR52X1P,0.0
OR7E62P,0.0
CHEK2P3,0.0
MTND6P13,0.0
ENSG00000234903,0.0
ENSG00000234907,0.0
IL6RP1,0.0
TEX21P,0.0
TSEN15P3,0.0
ATP5PDP4,0.0
HMGN1P18,0.0
MARK2P15,0.0
ENSG00000234932,0.0
CDC42P1,0.0
MTND5P29,0.0
ENSG00000234937,0.0
MTND2P18,0.0
ENSG00000234941,0.0
SDHCP3,0.0
RBMY2OP,0.0
FABP5P13,0.0
FABP5P7,0.0
AARSD1P1,0.0
FTH1P2,0.0
RPL7AP20,0.0
RPL7AP47,0.0
ENSG00000234983,0.0
FMO10P,0.0
ENSG00000234985,0.0
CUBNP2,0.0
RPS3AP28,0.0
ACTG1P25,0.0
SNRPCP19,0.0
EIF4A1P2,0.0
ENSG00000235002,0.0
USP9YP30,0.0
ENSG00000235008,0.0
JCADP1,0.0
COX20P2,0.0
REREP2Y,0.0
GEMIN2P1,0.0
RPL17P48,0.0
HMGN1P30,0.0
DNAJC9P1,0.0
MTND6P12,0.0
MTCO3P1,0.0
TECRP1,0.0
PPIAP3,0.0
RPL7P8,0.0
ENSG00000235055,0.0
VDAC1P4,0.0
UBE2V1P7,0.0
BCRP5,0.0
SLC25A5P2,0.0
RPL24P2,0.0
ENSG00000235069,0.0
ENSG00000235071,0.0
GAPDHP52,0.0
MTND5P23,0.0
ENSG00000235081,0.0
SUMO1P3,0.0
ENSG00000235083,0.0
CHCHD2P6,0.0
ENSG00000235088,0.0
ENSG00000235089,0.0
RPL7L1P3,0.0
ENSG00000235094,0.0
GPCPD1P1,0.0
SETP9,0.0
ADI1P1,0.0
ENSG00000235105,0.0
IFNA12P,0.0
RPS17P10,0.0
HSPE1P27,0.0
ENSG00000235113,0.0
CHCHD2P8,0.0
KRT8P17,0.0
ENSG00000235128,0.0
FABP7P2,0.0
RPL35AP22,0.0
PSMA5P1,0.0
HSP90AB6P,0.0
COX6CP17,0.0
RPSAP16,0.0
ENSG00000235147,0.0
HMGB3P23,0.0
RCBTB2P1,0.0
RPL7AP81,0.0
CDK5P1,0.0
MTND1P31,0.0
RPL39P3,0.0
RPL26P37,0.0
ENSG00000235181,0.0
ENSG00000235182,0.0
SRP14P3,0.0
ENSG00000235186,0.0
ENSG00000235190,0.0
ENSG00000235196,0.0
ZNF33CP,0.0
CYP2C58P,0.0
TBC1D3P3,0.0
TATDN2P3,0.0
TUBBP6,0.0
RPL7AP13,0.0
TMSB10P2,0.0
OR6E1P,0.0
DNAJC17P1,0.0
ENSG00000235219,0.0
ENSG00000235224,0.0
RPL31P17,0.0
ENSG00000235226,0.0
VN1R38P,0.0
MRPS18BP2,0.0
SUMO2P1,0.0
ACTRT1P1,0.0
ENSG00000235240,0.0
ENSG00000235241,0.0
ENSG00000235243,0.0
OR13C1P,0.0
ENSG00000235251,0.0
EEF1A1P50,0.0
TMEM185AP1,0.0
FKBP4P7,0.0
NDUFB4P6,0.0
RPL5P28,0.0
RPL22P17,0.0
ENSG00000235267,0.0
ENSG00000235274,0.0
KRT18P16,0.0
ZNF652P1,0.0
DYNLL1P3,0.0
SNORD62A,0.0
ENSG00000235286,0.0
BRD7P6,0.0
HLA-W,0.0
RPL7AP25,0.0
FAUP1,0.0
MRPL53P1,0.0
HLA-Z,0.0
GAPDHP34,0.0
ENSG00000235308,0.0
GXYLT1P6,0.0
KRTAP19-10P,0.0
RPL23AP69,0.0
DUSP8P5,0.0
MTND4LP13,0.0
COTL1P2,0.0
SRSF3P5,0.0
RPL31P62,0.0
ENSG00000235329,0.0
RPL12P25,0.0
RPSAP76,0.0
PVRIG2P,0.0
BTG3P1,0.0
DUSP5P2,0.0
GEMIN2P2,0.0
TRNT1P2,0.0
ENSG00000235349,0.0
ENSG00000235350,0.0
SGCEP1,0.0
RPS29P16,0.0
SNRPGP10,0.0
SAPCD2P2,0.0
RPL36AP15,0.0
DNM1P51,0.0
ACO2P2,0.0
SSR4P1,0.0
ENSG00000235377,0.0
MRPS10P1,0.0
RPL7P31,0.0
MTND4P31,0.0
ENSG00000235386,0.0
ENSG00000235390,0.0
ENSG00000235400,0.0
SNORA71B,0.0
DRG1P1,0.0
KRT18P63,0.0
RPSAP24,0.0
TIPINP1,0.0
RPL29P30,0.0
ENSG00000235421,0.0
KATNBL1P3,0.0
SUMO2P10,0.0
RPS7P13,0.0
ENSG00000235429,0.0
ZSWIM5P1,0.0
ENSG00000235432,0.0
MTATP6P17,0.0
DPY19L2P4,0.0
ESRRAP2,0.0
RPS2P15,0.0
PSMB3P2,0.0
TRAPPC13P1,0.0
COX7CP2,0.0
PNPLA4P1,0.0
HAUS6P3,0.0
RPS26P31,0.0
TAB3P1,0.0
ENSG00000235463,0.0
RPL10AP5,0.0
MRPL50P4,0.0
EIF4A1P7,0.0
RAB9AP4,0.0
RPL21P135,0.0
ACO2P1,0.0
ANAPC1P6,0.0
DBF4P1,0.0
SNX19P2,0.0
CASP4LP,0.0
RPS2P7,0.0
ENSG00000235510,0.0
OFD1P18Y,0.0
LLPHP2,0.0
USP9YP27,0.0
MTCO1P23,0.0
FTLP1,0.0
FECHP1,0.0
MTND1P33,0.0
RPS11P1,0.0
ENSG00000235546,0.0
NDUFB11P1,0.0
HEBP2P1,0.0
EIF1P2,0.0
ANKRD26P2,0.0
RPL6P27,0.0
SRSF6P2,0.0
SUMO1P4,0.0
GUSBP17,0.0
NOP56P1,0.0
SNX18P14,0.0
RPS15AP37,0.0
ENSG00000235574,0.0
RPL38P5,0.0
ENSG00000235581,0.0
ENSG00000235582,0.0
ENSG00000235583,0.0
GAPDHP65,0.0
ENSG00000235592,0.0
ENSG00000235594,0.0
GAPDHP23,0.0
RRM2P4,0.0
POU5F1P3,0.0
ENSG00000235605,0.0
AK4P6,0.0
NSRP1P1,0.0
ST13P2,0.0
ENSG00000235617,0.0
FAM21EP,0.0
RPL36AP33,0.0
OR7E110P,0.0
KRT18P66,0.0
SNRPFP4,0.0
NUS1P1,0.0
MTND6P14,0.0
ENSG00000235639,0.0
ELOAP1,0.0
PTP4A1P5,0.0
RPL10P5,0.0
MTND1P2,0.0
MTFR2P2,0.0
MXRA5Y,0.0
G3BP1P1,0.0
ENSG00000235653,0.0
H3P6,0.0
RPL36P18,0.0
RPL21P40,0.0
ENSG00000235672,0.0
ENSG00000235673,0.0
LDHAP2,0.0
NPM1P26,0.0
OR5AN2P,0.0
ENSG00000235679,0.0
ENSG00000235681,0.0
ENSG00000235683,0.0
ENSG00000235685,0.0
PPIAP20,0.0
ENSG00000235689,0.0
CUBNP3,0.0
HIGD2AP2,0.0
PA2G4P2,0.0
CYCSP52,0.0
PCBP2P1,0.0
ENSG00000235705,0.0
CDCA7P2,0.0
ENSG00000235713,0.0
KRT18P46,0.0
GABPAP,0.0
ENSG00000235721,0.0
ENSG00000235729,0.0
OR2AF1P,0.0
HMGN1P36,0.0
RPL7AP72,0.0
TRIM60P19,0.0
ENSG00000235738,0.0
ENSG00000235742,0.0
CTBP2P2,0.0
SEPTIN14P12,0.0
ENSG00000235756,0.0
ARHGAP42P3,0.0
MTCO3P46,0.0
SNRPGP5,0.0
BRD7P5,0.0
ENSG00000235775,0.0
RPL7AP70,0.0
ENSG00000235778,0.0
HNRNPA1P29,0.0
RPL35AP8,0.0
MTND3P21,0.0
ENSG00000235797,0.0
MTCO2P23,0.0
ENSG00000235804,0.0
SOCS5P3,0.0
MYL6P2,0.0
ENSG00000235810,0.0
ENSG00000235811,0.0
ADAM21P1,0.0
PRELID1P3,0.0
ENSG00000235817,0.0
VN1R17P,0.0
IFITM4P,0.0
TUBB8P9,0.0
RPL36AP26,0.0
TBCAP2,0.0
CNN2P3,0.0
ENSG00000235833,0.0
KIF3AP1,0.0
HSP90AB7P,0.0
LDHAP7,0.0
OR7E145P,0.0
CTBP2P1,0.0
ENSG00000235859,0.0
ENSG00000235861,0.0
HSPA8P6,0.0
GAPDHP31,0.0
ENSG00000235869,0.0
ENSG00000235871,0.0
FEM1AP4,0.0
FAR1P1,0.0
PKMP2,0.0
ENSG00000235893,0.0
ENSG00000235895,0.0
CCSER2P1,0.0
ENSG00000235907,0.0
ENSG00000235912,0.0
MRPS18CP7,0.0
MTCO2P11,0.0
THRAP3P3,0.0
RPL13P14,0.0
ZNRF2P3,0.0
RPS29P15,0.0
TPT1P14,0.0
HSPE1P12,0.0
ENSG00000235932,0.0
RPL21P30,0.0
MTND1P21,0.0
ZNF815P,0.0
ENSG00000235945,0.0
H2BW3P,0.0
ENSG00000235951,0.0
CICP20,0.0
COX7CP1,0.0
ENSG00000235959,0.0
RPL7AP53,0.0
MCCD1P1,0.0
FXYD6P2,0.0
COX5BP3,0.0
FBXL12P1,0.0
CHEK2P4,0.0
VN2R19P,0.0
TPM2P1,0.0
H2BP8,0.0
ENSG00000235981,0.0
ENSG00000235988,0.0
RPL23AP20,0.0
ENSG00000235991,0.0
GRAMD4P2,0.0
ENSG00000235993,0.0
UBE2V1P6,0.0
TAAR7P,0.0
ENSG00000236004,0.0
ENSG00000236005,0.0
MTCO1P46,0.0
HIGD1AP12,0.0
TMX1P1,0.0
ENSG00000236018,0.0
ENSG00000236025,0.0
ENSG00000236026,0.0
NSA2P1,0.0
CHIAP1,0.0
COX6CP18,0.0
ENSG00000236042,0.0
FABP5P2,0.0
RPL13AP12,0.0
SSBL5P,0.0
GAPDHP14,0.0
RPL17P36,0.0
HSPB1P1,0.0
GSTM5P1,0.0
NT5ELP,0.0
SRSF2P1,0.0
ENSG00000236073,0.0
SLC6A14P1,0.0
SKP1P4,0.0
YAP1P2,0.0
OR13E1P,0.0
ACTG1P4,0.0
HMGN2P28,0.0
LDHAP3,0.0
BNIP3P2,0.0
ENSG00000236099,0.0
RAC1P7,0.0
PRELID3BP10,0.0
ENSG00000236108,0.0
OR2AM1P,0.0
RPL6P1,0.0
ENSG00000236114,0.0
ENSG00000236118,0.0
HAUS6P2,0.0
CEACAMP11,0.0
HMGN2P23,0.0
MED13P1,0.0
RPL17P52,0.0
ADORA2BP1,0.0
DUX4L26,0.0
ENSG00000236146,0.0
RPL23AP37,0.0
MRPS36P1,0.0
ZPLD2P,0.0
CHCHD4P3,0.0
RFC3P1,0.0
ENSG00000236159,0.0
ENSG00000236160,0.0
PRADC1P1,0.0
GAPDHP57,0.0
ENSG00000236168,0.0
RPL12P26,0.0
SSU72P6,0.0
PRAMEF35P,0.0
ENSG00000236180,0.0
ENOPH1P1,0.0
TCEA1P4,0.0
HNRNPDLP3,0.0
GJA6P,0.0
RPL18AP15,0.0
ENSG00000236190,0.0
RPS15AP25,0.0
MRM3P2,0.0
ENSG00000236205,0.0
MTCO1P7,0.0
PPP1R11P1,0.0
C1DP2,0.0
VEZF1P1,0.0
MTCYBP24,0.0
ENSG00000236235,0.0
ENSG00000236238,0.0
DDX5P1,0.0
RPL6P29,0.0
ENSG00000236246,0.0
TMEM258P1,0.0
ENSG00000236252,0.0
SLC25A3P1,0.0
MTND4P14,0.0
EI24P2,0.0
TIMM8BP1,0.0
PPIAP64,0.0
ENSG00000236261,0.0
RPL26P30,0.0
ENSG00000236274,0.0
NIPA2P5,0.0
PEBP1P3,0.0
NDUFB9P2,0.0
VN1R31P,0.0
NPM1P8,0.0
EEF1GP7,0.0
GUSBP5,0.0
EEF1A1P23,0.0
MTND4LP12,0.0
EEF1E1P1,0.0
RPL34P34,0.0
VN1R53P,0.0
OR7E109P,0.0
ENSG00000236317,0.0
ENSG00000236319,0.0
BMP6P1,0.0
RPL32P5,0.0
ENSG00000236327,0.0
RPL5P9,0.0
POM121L13P,0.0
EI24P4,0.0
PSMC1P10,0.0
SUCLG2P2,0.0
EI24P1,0.0
OR51B8P,0.0
RRAS2P1,0.0
EIF3MP1,0.0
POU5F1P5,0.0
ZNF736P4Y,0.0
VENTXP7,0.0
KRTAP10-13P,0.0
ENSG00000236386,0.0
ENSG00000236391,0.0
ENSG00000236395,0.0
DDX11L2,0.0
KRTAP21-4P,0.0
SLC4A1APP2,0.0
UBQLN1P1,0.0
HMGB1P18,0.0
NRADDP,0.0
NDUFAF4P3,0.0
ENSG00000236413,0.0
CTSLP1,0.0
CHCHD3P1,0.0
RPL31P64,0.0
GPM6BP2,0.0
KRT8P29,0.0
ENSG00000236431,0.0
RPL37P21,0.0
TSPY12P,0.0
FAM157A,0.0
RPS27P8,0.0
COPRSP1,0.0
ANKRD54P1,0.0
ENSG00000236450,0.0
DENRP1,0.0
HNRNPA1P22,0.0
SNX2P2,0.0
EEF1A1P44,0.0
KRT43P,0.0
GCNT1P1,0.0
TRIM26BP,0.0
ENSG00000236476,0.0
RPS24P1,0.0
ENSG00000236478,0.0
PKMP1,0.0
MTND2P40,0.0
RRM2P2,0.0
ENSG00000236487,0.0
RPL34P10,0.0
ENSG00000236491,0.0
EIF2S2P3,0.0
GPS2P1,0.0
CD24P1,0.0
TRPC6P8,0.0
ENSG00000236504,0.0
ENSG00000236505,0.0
RPL21P133,0.0
RPL29P1,0.0
KLF2P4,0.0
NPAP1P4,0.0
NPM1P40,0.0
ARF4P2,0.0
KPNA2P1,0.0
RPS12P4,0.0
H3P36,0.0
ZNF863P,0.0
HNRNPA1P54,0.0
VN2R9P,0.0
MED28P7,0.0
RPS27AP7,0.0
ENSG00000236550,0.0
RPL13AP5,0.0
ASNSP3,0.0
ENSG00000236555,0.0
IFITM3P1,0.0
YWHAQP5,0.0
HNRNPA3P5,0.0
TCF3P1,0.0
HNRNPA1P73,0.0
RAD23BP1,0.0
ENSG00000236571,0.0
ENSG00000236574,0.0
ENSG00000236576,0.0
SNRPGP14,0.0
RPL36P13,0.0
PRPF38AP2,0.0
ENSG00000236583,0.0
MTATP6P4,0.0
S100A11P2,0.0
RPS27AP14,0.0
MED15P5,0.0
CRLF3P1,0.0
ELOCP26,0.0
RANP1,0.0
LYPLA2P3,0.0
ENSG00000236606,0.0
EEF1DP8,0.0
EIF4A1P6,0.0
SOCS5P1,0.0
KRTAP19-11P,0.0
ENSG00000236615,0.0
BAK1P2,0.0
XKRYP3,0.0
MTND5P17,0.0
UBA5P1,0.0
ENSG00000236638,0.0
LAMTOR5P1,0.0
ENSG00000236647,0.0
ENSG00000236654,0.0
SLC6A14P3,0.0
RPL27AP3,0.0
KRT18P5,0.0
ENSG00000236674,0.0
MTX1LP,0.0
RPL23AP24,0.0
PSMC3P1,0.0
DSTNP5,0.0
HMGA1P1,0.0
BZW1P1,0.0
MTCO2P21,0.0
ENSG00000236690,0.0
NDUFA4P2,0.0
MTCO1P10,0.0
HNRNPA1P47,0.0
EIF1AXP1,0.0
ENSG00000236701,0.0
CNOT4P1,0.0
ENSG00000236710,0.0
ENSG00000236712,0.0
ENSG00000236713,0.0
RBMY2QP,0.0
RPL27P9,0.0
ENSG00000236731,0.0
RPL21P137,0.0
RPL31P63,0.0
UQCRC2P1,0.0
CLIC4P1,0.0
ENSG00000236741,0.0
YRDCP2,0.0
ENSG00000236748,0.0
ENSG00000236750,0.0
RPL19P16,0.0
TRMT112P4,0.0
COX7A2P2,0.0
RPL17P16,0.0
ENSG00000236770,0.0
ENSG00000236773,0.0
ENSG00000236775,0.0
RPL21P23,0.0
ENSG00000236777,0.0
ENSG00000236779,0.0
RPS15AP27,0.0
SDR42E1P5,0.0
TSPY15P,0.0
OR2AI1P,0.0
ENSG00000236792,0.0
BCRP8,0.0
ENSG00000236796,0.0
SPA17P1,0.0
RPL24P8,0.0
SDAD1P4,0.0
RPS3AP12,0.0
RPL7AP15,0.0
ENSG00000236807,0.0
SNX25P1,0.0
GAPDHP2,0.0
BTF3P8,0.0
ENSG00000236814,0.0
ANKRD20A7P,0.0
ARL5AP2,0.0
RAB28P2,0.0
ENSG00000236829,0.0
YME1L1P1,0.0
CBY1P1,0.0
RPL24P6,0.0
ENSG00000236847,0.0
RPL23AP95,0.0
SSBL2P,0.0
OR2R1P,0.0
RAP1BP1,0.0
RPL39P29,0.0
RPS20P24,0.0
RPL23AP23,0.0
ENSG00000236867,0.0
POMPP1,0.0
PPIAP36,0.0
DDX11L5,0.0
TMSB4XP1,0.0
SETD6P1,0.0
MTATP6P26,0.0
RPS26P57,0.0
ENSG00000236887,0.0
RPS20P5,0.0
ENSG00000236890,0.0
ASS1P7,0.0
TIMM9P1,0.0
ENSG00000236905,0.0
ENSG00000236907,0.0
OR2P1P,0.0
RPS13P3,0.0
DNAJA1P2,0.0
PHKG1P3,0.0
ENSG00000236928,0.0
RPL35AP37,0.0
SDHDP4,0.0
CEACAMP8,0.0
PTGES3P4,0.0
ENSG00000236940,0.0
ENSG00000236941,0.0
ENSG00000236942,0.0
MIX23P2,0.0
HNRNPA1P70,0.0
NF1P8,0.0
ENSG00000236957,0.0
SULT1D1P,0.0
ENSG00000236960,0.0
OR52N3P,0.0
ENSG00000236966,0.0
GGT8P,0.0
FABP5P1,0.0
GAPDHP51,0.0
RPL6P20,0.0
ENSG00000236978,0.0
BLOC1S2P1,0.0
NDUFA5P8,0.0
CTDSPL2P1,0.0
RPL12P12,0.0
GAPDHP21,0.0
YBX1P9,0.0
ENSG00000236998,0.0
PTMAP6,0.0
RPL36AP11,0.0
ZNRF2P1,0.0
HIGD1AP15,0.0
KRT18P52,0.0
LAPTM4BP1,0.0
LRRFIP2P1,0.0
ENSG00000237016,0.0
USP9YP3,0.0
RPL21P33,0.0
PARD6BP1,0.0
ENSG00000237026,0.0
RPSAP7,0.0
CASP3P1,0.0
RPS28P4,0.0
DPH3P2,0.0
RPL27P8,0.0
MICG,0.0
RPL34P1,0.0
FUCA1P1,0.0
MTCO1P48,0.0
EIF3IP1,0.0
NANOGP4,0.0
RPL5P2,0.0
ENSG00000237072,0.0
RPL38P2,0.0
COX5BP6,0.0
RPL31P42,0.0
ENSG00000237085,0.0
RPL7AP48,0.0
PCNPP4,0.0
MKRN8P,0.0
GYG1P2,0.0
FABP5P15,0.0
RPL36AP5,0.0
RPL21P111,0.0
ENSG00000237115,0.0
CYP2F2P,0.0
PIEZO1P2,0.0
MTND2P11,0.0
ENSG00000237127,0.0
MTCYBP34,0.0
MRPS6P2,0.0
ENSG00000237131,0.0
DDX10P1,0.0
ENSG00000237137,0.0
RPS26P41,0.0
HSPE1P16,0.0
DNAJC19P1,0.0
HIGD1AP2,0.0
MCFD2P1,0.0
ENSG00000237158,0.0
ENSG00000237160,0.0
ENSG00000237161,0.0
RPS20P9,0.0
ENSG00000237163,0.0
SLC25A15P2,0.0
RPL12P27,0.0
RPS7P15,0.0
ENSG00000237171,0.0
ENSG00000237173,0.0
NME1P1,0.0
ENSG00000237176,0.0
H3P7,0.0
CYP46A4P,0.0
ENSG00000237182,0.0
KRTAP9-10P,0.0
VN1R66P,0.0
RPS8P5,0.0
ENSG00000237193,0.0
SNAI1P1,0.0
DLGAP5P1,0.0
BNIP3P43,0.0
RPL7P34,0.0
IMPDH1P4,0.0
RBM17P3,0.0
ENSG00000237210,0.0
SETP4,0.0
RPL23AP22,0.0
RPS9P2,0.0
DEFB131D,0.0
ENSG00000237217,0.0
SULT1C5P,0.0
OR13K1P,0.0
RPS3AP39,0.0
ENSG00000237227,0.0
KRTAP2-5P,0.0
ENSG00000237236,0.0
BMS1P10,0.0
BTF3P15,0.0
ENSG00000237249,0.0
ENSG00000237251,0.0
MMADHCP1,0.0
PGAM3P,0.0
MTND2P8,0.0
PPIAP67,0.0
Metazoa_SRP,0.0
MAPK6P3,0.0
FTH1P11,0.0
ENSG00000237265,0.0
ENSG00000237268,0.0
RBMY2TP,0.0
OR51R1P,0.0
RSL24D1P8,0.0
GTF3AP1,0.0
S100A11P10,0.0
ANO7L1,0.0
RLIMP2,0.0
H3P2,0.0
HNRNPA1P2,0.0
EIF4BP9,0.0
SMG1P1,0.0
ENSG00000237297,0.0
ENSG00000237299,0.0
MTCO1P19,0.0
OFD1P11Y,0.0
HIGD1AP8,0.0
HSPE1P22,0.0
SRRM1P3,0.0
ENSG00000237308,0.0
MTND2P6,0.0
RPL12P39,0.0
ENSG00000237317,0.0
ENSG00000237319,0.0
RPL7L1P10,0.0
ENSG00000237323,0.0
MTRES1P2,0.0
ENSG00000237329,0.0
ENSG00000237345,0.0
RPL28P6,0.0
ENSG00000237349,0.0
CDC42P6,0.0
ITPK1P1,0.0
OR52S1P,0.0
ENSG00000237358,0.0
CHCHD4P2,0.0
ENSG00000237363,0.0
CBX1P3,0.0
NT5DC1P1,0.0
RPL21P121,0.0
CNN2P11,0.0
HLA-DPA3,0.0
NDUFA9P1,0.0
ART2BP,0.0
ENSG00000237409,0.0
NRBF2P3,0.0
XRCC6P1,0.0
ENSG00000237418,0.0
RPSAP2,0.0
ZIK1P1,0.0
TOMM22P1,0.0
ASH2LP2,0.0
RPS7P12,0.0
RPSAP11,0.0
ENSG00000237434,0.0
ASS1P12,0.0
ENSG00000237439,0.0
HNRNPA1P57,0.0
OR13D2P,0.0
ENSG00000237444,0.0
RHEBP3,0.0
CDC27P2,0.0
TAAR4P,0.0
RPL23AP71,0.0
CDK2AP2P2,0.0
ID2B,0.0
TUBB4BP3,0.0
MTCO3P41,0.0
USP9YP35,0.0
TUBB8P10,0.0
DCLRE1CP1,0.0
ATP5PFP2,0.0
RPL7P53,0.0
ENSG00000237478,0.0
RPS27AP8,0.0
VN1R48P,0.0
RPS27AP17,0.0
OR2L9P,0.0
ENSG00000237493,0.0
MMACHCP1,0.0
ENSG00000237503,0.0
RPSAP15,0.0
GPAT2P1,0.0
PTP4A1P7,0.0
NONOP2,0.0
UQCR10P1,0.0
ENSG00000237539,0.0
RPL36AP36,0.0
MTCO3P17,0.0
XKRYP6,0.0
RPS6P3,0.0
ENSG00000237550,0.0
RPL21P74,0.0
ENSG00000237553,0.0
ENSG00000237555,0.0
YWHABP1,0.0
CDY7P,0.0
CD24P5,0.0
TUBAP1,0.0
ENSG00000237572,0.0
PYY2,0.0
GCSHP3,0.0
RPL34P8,0.0
RAC1P4,0.0
ENSG00000237586,0.0
HMGN1P32,0.0
RPL17P24,0.0
ENSG00000237601,0.0
HMGB3P12,0.0
ENSG00000237606,0.0
OR4C50P,0.0
Metazoa_SRP,0.0
USP9YP32,0.0
ENSG00000237617,0.0
BTBD7P2,0.0
OR3B1P,0.0
GCNT1P5,0.0
OR9A1P,0.0
ELOCP18,0.0
NICN2P,0.0
OXCT2P1,0.0
MTCO2P19,0.0
UQCRHP2,0.0
NIFKP9,0.0
PARK7P2,0.0
S100A11P1,0.0
DUX4L29,0.0
ANKRD26P3,0.0
ENSG00000237639,0.0
RPL28P2,0.0
HMGB3P5,0.0
TMEM229BP1,0.0
OR11Q1P,0.0
PERPP1,0.0
RNASEH2CP1,0.0
TNIP2P1,0.0
SOCS2P1,0.0
DNAJC19P7,0.0
ENSG00000237666,0.0
RPS15AP38,0.0
ENSG00000237669,0.0
KRR1P1,0.0
GSTA7P,0.0
RPL30P4,0.0
VDAC1P11,0.0
PRKCIP1,0.0
RPSAP35,0.0
IFNWP2,0.0
ATP5PFP1,0.0
MSL3P3,0.0
TRIM51EP,0.0
SPIN2P1,0.0
EEF1A1P28,0.0
MTCO3P11,0.0
ENSG00000237717,0.0
NUDT5P1,0.0
MTND1P29,0.0
RPS27P17,0.0
RPS5P8,0.0
RNGTTP1,0.0
CT75,0.0
NPAP1P3,0.0
FBP2P1,0.0
RPL22P8,0.0
ZNF101P1,0.0
EIF3JP3,0.0
UQCRBP1,0.0
RPS27P9,0.0
NCKAP1P1,0.0
ENSG00000237754,0.0
EEF1A1P30,0.0
BANF1P3,0.0
GGTA2P,0.0
SPATA31D2P,0.0
ENSG00000237774,0.0
PLLPP1,0.0
ENSG00000237783,0.0
RPS20P12,0.0
GLYR1P1,0.0
RPL18AP16,0.0
CICP11,0.0
AMD1P2,0.0
HNRNPA1P39,0.0
FAUP2,0.0
ENSG00000237810,0.0
RPL21P109,0.0
RPS3AP29,0.0
ST13P7,0.0
CDY19P,0.0
RPL23AP33,0.0
RPS15AP29,0.0
PA2G4P1,0.0
ETS2P1,0.0
ENSG00000237835,0.0
FAM21FP,0.0
KRTAP19-9P,0.0
SMU1P1,0.0
ENSG00000237846,0.0
ENSG00000237848,0.0
NFYAP1,0.0
GOLGA6L24,0.0
LINC00674,0.0
EEF1A1P31,0.0
SLC6A14P2,0.0
ENSG00000237861,0.0
ENSG00000237868,0.0
POU5F1P4,0.0
DLGAP5P2,0.0
ENSG00000237875,0.0
AKR1B1P4,0.0
PPIAP13,0.0
ENSG00000237885,0.0
RPL23AP32,0.0
RPL29P31,0.0
UBE2V1P16,0.0
MATR3P3,0.0
ENSG00000237901,0.0
TSPY21P,0.0
ENSG00000237904,0.0
MUPP,0.0
MTCO1P18,0.0
SRP68P3,0.0
FTLP19,0.0
RPL37P12,0.0
PARP4P1,0.0
ENSG00000237920,0.0
ENSG00000237922,0.0
RPL21P112,0.0
ENSG00000237926,0.0
RPL31P3,0.0
RPL31P14,0.0
CLIC4P3,0.0
ENSG00000237936,0.0
IDI1P1,0.0
MTATP6P20,0.0
PPIL1P1,0.0
RPL7AP73,0.0
RPS13P5,0.0
ENSG00000237955,0.0
TRIAP1P1,0.0
RPL36AP10,0.0
ENSG00000237961,0.0
PRXL2CP1,0.0
RAD52P1,0.0
ENSG00000237968,0.0
TMEM161BP1,0.0
ENSG00000237971,0.0
TUBG1P,0.0
MTCO1P12,0.0
ENSG00000237974,0.0
EIF4HP2,0.0
DNAJB12P1,0.0
CDC42P7,0.0
PTENP1,0.0
RPL35P1,0.0
RCC2P2,0.0
ACTG1P19,0.0
PSME2P1,0.0
SNRPCP1,0.0
NPAP1P6,0.0
RPL10P4,0.0
COX6CP10,0.0
ENSG00000238013,0.0
ENSG00000238015,0.0
ODAD2P1,0.0
DDX39BP2,0.0
ZDHHC4P1,0.0
TMEM38BP1,0.0
RALBP1P2,0.0
S100A11P5,0.0
OOSP1P1,0.0
ATP6V0E1P3,0.0
SALL4P2,0.0
TMEM230P2,0.0
MTND5P22,0.0
MTND1P30,0.0
ART2P,0.0
ENSG00000238049,0.0
ISCUP1,0.0
RPL36AP24,0.0
HSPE1P21,0.0
ENSG00000238061,0.0
LRRC57P1,0.0
ENSG00000238066,0.0
XKRYP1,0.0
RPLP0P7,0.0
CDC26P1,0.0
RBMY2HP,0.0
RPSAP32,0.0
MRPL48P1,0.0
NMNAT1P3,0.0
ENSG00000238079,0.0
ENSG00000238081,0.0
NUDCP2,0.0
ENSG00000238084,0.0
ENSG00000238085,0.0
PPP1R26P1,0.0
FMO8P,0.0
OFD1P7Y,0.0
ENSG00000238090,0.0
CEACAMP6,0.0
ENSG00000238094,0.0
ABCA17P,0.0
RPL9P7,0.0
GOLGA2P5,0.0
ENSG00000238108,0.0
RNF14P3,0.0
ENSG00000238110,0.0
RPS13P4,0.0
RAD21P1,0.0
SLC25A24P2,0.0
SLC9A3P2,0.0
GOLM2P1,0.0
USP9YP10,0.0
ARPC3P2,0.0
ENSG00000238138,0.0
ENSG00000238139,0.0
TRPC6P4,0.0
TUBAP8,0.0
ENSG00000238149,0.0
ENSG00000238150,0.0
MLLT10P1,0.0
OR7E140P,0.0
ENSG00000238153,0.0
USP9YP4,0.0
OR7E117P,0.0
ENSG00000238162,0.0
ENSG00000238165,0.0
ENSG00000238166,0.0
IFITM3P5,0.0
RPS2P35,0.0
RPL39P6,0.0
RPL21P34,0.0
AHCYP2,0.0
RPS27P5,0.0
SPRING1P2,0.0
HMGB1P15,0.0
CLUHP1,0.0
HADHBP1,0.0
UBE2V2P3,0.0
MGAT2P2,0.0
POLR2LP1,0.0
TARDBPP2,0.0
ENSG00000238215,0.0
ENSG00000238220,0.0
ENSG00000238223,0.0
CRIP1P2,0.0
OR7E7P,0.0
ENSG00000238231,0.0
TSPY11P,0.0
MTCYBP14,0.0
CCR12P,0.0
GABARAPL3,0.0
MYO5BP2,0.0
RDXP3,0.0
HMGN2P17,0.0
NSA2P7,0.0
ENSG00000238254,0.0
MTND5P20,0.0
ENSG00000238257,0.0
PHF5AP5,0.0
RPL21P88,0.0
CENPPP1,0.0
IFNWP19,0.0
HOMER2P2,0.0
ALG1L6P,0.0
TBC1D3P1,0.0
MRPL50P2,0.0
SLC35E1P1,0.0
MTND3P23,0.0
ENSG00000238295,0.0
U3,0.0
SNORD121B,0.0
RNU7-120P,0.0
RNU7-50P,0.0
SNORD13E,0.0
ENSG00000238316,0.0
SNORD11,0.0
RN7SKP198,0.0
ENSG00000238326,0.0
SNORD126,0.0
RNU7-148P,0.0
SNORA13,0.0
RNU7-140P,0.0
RNU7-57P,0.0
Y_RNA,0.0
MIR2113,0.0
RNU7-103P,0.0
ENSG00000238371,0.0
ENSG00000238372,0.0
RNU7-180P,0.0
RNA5SP103,0.0
RNU7-165P,0.0
RNU6-1211P,0.0
RNU7-48P,0.0
ENSG00000238387,0.0
ENSG00000238390,0.0
RNA5SP233,0.0
MIR2053,0.0
RNA5SP311,0.0
RNU7-171P,0.0
ENSG00000238410,0.0
RNU7-63P,0.0
RNU7-186P,0.0
RNU6-437P,0.0
SNORD42B,0.0
Y_RNA,0.0
RNU7-136P,0.0
RNU7-157P,0.0
ENSG00000238440,0.0
RNU7-130P,0.0
Y_RNA,0.0
RNU6-893P,0.0
RNU7-38P,0.0
RNU7-134P,0.0
RNU7-144P,0.0
RNU6-1014P,0.0
RNU7-169P,0.0
RNU7-14P,0.0
RNU6-498P,0.0
RNU6-1208P,0.0
ENSG00000238485,0.0
RNU6-749P,0.0
Y_RNA,0.0
RNU6-221P,0.0
SNORD13P1,0.0
RNU7-87P,0.0
SNORD18,0.0
RNU6-104P,0.0
Y_RNA,0.0
MIR1270,0.0
U8,0.0
RNU7-107P,0.0
RNU6-599P,0.0
SNORD105B,0.0
RNU7-93P,0.0
RNU7-104P,0.0
RNU6-1193P,0.0
RNU1-88P,0.0
RNU7-21P,0.0
Y_RNA,0.0
RNU6ATAC28P,0.0
RNU7-159P,0.0
ENSG00000238570,0.0
ENSG00000238575,0.0
SNORD4A,0.0
RNU7-167P,0.0
Y_RNA,0.0
RNU7-54P,0.0
ENSG00000238594,0.0
SNORD4B,0.0
RNU7-7P,0.0
RNU7-94P,0.0
RNU7-26P,0.0
RNU6-300P,0.0
RNU6-775P,0.0
SNORD97,0.0
RNA5SP489,0.0
ENSG00000238628,0.0
RNU7-126P,0.0
ENSG00000238645,0.0
SNORD42A,0.0
SNORD54,0.0
RNU7-62P,0.0
RNU6-625P,0.0
RNU6-333P,0.0
RNU6-1037P,0.0
ENSG00000238685,0.0
ENSG00000238694,0.0
RNU6-261P,0.0
RNU7-147P,0.0
RNU7-97P,0.0
MIR1976,0.0
ENSG00000238707,0.0
RNU7-56P,0.0
RNY4P25,0.0
Y_RNA,0.0
RNU7-96P,0.0
RNU7-194P,0.0
Y_RNA,0.0
ENSG00000238724,0.0
MIR1972-1,0.0
RNU7-164P,0.0
RNU7-90P,0.0
RNU7-113P,0.0
SCARNA7,0.0
ENSG00000238745,0.0
Y_RNA,0.0
RNU7-27P,0.0
SCARNA18B,0.0
RNU7-155P,0.0
ENSG00000238761,0.0
ENSG00000238764,0.0
RNA5SP57,0.0
RNU7-141P,0.0
RNU7-80P,0.0
RNU7-9P,0.0
Y_RNA,0.0
RNU7-92P,0.0
RNU7-182P,0.0
RNU7-152P,0.0
SNORD124,0.0
SCARNA12,0.0
Y_RNA,0.0
ENSG00000238804,0.0
RNU7-102P,0.0
RNU7-127P,0.0
Y_RNA,0.0
ENSG00000238819,0.0
RNVU1-2,0.0
RNU7-45P,0.0
RNU7-46P,0.0
ENSG00000238832,0.0
RNU1-131P,0.0
SCARNA18,0.0
U8,0.0
RNU7-106P,0.0
Y_RNA,0.0
ENSG00000238854,0.0
SNORD19B,0.0
RN7SKP210,0.0
RNU7-59P,0.0
RNU6-329P,0.0
RNU7-85P,0.0
SNORD121A,0.0
RNU1-80P,0.0
ENSG00000238901,0.0
ENSG00000238902,0.0
RNU7-34P,0.0
ENSG00000238906,0.0
RNA5SP484,0.0
Y_RNA,0.0
RNU7-196P,0.0
SNORD10,0.0
RNU7-1,0.0
RNU7-82P,0.0
Y_RNA,0.0
Y_RNA,0.0
ENSG00000238934,0.0
SNORD65B,0.0
RNU6-953P,0.0
SNORD2,0.0
Y_RNA,0.0
RNU7-66P,0.0
RNU7-173P,0.0
RNU7-19P,0.0
SNORA47,0.0
RNU7-176P,0.0
U8,0.0
RNU7-125P,0.0
RNA5SP351,0.0
ENSG00000238966,0.0
RNU7-133P,0.0
RNU7-187P,0.0
RNU6-420P,0.0
SCARNA10,0.0
RNU7-88P,0.0
ENSG00000239005,0.0
RNU7-95P,0.0
ENSG00000239008,0.0
RNU7-74P,0.0
SNORD108,0.0
RNA5SP246,0.0
RNU1-98P,0.0
RNU6-956P,0.0
SNORD13D,0.0
SNORD13,0.0
Y_RNA,0.0
ENSG00000239041,0.0
SNORD127,0.0
RNU7-138P,0.0
MIR500B,0.0
Y_RNA,0.0
RNU6-274P,0.0
RNU7-55P,0.0
ENSG00000239079,0.0
ENSG00000239080,0.0
RNU7-24P,0.0
RNU7-170P,0.0
ENSG00000239093,0.0
ENSG00000239096,0.0
RNU7-23P,0.0
RNU7-185P,0.0
RNU7-73P,0.0
Y_RNA,0.0
RNU6-1132P,0.0
SNORD123,0.0
RNU7-67P,0.0
MIR1972-2,0.0
RNU7-119P,0.0
RNU2-11P,0.0
SNORD125,0.0
SNORD13P3,0.0
ENSG00000239129,0.0
ENSG00000239137,0.0
U8,0.0
Y_RNA,0.0
U8,0.0
SNORA59A,0.0
RNU7-195P,0.0
RNA5SP310,0.0
ENSG00000239153,0.0
RNU7-197P,0.0
SNORD109B,0.0
RNU6-1218P,0.0
Y_RNA,0.0
ENSG00000239182,0.0
SNORA84,0.0
RNA5SP269,0.0
RNU7-190P,0.0
RNU6-634P,0.0
RNU6-717P,0.0
RNU1-123P,0.0
SNORD5,0.0
ENSG00000239197,0.0
RPL5P22,0.0
RPL21P6,0.0
RPL22P20,0.0
RPL21P106,0.0
RN7SL499P,0.0
ENSG00000239203,0.0
GAPDHP39,0.0
RPS26P55,0.0
RN7SL563P,0.0
RPL6P7,0.0
RPL27P12,0.0
RPS20P22,0.0
RN7SL442P,0.0
RPL34P31,0.0
RN7SL546P,0.0
MRPS17P3,0.0
ENSG00000239227,0.0
RN7SL578P,0.0
MEMO1P3,0.0
ENSG00000239246,0.0
RN7SL589P,0.0
RN7SL757P,0.0
RN7SL271P,0.0
RPS4XP23,0.0
MSL3P2,0.0
RPL29P34,0.0
RPL35AP35,0.0
RPL23AP1,0.0
RPL31P41,0.0
RBM43P1,0.0
RPSAP4,0.0
RPL21P10,0.0
RN7SL184P,0.0
DBTP1,0.0
RPS29P2,0.0
BRD7P7,0.0
ENSG00000239291,0.0
OR9P1P,0.0
DNM1P48,0.0
RPL19P13,0.0
RN7SL11P,0.0
RPL35AP17,0.0
RN7SL854P,0.0
RPS29P26,0.0
ENSG00000239323,0.0
ENSG00000239327,0.0
RN7SL658P,0.0
ENSG00000239344,0.0
HNRNPA1P26,0.0
CCDC137P2,0.0
NPM1P29,0.0
RPS17P15,0.0
RN7SL309P,0.0
RPS26P49,0.0
RN7SL477P,0.0
ENSG00000239374,0.0
VPS51P4,0.0
RN7SL87P,0.0
ENSG00000239392,0.0
ENSG00000239393,0.0
RN7SL414P,0.0
RPL13AP21,0.0
RN7SL342P,0.0
CYP4F62P,0.0
TMED10P2,0.0
ENSG00000239408,0.0
RPL21P71,0.0
RPS27P23,0.0
RN7SL535P,0.0
OR8F1P,0.0
GM2AP2,0.0
VPS51P6,0.0
KCNMB3P1,0.0
RN7SL752P,0.0
RPS26P48,0.0
RFKP2,0.0
PABPC1P10,0.0
PTPN11P1,0.0
RN7SL691P,0.0
RPL21P15,0.0
RN7SL552P,0.0
RN7SL569P,0.0
RPL21P97,0.0
RN7SL584P,0.0
RN7SL221P,0.0
RPL7P38,0.0
RPS3AP41,0.0
RPS15AP16,0.0
ENSG00000239486,0.0
RPS4XP18,0.0
RN7SL333P,0.0
MARK2P8,0.0
RN7SL583P,0.0
RPL9P5,0.0
FLYWCH1P1,0.0
ENSG00000239517,0.0
RPL32P34,0.0
RPL30P5,0.0
RPS23P7,0.0
RPS14P8,0.0
RPL21P45,0.0
GOLGA2P2Y,0.0
HMGN1P20,0.0
RN7SL399P,0.0
ENSG00000239544,0.0
RN7SL822P,0.0
RN7SL843P,0.0
RN7SL12P,0.0
RN7SL841P,0.0
UPK3BL3P,0.0
PPP2R5CP,0.0
RPL37P2,0.0
RN7SL479P,0.0
MTCO3P47,0.0
SETP11,0.0
COX6CP14,0.0
RN7SL388P,0.0
RN7SL325P,0.0
RN7SL675P,0.0
MTND1P16,0.0
RN7SL79P,0.0
ENSG00000239600,0.0
RPL35AP16,0.0
RN7SL573P,0.0
HMGN1P7,0.0
ENSG00000239615,0.0
RPL32P27,0.0
ENSG00000239622,0.0
RN7SL241P,0.0
RPSAP41,0.0
RPL12P20,0.0
MTND4LP3,0.0
RN7SL62P,0.0
MTND1P3,0.0
MYADML,0.0
GUSBP4,0.0
RPL9P31,0.0
ENSG00000239670,0.0
ENSG00000239671,0.0
RN7SL193P,0.0
RPL7AP67,0.0
PTGER4P3,0.0
ENSG00000239686,0.0
RPL17P46,0.0
RN7SL668P,0.0
RPSAP38,0.0
ENSG00000239696,0.0
HNRNPA3P8,0.0
ENSG00000239701,0.0
RN7SL507P,0.0
RN7SL568P,0.0
CRADDP1,0.0
RN7SL782P,0.0
RN7SL692P,0.0
ENSG00000239719,0.0
IMP3P2,0.0
RN7SL688P,0.0
RN7SL825P,0.0
CEACAMP3,0.0
RN7SL672P,0.0
RN7SL63P,0.0
RN7SL790P,0.0
RN7SL795P,0.0
RPL21P118,0.0
RPLP0P11,0.0
RPL27AP9,0.0
CDRT15P5,0.0
ENSG00000239793,0.0
RN7SL653P,0.0
RPL21P39,0.0
RPS24P9,0.0
PSMG3P2,0.0
RN7SL255P,0.0
ENSG00000239809,0.0
RN7SL213P,0.0
RN7SL513P,0.0
RN7SL754P,0.0
Y_RNA,0.0
RN7SL549P,0.0
SUGT1P3,0.0
KRT8P25,0.0
RPS4XP22,0.0
RNF7P1,0.0
PARLP1,0.0
RPL23AP72,0.0
RN7SL225P,0.0
RPL21P96,0.0
RN7SL34P,0.0
RPL21P55,0.0
RPL35AP19,0.0
GAPDHP27,0.0
RALBP1P1,0.0
RPS27P25,0.0
PARGP1,0.0
RN7SL608P,0.0
RN7SL792P,0.0
ZNF736P9Y,0.0
RN7SL674P,0.0
RN7SL75P,0.0
RN7SL530P,0.0
RPL39P36,0.0
RPS10P16,0.0
SNRPGP3,0.0
RN7SL864P,0.0
RPL29P22,0.0
PRDX3P4,0.0
RN7SL606P,0.0
RPSAP34,0.0
RN7SL394P,0.0
RN7SL368P,0.0
RN7SL273P,0.0
RN7SL51P,0.0
ENPP7P2,0.0
RN7SL748P,0.0
OR2A41P,0.0
ENSG00000239969,0.0
OR7E53P,0.0
OR2A15P,0.0
RPL31P31,0.0
RN7SL420P,0.0
ENSG00000239985,0.0
ENSG00000239986,0.0
RPL31P60,0.0
ENSG00000239989,0.0
TPT1P11,0.0
FCF1P3,0.0
YBX1P3,0.0
RPL7P24,0.0
RN7SL254P,0.0
RPLP0P3,0.0
SNHG33,0.0
RPS27P24,0.0
OR9A3P,0.0
MTND6P6,0.0
ENSG00000240036,0.0
RPS27P26,0.0
RPS3AP32,0.0
DDX50P2,0.0
RPL23AP10,0.0
ENSG00000240052,0.0
ARGFXP1,0.0
RPL21P42,0.0
GPAA1P1,0.0
RPL9P30,0.0
RPS3AP22,0.0
MTND4LP10,0.0
RPSAP12,0.0
BMS1P3,0.0
ENSG00000240096,0.0
MTERF1P1,0.0
RN7SL351P,0.0
RPL36P15,0.0
ENSG00000240103,0.0
RN7SL146P,0.0
SSX2IPP1,0.0
NCOR1P1,0.0
RN7SL303P,0.0
RPS27P20,0.0
FABP5P11,0.0
RPL23AP75,0.0
KRT18P43,0.0
ENSG00000240131,0.0
ETF1P2,0.0
PSMD12P1,0.0
EEF1GP4,0.0
RN7SL826P,0.0
COX6CP6,0.0
RPL6P16,0.0
RN7SL263P,0.0
RPL36AP44,0.0
RPS7P7,0.0
RN7SL771P,0.0
ENSG00000240174,0.0
RPL26P3,0.0
RPL12P28,0.0
RN7SL297P,0.0
RN7SL633P,0.0
RN7SL621P,0.0
CYMP,0.0
ENSG00000240197,0.0
RN7SL520P,0.0
ENSG00000240201,0.0
RN7SL223P,0.0
RN7SL567P,0.0
RN7SL865P,0.0
RPL7AP5,0.0
CPHL1P,0.0
ZNF542P,0.0
RPS27P29,0.0
RN7SL587P,0.0
RN7SL794P,0.0
HNRNPA1P23,0.0
RPL21P78,0.0
RPL21P117,0.0
GAPDHP33,0.0
RPL32P8,0.0
RN7SL541P,0.0
FAR2P3,0.0
PSMC1P6,0.0
H1-8P1,0.0
MOXD2P,0.0
RPL12P37,0.0
RPL29P18,0.0
TCAM1P,0.0
ENSG00000240281,0.0
MEAF6P1,0.0
RN7SKP241,0.0
ENSG00000240296,0.0
RPL36AP40,0.0
RN7SL187P,0.0
RN7SL717P,0.0
RPL6P26,0.0
RN7SL100P,0.0
MTCO1P6,0.0
ENSG00000240311,0.0
RN7SL764P,0.0
RPS29P27,0.0
RN7SL481P,0.0
RN7SL93P,0.0
ENSG00000240328,0.0
ENSG00000240338,0.0
RPS2P5,0.0
RN7SL35P,0.0
RPL23AP7,0.0
UBL5P3,0.0
OR4G11P,0.0
RPL31P59,0.0
RPL36AP45,0.0
RPL13P5,0.0
RPS4XP13,0.0
RN7SL503P,0.0
VPS26AP1,0.0
ENSG00000240376,0.0
RPS29P20,0.0
ENSG00000240388,0.0
RPL9P3,0.0
DRG1P2,0.0
RPL5P23,0.0
ENSG00000240399,0.0
ENSG00000240404,0.0
MTATP8P1,0.0
RPL5P16,0.0
RPL5P15,0.0
CYCSP20,0.0
ENSG00000240418,0.0
ENSG00000240419,0.0
ENSG00000240424,0.0
RPL36AP18,0.0
RPS26P34,0.0
LRRFIP1P1,0.0
RPS12P27,0.0
RPL35AP14,0.0
OFD1P5Y,0.0
RN7SL91P,0.0
RPL17P38,0.0
RPS10P20,0.0
MTCO1P29,0.0
RPL39P26,0.0
RN7SL472P,0.0
ENSG00000240458,0.0
ENSG00000240459,0.0
RPS19P3,0.0
RN7SL346P,0.0
PHB1P8,0.0
RN7SL116P,0.0
EIF3JP2,0.0
RPL29P2,0.0
RN7SL38P,0.0
RPL31P6,0.0
RPL23AP54,0.0
ATOSBP1,0.0
SETP14,0.0
RN7SL277P,0.0
RPS12P28,0.0
RN7SL837P,0.0
RPL34P18,0.0
MED28P2,0.0
ENSG00000240513,0.0
RPL36P11,0.0
ENSG00000240519,0.0
UOX,0.0
RPL7AP10,0.0
RPL21P123,0.0
RN7SL69P,0.0
RPL34P17,0.0
RPL3P9,0.0
RN7SL492P,0.0
RPL7AP58,0.0
ENSG00000240566,0.0
LCORLP1,0.0
ARHGEF28P1,0.0
RN7SL445P,0.0
ENSG00000240579,0.0
RN7SL547P,0.0
RN7SL258P,0.0
RPSAP48,0.0
RPL9P15,0.0
AADACP1,0.0
RN7SL564P,0.0
RPL6P15,0.0
RN7SL98P,0.0
RPS6P25,0.0
OR2AO1P,0.0
RPL7P15,0.0
RPL17P4,0.0
RN7SL403P,0.0
RN7SL150P,0.0
ENSG00000240627,0.0
RPL30P12,0.0
SPATA31D5P,0.0
ENSG00000240634,0.0
RN7SL808P,0.0
RN7SL666P,0.0
RN7SL580P,0.0
RN7SL305P,0.0
SEPTIN7P4,0.0
ENSG00000240652,0.0
BTNL12P,0.0
RN7SL310P,0.0
LSP1P2,0.0
NBPF18P,0.0
KRT8P36,0.0
ENSG00000240669,0.0
RPS8P11,0.0
RPL21P51,0.0
MYL6P4,0.0
H4P1,0.0
RN7SL538P,0.0
DNAJC8P2,0.0
RPS2P39,0.0
KLF7P1,0.0
RN7SL860P,0.0
RN7SL851P,0.0
RPS4XP15,0.0
RN7SL382P,0.0
RPS12P15,0.0
RPL21P60,0.0
RN7SL502P,0.0
RPL6P22,0.0
ENSG00000240739,0.0
RN7SL559P,0.0
RABGGTBP1,0.0
RPS12P6,0.0
ERLEC1P1,0.0
HILPDA-AS1,0.0
RPS27P21,0.0
RPL31P56,0.0
ENSG00000240761,0.0
RN7SL288P,0.0
RN7SL776P,0.0
CDK2AP1P1,0.0
ENSG00000240775,0.0
RPS10P4,0.0
RPL36AP21,0.0
NECTIN2P1,0.0
MTND4LP7,0.0
UBA52P8,0.0
MTND2P14,0.0
RN7SL231P,0.0
NPM1P28,0.0
RPL34P24,0.0
CAP1P1,0.0
ENSG00000240813,0.0
RPL9P25,0.0
RN7SL23P,0.0
MTND3P7,0.0
RPL19P7,0.0
RPL21P4,0.0
RN7SL77P,0.0
RPS15P9,0.0
RN7SL497P,0.0
RN7SL328P,0.0
PSMC2P1,0.0
ENSG00000240861,0.0
RN7SL645P,0.0
RN7SL128P,0.0
RPL19P14,0.0
RPS29P22,0.0
ENSG00000240874,0.0
RN7SL521P,0.0
ENSG00000240881,0.0
PTOV1P1,0.0
G2E3P1,0.0
RPL21P125,0.0
APOOP2,0.0
RN7SL798P,0.0
H2BP3,0.0
RPL15P2,0.0
RPL21P79,0.0
RPS20P31,0.0
RN7SL209P,0.0
ENSG00000240934,0.0
PLGLA,0.0
RN7SL554P,0.0
RN7SL591P,0.0
RPL8P3,0.0
MTCO2P6,0.0
RPL4P1,0.0
ST13P14,0.0
ENSG00000240960,0.0
RN7SL415P,0.0
RN7SL751P,0.0
RN7SL681P,0.0
RPL23AP64,0.0
RPS27AP10,0.0
ENSG00000240975,0.0
RN7SL283P,0.0
ENSG00000240983,0.0
RPL23AP67,0.0
RPS23P4,0.0
RN7SL459P,0.0
ENSG00000240995,0.0
RN7SL183P,0.0
RPL32P13,0.0
ENSG00000241003,0.0
SEPTIN7P6,0.0
RPL7AP55,0.0
ENSG00000241011,0.0
GPR199P,0.0
TPM3P9,0.0
RCC2P5,0.0
RPL32P24,0.0
NIPA2P2,0.0
RPL21P77,0.0
RPL29P24,0.0
RN7SL709P,0.0
ENSG00000241035,0.0
RN7SL335P,0.0
RPL7P43,0.0
RPL23AP70,0.0
RASA4EP,0.0
RPL5P1,0.0
RN7SL110P,0.0
RPL17P40,0.0
ENSG00000241069,0.0
RN7SL813P,0.0
RPL22P2,0.0
RN7SL259P,0.0
RPL17P44,0.0
CYP51A1P1,0.0
RPL36AP38,0.0
ENSG00000241102,0.0
RPL35AP11,0.0
CEACAMP10,0.0
ENSG00000241105,0.0
RPL29P14,0.0
ENSG00000241114,0.0
HMGN1P8,0.0
RPL22P19,0.0
RPL32P30,0.0
BET1P1,0.0
PAICSP6,0.0
RPL32P9,0.0
RN7SL728P,0.0
RPL7P41,0.0
RN7SL720P,0.0
RN7SL582P,0.0
RPL32P32,0.0
RN7SL160P,0.0
RN7SL617P,0.0
RPL31P46,0.0
RN7SL70P,0.0
RN7SL570P,0.0
RN7SL494P,0.0
ENSG00000241179,0.0
ENSG00000241183,0.0
RPL21P122,0.0
RPL21P57,0.0
RN7SL165P,0.0
RN7SL191P,0.0
ZNF736P7Y,0.0
HMGN2P26,0.0
ENSG00000241204,0.0
SSX18P,0.0
SNAPC5P1,0.0
RN7SL809P,0.0
CSP2,0.0
MTND4LP17,0.0
RN7SL39P,0.0
NMTRS-TGA3-1,0.0
RN7SL836P,0.0
RN7SL553P,0.0
RPL12P31,0.0
RN7SL443P,0.0
RN7SL801P,0.0
RN7SL629P,0.0
RN7SL302P,0.0
RN7SL727P,0.0
RPL17P20,0.0
ENSG00000241251,0.0
ENSG00000241255,0.0
ENSG00000241257,0.0
RPL17P19,0.0
ENPP7P4,0.0
RPL31P26,0.0
RPL34P33,0.0
RPL29P25,0.0
RN7SL791P,0.0
PPATP1,0.0
ACTG1P13,0.0
RPL7AP24,0.0
WDR82P2,0.0
SETP6,0.0
RN7SL385P,0.0
RPL35AP33,0.0
RPL21P47,0.0
SNRPCP11,0.0
RN7SL466P,0.0
PMS2P11,0.0
ENSG00000241352,0.0
PPP1R2P4,0.0
ENSG00000241354,0.0
OR5G3,0.0
ENSG00000241358,0.0
SLC25A24P1,0.0
RPL36AP43,0.0
RPL7AP23,0.0
ENSG00000241385,0.0
RN7SL234P,0.0
RN7SL205P,0.0
RN7SL344P,0.0
RPL31P21,0.0
RN7SL515P,0.0
ENSG00000241411,0.0
RN7SL441P,0.0
KRT8P13,0.0
MCRIP2P1,0.0
RN7SL505P,0.0
RPL21P103,0.0
EEF1A1P25,0.0
RPL37P6,0.0
ENSG00000241434,0.0
CRIPTOP6,0.0
FBRSL1P1,0.0
RPS27P22,0.0
RPL7P19,0.0
RN7SL182P,0.0
ENSG00000241462,0.0
RPL39P38,0.0
ACTBP16,0.0
HSPA8P9,0.0
RN7SL586P,0.0
ENSG00000241493,0.0
ENSG00000241494,0.0
RPL36AP4,0.0
PSMC1P1,0.0
RPS15AP24,0.0
RN7SL632P,0.0
ENSG00000241526,0.0
CA15P1,0.0
RN7SL767P,0.0
AGGF1P3,0.0
CBX5P1,0.0
U2SURPP1,0.0
ENSG00000241539,0.0
RN7SL369P,0.0
RFKP3,0.0
ACTG1P20,0.0
GUSBP2,0.0
RN7SL41P,0.0
RN7SL58P,0.0
RPL29P26,0.0
RPL7P5,0.0
RN7SL338P,0.0
ATP5F1AP7,0.0
ENSG00000241573,0.0
RPL23AP8,0.0
RN7SL482P,0.0
RN7SL484P,0.0
RPL17P37,0.0
ENSG00000241592,0.0
ENSG00000241597,0.0
RN7SL340P,0.0
FTH1P28,0.0
RPL21P46,0.0
RN7SL618P,0.0
GOLGA2P6,0.0
RARRES2P1,0.0
RN7SL18P,0.0
UBQLN4P1,0.0
RN7SL316P,0.0
RPL13P8,0.0
RPL21P113,0.0
RPS23P6,0.0
RPL15P8,0.0
RN7SL253P,0.0
RPL19P18,0.0
UBA52P7,0.0
PPP1R2P6,0.0
RN7SL418P,0.0
RPL19P11,0.0
KIAA1328P1,0.0
RPS27P12,0.0
RPL21P94,0.0
RPL31P49,0.0
RN7SL704P,0.0
GM2AP1,0.0
RN7SL265P,0.0
VWFP1,0.0
SUMO1P1,0.0
RPL36AP23,0.0
RPL15P6,0.0
FABP5P3,0.0
ZNF90P1,0.0
RPL21P56,0.0
RPL7AP30,0.0
ENSG00000241744,0.0
RN7SL788P,0.0
RPL13AP18,0.0
RPSAP52,0.0
RN7SL83P,0.0
RN7SL714P,0.0
RPS26P45,0.0
TMEM183AP5,0.0
ENSG00000241777,0.0
RPL21P95,0.0
RN7SL390P,0.0
MTND4P16,0.0
COX6B1P2,0.0
RN7SL504P,0.0
ENO1P4,0.0
RN7SL817P,0.0
SNRPB2P1,0.0
RN7SL319P,0.0
RPS15AP34,0.0
RPL17P21,0.0
HMGN2P13,0.0
RBBP4P7,0.0
RN7SL170P,0.0
RPL7P42,0.0
ENSG00000241828,0.0
RPL21P54,0.0
RN7SL149P,0.0
ENSG00000241838,0.0
ENSG00000241846,0.0
RPL31P24,0.0
ANOS2P,0.0
GAPDHP50,0.0
RN7SL401P,0.0
RN7SL434P,0.0
RN7SL363P,0.0
ENSG00000241870,0.0
TOMM22P6,0.0
ENSG00000241877,0.0
KLF3P2,0.0
RPSAP37,0.0
CTDNEP1P1,0.0
RPL13P4,0.0
RPL9P6,0.0
TPT1P3,0.0
NDUFS6P1,0.0
RPS20P4,0.0
RPS29P21,0.0
ENSG00000241917,0.0
RPL14P3,0.0
MTCO1P55,0.0
WDR70P1,0.0
RPL35AP34,0.0
RN7SL517P,0.0
RPL32P26,0.0
RPS20P20,0.0
RN7SL188P,0.0
PSMG3P1,0.0
HNRNPA1P24,0.0
RPL29P23,0.0
RN7SL76P,0.0
RPL17P31,0.0
RN7SL655P,0.0
RN7SL135P,0.0
RPS2P25,0.0
ELOCP19,0.0
RPL21P49,0.0
RN7SL566P,0.0
RPL7AP2,0.0
ENSG00000241991,0.0
RN7SL831P,0.0
RPL38P1,0.0
RN7SL323P,0.0
MYLKP2,0.0
RN7SL26P,0.0
ALG1L15P,0.0
RN7SL68P,0.0
ENSG00000242034,0.0
CYCSP56,0.0
RPL35AP28,0.0
RPL10P7,0.0
RPS4XP19,0.0
RPS3AP49,0.0
ENSG00000242061,0.0
MARK2P6,0.0
RN7SL291P,0.0
RN7SL214P,0.0
RPL9P28,0.0
RNF13P1,0.0
NPM1P17,0.0
RPL7AP6,0.0
ENSG00000242073,0.0
RN7SL318P,0.0
RPL36AP20,0.0
RPL7AP31,0.0
RPS20P33,0.0
RPL36AP41,0.0
RPS27P2,0.0
ENSG00000242097,0.0
RPL9P32,0.0
RN7SL416P,0.0
RN7SL152P,0.0
ARPC1AP1,0.0
NPM1P23,0.0
TOPORSLP,0.0
RN7SL124P,0.0
RN7SL201P,0.0
ENSG00000242119,0.0
RN7SL267P,0.0
RPL36AP47,0.0
RPL5P13,0.0
RPL17P2,0.0
RPL11P5,0.0
MATR3P2,0.0
SERBP1P3,0.0
DYNLL1P5,0.0
ENSG00000242152,0.0
OFD1P6Y,0.0
ENSG00000242156,0.0
RN7SL361P,0.0
ABCF2P1,0.0
ENSG00000242162,0.0
ENSG00000242163,0.0
RN7SL222P,0.0
RPL7AP27,0.0
RN7SL329P,0.0
RN7SL127P,0.0
RPL39P31,0.0
MTND4P17,0.0
RN7SL745P,0.0
CRYZL2P,0.0
SRRM1P2,0.0
ENSG00000242197,0.0
ENSG00000242198,0.0
RPS26P22,0.0
RN7SL215P,0.0
RPS26P35,0.0
RPL5P29,0.0
RPL32P12,0.0
MTND3P6,0.0
RN7SL97P,0.0
SDHBP1,0.0
RPS3AP14,0.0
RN7SL594P,0.0
RN7SL306P,0.0
ATP5MC1P3,0.0
ENSG00000242246,0.0
RPL7AP57,0.0
RN7SL20P,0.0
RPL39P34,0.0
RN7SL57P,0.0
ENSG00000242261,0.0
RPL15P7,0.0
RN7SL456P,0.0
SKINT1L,0.0
AK2P2,0.0
RPL5P3,0.0
RPS3AP48,0.0
RPL7AP54,0.0
SLC16A1P1,0.0
RN7SL159P,0.0
RPL6P8,0.0
BMS1P4-AGAP5,0.0
RPL36AP51,0.0
ENSG00000242292,0.0
RPS29P1,0.0
STAG3L5P,0.0
ENSG00000242295,0.0
DEFB109A,0.0
RPS18P5,0.0
RPS26P52,0.0
MAT2AP1,0.0
RPL12P32,0.0
RN7SL685P,0.0
RPL21P48,0.0
RPL21P126,0.0
RPL23AP40,0.0
ENSG00000242324,0.0
RPS12P31,0.0
MCUR1P2,0.0
ENSG00000242327,0.0
ENSG00000242329,0.0
RN7SL683P,0.0
INHCAP,0.0
BMS1P4,0.0
RN7SL646P,0.0
RN7SL561P,0.0
FAM91A3P,0.0
RPL12P30,0.0
RPS21P4,0.0
RN7SL272P,0.0
PRDX5P1,0.0
NDUFA5P5,0.0
RN7SL741P,0.0
H2AC3P,0.0
RPL6P9,0.0
ENSG00000242393,0.0
RN7SL800P,0.0
RPS20P23,0.0
RPL21P100,0.0
ENSG00000242411,0.0
DBIL5P2,0.0
RPL18P1,0.0
RPL12P36,0.0
RN7SL274P,0.0
RPL21P52,0.0
UPK3BP1,0.0
RN7SL789P,0.0
ENSG00000242439,0.0
ENSG00000242444,0.0
RPL7AP11,0.0
MTCO3P38,0.0
RBBP4P2,0.0
RPS15AP32,0.0
KIR2DP1,0.0
ENSG00000242477,0.0
EIF2AK1P1,0.0
RN7SL392P,0.0
RN7SL293P,0.0
ENSG00000242488,0.0
RN7SL37P,0.0
ENSG00000242507,0.0
RN7SL156P,0.0
NDUFB4P1,0.0
MAGEA5P,0.0
OR2U2P,0.0
OR7E100P,0.0
ENSG00000242527,0.0
AHCYP8,0.0
ENSG00000242531,0.0
MRE11P1,0.0
RN7SL169P,0.0
POU5F1P6,0.0
MRPL42P4,0.0
RN7SL144P,0.0
RN7SL797P,0.0
ATP5MGP5,0.0
DCAF13P1,0.0
RN7SL372P,0.0
RPL21P11,0.0
ACTR3P3,0.0
TUBAP13,0.0
KMT5AP3,0.0
HYDINP1,0.0
ENSG00000242588,0.0
RPL26P26,0.0
MED28P8,0.0
CSAG4,0.0
MBL1P,0.0
RPL35AP13,0.0
RPS3AP34,0.0
RPS23P5,0.0
CCDC137P1,0.0
OR5BH1P,0.0
PPDPFP1,0.0
RN7SL164P,0.0
RPL17P47,0.0
RPS24P16,0.0
RPS14P7,0.0
RPL21P129,0.0
RN7SL294P,0.0
RPS29P11,0.0
RN7SL292P,0.0
RN7SL862P,0.0
RN7SL132P,0.0
RPL32P14,0.0
RN7SL581P,0.0
ENSG00000242660,0.0
RPS3AP43,0.0
ENSG00000242667,0.0
RN7SL317P,0.0
RPL22P13,0.0
RN7SL167P,0.0
RPS16P9,0.0
RPL12P21,0.0
RN7SL304P,0.0
RPS27AP1,0.0
RN7SL40P,0.0
RPL5P12,0.0
RN7SL516P,0.0
CCT4P1,0.0
ICE2P2,0.0
RPS27AP9,0.0
RN7SL362P,0.0
RPL30P9,0.0
RN7SL806P,0.0
ENSG00000242727,0.0
UQCRHP4,0.0
ENSG00000242729,0.0
FAM86LP,0.0
RPSAP26,0.0
ENSG00000242737,0.0
RPL21P14,0.0
RPL23AP81,0.0
NMTRQ-TTG12-1,0.0
RHOT1P3,0.0
ENSG00000242757,0.0
RN7SL824P,0.0
RPL31P25,0.0
RN7SL432P,0.0
ZNF702P,0.0
ENSG00000242793,0.0
RN7SL299P,0.0
RPL26P31,0.0
MRPL42P6,0.0
RN7SL229P,0.0
ENSG00000242814,0.0
RN7SL846P,0.0
RPS26P21,0.0
RPL7AP56,0.0
MTCO3P35,0.0
RPL21P13,0.0
KRT8P35,0.0
ALDOAP1,0.0
RPL23AP68,0.0
RN7SL749P,0.0
DNM1P24,0.0
RN7SL496P,0.0
VN1R105P,0.0
RPL13AP14,0.0
RN7SL180P,0.0
RN7SL677P,0.0
RN7SL244P,0.0
RN7SL812P,0.0
RPL5P11,0.0
ENSG00000242888,0.0
RN7SL449P,0.0
RN7SL413P,0.0
RN7SL634P,0.0
RPL7P16,0.0
ENSG00000242911,0.0
RN7SL384P,0.0
SNRPGP7,0.0
RPL21P104,0.0
RN7SL868P,0.0
RPL7P49,0.0
RPL30P6,0.0
RPL12P7,0.0
NKAIN1P1,0.0
RPL29P32,0.0
EPS15P1,0.0
ENSG00000242951,0.0
RPSAP3,0.0
ENSG00000242953,0.0
RPL36AP32,0.0
FTH1P23,0.0
ENSG00000242963,0.0
SULT1D1P2,0.0
ENSG00000242970,0.0
RN7SL233P,0.0
RN7SL177P,0.0
PPIAP83,0.0
RPS15AP18,0.0
CABYRP1,0.0
RN7SL50P,0.0
RPL21P99,0.0
RN7SL332P,0.0
RPL13AP23,0.0
RPL7P40,0.0
FTH1P4,0.0
RPL32P25,0.0
RPL36AP1,0.0
RN7SL379P,0.0
RN7SL239P,0.0
RN7SL16P,0.0
RPL12P35,0.0
ENSG00000243008,0.0
RN7SL266P,0.0
PTMAP8,0.0
RN7SL737P,0.0
PRR23E2P,0.0
RPL7P39,0.0
MARK3P3,0.0
UBA52P3,0.0
ENSG00000243024,0.0
MTAPP1,0.0
RN7SL354P,0.0
RN7SL635P,0.0
GAPDHP47,0.0
RN7SL810P,0.0
ENSG00000243038,0.0
RBMY2FP,0.0
ENSG00000243044,0.0
FTHL18P,0.0
RN7SL33P,0.0
RPL30P10,0.0
RN7SL269P,0.0
RPL31P58,0.0
RPL39P33,0.0
RN7SL400P,0.0
ABCC13,0.0
RN7SL842P,0.0
RPL21P98,0.0
YTHDF3P1,0.0
RN7SL519P,0.0
ENSG00000243085,0.0
RPL32P2,0.0
RPL3P10,0.0
RPL17P27,0.0
RPS3P7,0.0
RN7SL452P,0.0
MTND4LP14,0.0
RN7SL849P,0.0
C9orf78P1,0.0
ENSG00000243122,0.0
RN7SL643P,0.0
RN7SL807P,0.0
ENSG00000243129,0.0
RN7SL22P,0.0
RPL23AP66,0.0
SYPL1P1,0.0
RPL7AP32,0.0
RPL31P48,0.0
RFKP6,0.0
RPS10P28,0.0
ENSG00000243171,0.0
RN7SL861P,0.0
RPSAP36,0.0
RPL21P80,0.0
HNRNPA1P17,0.0
TUBBP11,0.0
RPL6P10,0.0
ENSG00000243225,0.0
RN7SL55P,0.0
ENSG00000243234,0.0
GSTA9P,0.0
RPS6P16,0.0
RN7SL350P,0.0
RPL30P14,0.0
MTCO2P29,0.0
RN7SL558P,0.0
RPL23AP55,0.0
RN7SL614P,0.0
RN7SL571P,0.0
RPL36AP19,0.0
RPS17P14,0.0
AGAP13P,0.0
RPL31P61,0.0
ENSG00000243302,0.0
ENSG00000243303,0.0
ENSG00000243304,0.0
POM121L6P,0.0
RPL6P13,0.0
RN7SL285P,0.0
RPS12P7,0.0
GUCY2GP,0.0
PTPRVP,0.0
ENSG00000243328,0.0
RN7SL174P,0.0
RN7SL307P,0.0
RN7SL738P,0.0
RN7SL601P,0.0
ENSG00000243349,0.0
RN7SL8P,0.0
RPS29P19,0.0
RPS27P28,0.0
RN7SL815P,0.0
RN7SL278P,0.0
RN7SL60P,0.0
RN7SL775P,0.0
RN7SL173P,0.0
RN7SL72P,0.0
PLA2G10P1,0.0
RN7SL89P,0.0
ENSG00000243385,0.0
RPL3P3,0.0
RPL32P7,0.0
RN7SL141P,0.0
RPL15P12,0.0
ENSG00000243403,0.0
RPL35AP32,0.0
MRPS31P5,0.0
RPS3AP18,0.0
RN7SL734P,0.0
RPL23AP49,0.0
ENSG00000243423,0.0
RN7SL107P,0.0
RN7SL454P,0.0
OR7E29P,0.0
RPL5P30,0.0
RN7SL370P,0.0
LARP1BP2,0.0
RN7SL352P,0.0
ENSG00000243445,0.0
RN7SL284P,0.0
RPS18P13,0.0
INGX,0.0
RPL7P51,0.0
AOX2P,0.0
DNAJB1P2,0.0
RN7SL337P,0.0
RPL36AP50,0.0
GMFBP1,0.0
UBA52P5,0.0
RPS6P21,0.0
ENSG00000243503,0.0
RPS23P1,0.0
RN7SL240P,0.0
ENSG00000243507,0.0
DNAJB6P7,0.0
RN7SL111P,0.0
RPL32P33,0.0
RPL12P40,0.0
RPL13AP22,0.0
DTWD1P2,0.0
RPL5P33,0.0
EVA1CP3,0.0
RN7SL19P,0.0
RPL32P20,0.0
RPS26P28,0.0
RN7SL649P,0.0
RN7SL104P,0.0
RN7SL172P,0.0
RN7SL108P,0.0
HNRNPKP4,0.0
RN7SL101P,0.0
RN7SL705P,0.0
CCZ1P1,0.0
RN7SL364P,0.0
RN7SL838P,0.0
RPL21P115,0.0
RPS29P25,0.0
PRICKLE1P1,0.0
RN7SL282P,0.0
RPL17P22,0.0
PLSCR4P1,0.0
RPL12P24,0.0
RPL35AP26,0.0
RPS2P44,0.0
ENSG00000243621,0.0
RN7SL542P,0.0
EZRP1,0.0
OR13C7,0.0
RN7SL526P,0.0
TSPY20P,0.0
ENSG00000243648,0.0
RN7SL834P,0.0
MTND5P16,0.0
ENSG00000243659,0.0
WBP1LP1,0.0
RPS4XP14,0.0
RPS29P12,0.0
RPL34P23,0.0
RN7SL761P,0.0
RPS3AP40,0.0
OR7E66P,0.0
RPL35AP9,0.0
ENSG00000243679,0.0
RPL37P23,0.0
RPLP1P11,0.0
RPL35AP10,0.0
ENSG00000243695,0.0
RPL7AP63,0.0
RN7SL598P,0.0
RN7SL638P,0.0
RN7SL105P,0.0
ENSG00000243705,0.0
RPL21P116,0.0
RPL21P127,0.0
RPL23AP63,0.0
RN7SL393P,0.0
RPL29P3,0.0
RN7SL181P,0.0
RPLP0P2,0.0
RPL29P13,0.0
EEF1A1P10,0.0
HLA-L,0.0
RPL35AP15,0.0
ST13P15,0.0
RPL32P4,0.0
RN7SL65P,0.0
RPL21P130,0.0
OSTCP1,0.0
ENSG00000243777,0.0
RPL36AP49,0.0
RPL21P114,0.0
ENSG00000243781,0.0
RN7SL78P,0.0
OR7E89P,0.0
SNRPCP10,0.0
RN7SL461P,0.0
ENSG00000243802,0.0
RPL7P18,0.0
ENSG00000243813,0.0
RN7SL189P,0.0
RPS25P5,0.0
RPL12P6,0.0
ENSG00000243828,0.0
ENSG00000243829,0.0
RPL15P17,0.0
ENSG00000243831,0.0
PSMC1P7,0.0
RPL17P33,0.0
RN7SL30P,0.0
RN7SL610P,0.0
ALDH7A1P3,0.0
RN7SL67P,0.0
RPL12P5,0.0
RN7SL551P,0.0
RPL5P17,0.0
RPS3AP50,0.0
RN7SL236P,0.0
RN7SL487P,0.0
RN7SL464P,0.0
HMGB1P36,0.0
HMGB1P38,0.0
RN7SL419P,0.0
MTCH2P1,0.0
RPS3AP16,0.0
RN7SL320P,0.0
RPSAP5,0.0
RN7SL679P,0.0
RN7SL430P,0.0
RPL5P14,0.0
THAP12P2,0.0
ENSG00000243916,0.0
EIF4BP8,0.0
RPS26P24,0.0
RPS24P18,0.0
ENSG00000243929,0.0
RPS12P21,0.0
ENSG00000243939,0.0
ZFAND2AP1,0.0
RN7SL308P,0.0
RN7SL743P,0.0
RN7SL647P,0.0
RN7SL684P,0.0
RPL23AP65,0.0
NBPF5P,0.0
RN7SL402P,0.0
PPIEL,0.0
VTI1BP1,0.0
RN7SL523P,0.0
H3P13,0.0
ENSG00000243979,0.0
RN7SL702P,0.0
ENSG00000243981,0.0
ENO1P3,0.0
RPS24P17,0.0
RN7SL447P,0.0
ENSG00000243995,0.0
ENSG00000244000,0.0
RPSAP39,0.0
RN7SL143P,0.0
RPS3AP19,0.0
RN7SL799P,0.0
B3GAT3P1,0.0
RPL35P6,0.0
RPS2P24,0.0
RPL21P53,0.0
LARP7P4,0.0
FAM86DP,0.0
RPS3AP17,0.0
RN7SL228P,0.0
RN7SL424P,0.0
FAM20BP1,0.0
RPS27P27,0.0
RN7SL735P,0.0
RPS18P6,0.0
DEFB109F,0.0
RPL5P24,0.0
RPL13AP2,0.0
RN7SL417P,0.0
RPS2P41,0.0
ENSG00000244061,0.0
ACSL3P1,0.0
MARK2P17,0.0
RN7SL148P,0.0
RPL9P33,0.0
RPS4XP6,0.0
ENSG00000244076,0.0
RN7SL833P,0.0
ENSG00000244081,0.0
ENSG00000244083,0.0
ENSG00000244086,0.0
RPL23AP44,0.0
HMGB1P30,0.0
RN7SL483P,0.0
RPS4XP17,0.0
RPS23P3,0.0
HMGN1P10,0.0
RN7SL659P,0.0
RN7SL250P,0.0
RN7SL508P,0.0
ENSG00000244113,0.0
PDCL3P4,0.0
UBE2Q2P9,0.0
RPSAP51,0.0
RPS12P20,0.0
RN7SL397P,0.0
ATP6V0CP2,0.0
INAVAP1,0.0
ENSG00000244146,0.0
WWP1P1,0.0
CYP4F34P,0.0
EIF4E2P2,0.0
RPS27AP13,0.0
ENSG00000244167,0.0
RN7SL120P,0.0
PBX2P1,0.0
ENSG00000244176,0.0
PPIAP71,0.0
ENSG00000244192,0.0
ENSG00000244193,0.0
RN7SL218P,0.0
PPIAP15,0.0
RN7SL766P,0.0
EIF4EP3,0.0
ZFAND6P1,0.0
RPS4XP10,0.0
RN7SL81P,0.0
OR7E121P,0.0
ILF2P1,0.0
RPL26P35,0.0
RN7SL151P,0.0
CSPG4P2Y,0.0
RN7SL698P,0.0
RPL17P30,0.0
RN7SL604P,0.0
ENSG00000244237,0.0
RPS3AP42,0.0
ENSG00000244245,0.0
ZNF736P8Y,0.0
RPS2P19,0.0
ENSG00000244251,0.0
RPS29P24,0.0
RN7SL130P,0.0
PKD1P1,0.0
RPL15P15,0.0
RN7SL597P,0.0
ENSG00000244266,0.0
RPL34P22,0.0
RPL32P29,0.0
PGBD4P1,0.0
ECEL1P2,0.0
ENSG00000244281,0.0
RPL23AP73,0.0
RPS3AP35,0.0
OR9N1P,0.0
RN7SL740P,0.0
RPS20P21,0.0
RN7SL168P,0.0
RN7SL465P,0.0
AOX3P,0.0
DUXAP10,0.0
RN7SL395P,0.0
RN7SL762P,0.0
ENSG00000244313,0.0
RN7SL36P,0.0
RN7SL252P,0.0
RN7SL814P,0.0
RN7SL845P,0.0
UBA52P9,0.0
ENSG00000244331,0.0
RN7SL687P,0.0
C9orf85P2,0.0
RN7SL398P,0.0
RN7SL145P,0.0
RPL30P7,0.0
RPL7P23,0.0
PFN1P8,0.0
RN7SL423P,0.0
RN7SL636P,0.0
RPS2P45,0.0
SDHDP3,0.0
RN7SL359P,0.0
RN7SL242P,0.0
RPS6P22,0.0
RN7SL330P,0.0
RN7SL869P,0.0
RPL36AP37,0.0
RN7SL251P,0.0
RPS4XP12,0.0
RN7SL314P,0.0
RN7SL216P,0.0
RPL23AP56,0.0
RPL38P3,0.0
RN7SL268P,0.0
RPS3AP31,0.0
SSBL6P,0.0
RPL39P28,0.0
ENSG00000244436,0.0
RPL34P9,0.0
RPL34P21,0.0
SPECC1P2,0.0
ENO1P1,0.0
RPL6P14,0.0
ENSG00000244480,0.0
RPL18P13,0.0
RWDD4P1,0.0
RN7SL623P,0.0
EEF1A1P45,0.0
ENSG00000244510,0.0
RN7SL28P,0.0
RN7SL125P,0.0
KRT18P34,0.0
RN7SL700P,0.0
RPL21P128,0.0
SEPTIN14P2,0.0
RN7SL380P,0.0
RN7SL211P,0.0
ENSG00000244535,0.0
RPS27P13,0.0
RPL35AP29,0.0
RN7SL446P,0.0
ENSG00000244550,0.0
RPL34P29,0.0
ODCP,0.0
ENSG00000244559,0.0
ENSG00000244560,0.0
RLIG1P2,0.0
RPS26P19,0.0
POLR2DP2,0.0
RN7SL654P,0.0
RPS6P4,0.0
RPL30P11,0.0
RPL21P120,0.0
RPL12P33,0.0
ENSG00000244593,0.0
ENSG00000244604,0.0
RN7SL756P,0.0
PSPC1P2,0.0
RN7SL334P,0.0
RPS17P11,0.0
TPTEP2,0.0
ENSG00000244630,0.0
RN7SL863P,0.0
RPLP0P8,0.0
RPS26P43,0.0
RN7SL396P,0.0
XKRYP7,0.0
ENSG00000244652,0.0
UBFD1P1,0.0
ENSG00000244657,0.0
ENSG00000244662,0.0
SNRPCP3,0.0
ENSG00000244669,0.0
RN7SL280P,0.0
RPS3AP15,0.0
RN7SL706P,0.0
MTHFD2P1,0.0
FCGR2C,0.0
RPL10AP1,0.0
RN7SL724P,0.0
EVA1CP5,0.0
CD46P1,0.0
RPLP0P10,0.0
RPL23P10,0.0
RN7SL47P,0.0
RPL29P27,0.0
RPL17P7,0.0
RPS27P14,0.0
NT5C3AP2,0.0
RPSAP29,0.0
ASLP1,0.0
PHF5AP3,0.0
RN7SL870P,0.0
RPL31P23,0.0
RPL35AP27,0.0
RN7SL153P,0.0
RPL15P21,0.0
ENSG00000244756,0.0
MTCYBP18,0.0
IFT122P2,0.0
EEF1A1P4,0.0
SEPTIN7P14,0.0
NUDT16L2P,0.0
SUPT4H1P2,0.0
ENSG00000246575,0.0
SIMC1P1,0.0
SDCBPP2,0.0
MTND4P12,0.0
TUBAP14,0.0
SPCS2P3,0.0
HMGN1P12,0.0
ENSG00000248101,0.0
TARS2P1,0.0
ENSG00000248105,0.0
ENSG00000248106,0.0
PTPN11P5,0.0
ENSG00000248114,0.0
MICOS10P4,0.0
ENSG00000248120,0.0
SMURF2P1,0.0
APOOP4,0.0
RRN3P1,0.0
ENSG00000248126,0.0
ENSG00000248128,0.0
MTND4LP22,0.0
ENSG00000248134,0.0
MTND6P8,0.0
CUL4AP1,0.0
ENSG00000248155,0.0
BTG4P1,0.0
HSPA8P11,0.0
ENSG00000248160,0.0
CHORDC1P3,0.0
ENSG00000248170,0.0
GAPDHP60,0.0
ENSG00000248185,0.0
PFDN1P2,0.0
PES1P1,0.0
ENSG00000248196,0.0
ENSG00000248200,0.0
H3P17,0.0
WDR45P1,0.0
ENSG00000248209,0.0
CICP16,0.0
KCTD9P5,0.0
ENSG00000248229,0.0
KRT8P4,0.0
ENSG00000248234,0.0
ENSG00000248236,0.0
ENSG00000248237,0.0
ENSG00000248249,0.0
PSG10P,0.0
MTND4LP31,0.0
PGAM1P1,0.0
SUMO2P17,0.0
ENSG00000248281,0.0
MTCYBP44,0.0
CCNL2P1,0.0
ENSG00000248286,0.0
SCGB1D5P,0.0
ENSG00000248288,0.0
TNXA,0.0
ENSG00000248293,0.0
DDX43P1,0.0
BNIP3P41,0.0
ENSG00000248305,0.0
ENSG00000248308,0.0
CYP4F27P,0.0
MTND4LP2,0.0
THAP12P9,0.0
NOL8P1,0.0
MTCO3P28,0.0
WHAMMP2,0.0
HMGN1P11,0.0
ENSG00000248337,0.0
PIMREGP4,0.0
ENSG00000248347,0.0
ENSG00000248349,0.0
ENSG00000248350,0.0
HSPD1P18,0.0
ARL2BPP6,0.0
OR7E86P,0.0
POU5F1P7,0.0
UBTD2P1,0.0
ENSG00000248375,0.0
FBLP1,0.0
HMGN1P9,0.0
ENSG00000248387,0.0
FOSL1P1,0.0
TOMM22P4,0.0
ST13P12,0.0
ENSG00000248401,0.0
NACAP6,0.0
ENSG00000248406,0.0
CCDC188BP,0.0
GAPDHP61,0.0
UBL5P1,0.0
ENSG00000248419,0.0
MTATP6P9,0.0
ENSG00000248422,0.0
ENSG00000248423,0.0
OR51K1P,0.0
ENSG00000248426,0.0
HMGB3P16,0.0
RPL23AP94,0.0
OR10J7P,0.0
HNRNPA1P65,0.0
ENSG00000248447,0.0
COX5BP1,0.0
PCDHGB8P,0.0
ENSG00000248452,0.0
RPS17P9,0.0
NENFP3,0.0
ENSG00000248466,0.0
ENSG00000248471,0.0
DDX11L9,0.0
NAIPP3,0.0
ENSG00000248480,0.0
PGAM4P2,0.0
ENSG00000248493,0.0
ASNSP1,0.0
C4orf46P2,0.0
TUBAP10,0.0
OR5H4P,0.0
ENSG00000248521,0.0
SBF1P1,0.0
MTATP6P1,0.0
BCL2L12P1,0.0
NDUFA5P12,0.0
ENSG00000248532,0.0
ENSG00000248542,0.0
NPM1P41,0.0
ANP32CP,0.0
SPOPLP3,0.0
MTND4P8,0.0
ENSG00000248552,0.0
OR52H2P,0.0
METTL5P2,0.0
ENSG00000248560,0.0
ENSG00000248564,0.0
TECRP2,0.0
KRT8P48,0.0
ENSG00000248569,0.0
ADAM20P2,0.0
ENSG00000248577,0.0
NPM1P21,0.0
ENSG00000248583,0.0
ENSG00000248585,0.0
ENSG00000248586,0.0
GLDCP1,0.0
ENSG00000248591,0.0
DSTNP2,0.0
ENSG00000248608,0.0
HSPA8P4,0.0
ENSG00000248611,0.0
ENSG00000248613,0.0
ANKRD49P3,0.0
ENPP7P3,0.0
ENSG00000248621,0.0
ENSG00000248625,0.0
GAPDHP40,0.0
GET1P1,0.0
ENSG00000248635,0.0
ENSG00000248637,0.0
ENSG00000248639,0.0
HNRNPA1P56,0.0
HMGA1P2,0.0
OR10J2P,0.0
ENSG00000248645,0.0
ENSG00000248648,0.0
GCSHP1,0.0
ENSG00000248652,0.0
MTCO3P44,0.0
CARMIL2P1,0.0
SRIP1,0.0
VPS51P13,0.0
RBBP4P6,0.0
BIN2P2,0.0
ENSG00000248687,0.0
ENSG00000248696,0.0
TOX4P1,0.0
ENSG00000248699,0.0
ENSG00000248702,0.0
MTND4P2,0.0
ENSG00000248705,0.0
THUMPD3P1,0.0
ENSG00000248715,0.0
ENSG00000248716,0.0
RFPL4AP5,0.0
AK3P4,0.0
ENSG00000248725,0.0
MTCO1P30,0.0
R3HDM2P1,0.0
ENSG00000248739,0.0
NMNAT1P4,0.0
MTND5P9,0.0
ENSG00000248750,0.0
ENSG00000248755,0.0
TMEM69P2,0.0
ENSG00000248763,0.0
MTCYBP37,0.0
ENSG00000248766,0.0
ENSG00000248769,0.0
ENSG00000248770,0.0
ENSG00000248772,0.0
ENSG00000248775,0.0
ENSG00000248777,0.0
ENSG00000248778,0.0
ARL4AP2,0.0
PSMC1P4,0.0
HIGD1AP14,0.0
ENSG00000248791,0.0
SEPTIN14P22,0.0
ENSG00000248794,0.0
ENSG00000248795,0.0
MED15P8,0.0
ENSG00000248803,0.0
KRTAP9-12P,0.0
PMPCAP1,0.0
DYNLL1P6,0.0
ENSG00000248821,0.0
APOBEC3AP1,0.0
ENSG00000248824,0.0
PCBP2P3,0.0
ENSG00000248827,0.0
ZNF807P,0.0
ENSG00000248831,0.0
MARK2P5,0.0
PGAM1P13,0.0
ENSG00000248840,0.0
RPL7AP29,0.0
ENSG00000248847,0.0
PPBPP2,0.0
SF3A2P1,0.0
ENSG00000248851,0.0
ENSG00000248853,0.0
HNRNPH1P3,0.0
ENSG00000248863,0.0
ENSG00000248867,0.0
SERBP1P6,0.0
PGBD4P4,0.0
ENSG00000248878,0.0
ICE2P1,0.0
B4GALNT2P1,0.0
SEPTIN7P10,0.0
UGT2A3P7,0.0
ENSG00000248891,0.0
ENSG00000248895,0.0
KRTAP5-13P,0.0
MTND2P33,0.0
HMGB1P21,0.0
ENSG00000248911,0.0
PHB1P14,0.0
ACTR6P1,0.0
NUP210P3,0.0
ENSG00000248921,0.0
MTND5P11,0.0
ENSG00000248924,0.0
ENSG00000248926,0.0
ENSG00000248928,0.0
HIGD1AP3,0.0
CHP1P1,0.0
MTCYBP40,0.0
FAM90A6P,0.0
MTND3P22,0.0
LDHBP3,0.0
MTCO2P32,0.0
ENSG00000248955,0.0
HMGB1P44,0.0
ZSWIM5P3,0.0
BCLAF1P1,0.0
ENSG00000248967,0.0
KRT8P46,0.0
ENSG00000248977,0.0
ENSG00000248978,0.0
LAMTOR3P2,0.0
PRDX4P1,0.0
PSME2P3,0.0
EFL1P2,0.0
ENSG00000249002,0.0
CLUHP4,0.0
PRMT5P1,0.0
FAM90A4P,0.0
ENSG00000249006,0.0
ENSG00000249012,0.0
FTH1P21,0.0
HMGN2P4,0.0
GAPDHP56,0.0
ENSG00000249019,0.0
SNORA58,0.0
ZNF519P4,0.0
CTNNA1P1,0.0
SUMO2P6,0.0
AARS1P1,0.0
MTND3P24,0.0
COX6B1P5,0.0
ENSG00000249050,0.0
ENSG00000249051,0.0
ENSG00000249053,0.0
TBCAP3,0.0
ENSG00000249056,0.0
KRT18P25,0.0
PCNAP1,0.0
ENSG00000249068,0.0
ENSG00000249072,0.0
NDUFB2P1,0.0
SPICP5,0.0
ENSG00000249079,0.0
OR5M14P,0.0
AIG1P1,0.0
PPIAP77,0.0
CSRP2P2,0.0
ENSG00000249101,0.0
ENSG00000249105,0.0
MTND6P4,0.0
MTND3P3,0.0
SUDS3P1,0.0
ENSG00000249135,0.0
ENSG00000249138,0.0
PRDX2P3,0.0
TMEM183AP2,0.0
ENSG00000249148,0.0
ENSG00000249149,0.0
ENSG00000249157,0.0
ADAM20P3,0.0
ENSG00000249170,0.0
ENSG00000249176,0.0
MTND4P29,0.0
SUMO2P4,0.0
ENPP7P1,0.0
ENSG00000249189,0.0
UBE2V1P12,0.0
MTND3P25,0.0
HSPD1P5,0.0
OR10J9P,0.0
ENSG00000249200,0.0
GCNT1P2,0.0
GAPDHP38,0.0
ATP1B1P1,0.0
ENSG00000249213,0.0
NCOA4P4,0.0
SUCLG2P4,0.0
NAMPTP2,0.0
CDH12P2,0.0
ENSG00000249235,0.0
ENSG00000249237,0.0
BCL9P1,0.0
RACK1P3,0.0
ENSG00000249244,0.0
NCOA4P3,0.0
MTCYBP17,0.0
ATP5MC2P5,0.0
PGAM1P9,0.0
ATP5MGP3,0.0
ENSG00000249257,0.0
ENSG00000249259,0.0
ENSG00000249262,0.0
PARP4P3,0.0
EEF1A1P9,0.0
MTHFD2P6,0.0
KATNBL1P4,0.0
HNRNPA1P44,0.0
UNC93B8,0.0
PDLIM1P4,0.0
SLIRPP2,0.0
ENSG00000249278,0.0
ENSG00000249282,0.0
ACTR3BP4,0.0
ENSG00000249284,0.0
ENSG00000249285,0.0
AMD1P3,0.0
ENSG00000249287,0.0
SLC25A15P5,0.0
ENSG00000249289,0.0
ENSG00000249301,0.0
FTH1P24,0.0
ENSG00000249305,0.0
TERF1P3,0.0
ARL2BPP4,0.0
ENSG00000249316,0.0
ENSG00000249320,0.0
OR5H5P,0.0
ENSG00000249333,0.0
SNX18P25,0.0
HMGB1P47,0.0
VPS51P7,0.0
ENSG00000249351,0.0
NPM1P27,0.0
TOMM40P3,0.0
TRPC6P2,0.0
FABP5P12,0.0
ENSG00000249368,0.0
ATP6V1G1P6,0.0
ENSG00000249380,0.0
MTCO2P9,0.0
KRTAP5-14P,0.0
HMGB3P17,0.0
AK4P2,0.0
ENSG00000249411,0.0
ENSG00000249416,0.0
ENSG00000249418,0.0
ENSG00000249433,0.0
ENSG00000249435,0.0
KRT18P45,0.0
HMGN1P14,0.0
VPS51P18,0.0
ENSG00000249444,0.0
MTCO1P24,0.0
MRPL57P6,0.0
ENSG00000249452,0.0
GZMAP1,0.0
MLLT10P2,0.0
RBMXP4,0.0
H2AL1Q,0.0
ENSG00000249472,0.0
USP17L14P,0.0
RBBP4P1,0.0
ENSG00000249486,0.0
NACAP5,0.0
GAPDHP70,0.0
ANKRD20A18P,0.0
ENSG00000249495,0.0
USP9YP2,0.0
HMGN1P16,0.0
PCDHA14,0.0
JMJD4P1,0.0
ZEB2P1,0.0
RPL6P23,0.0
LYSETP1,0.0
PRELID3BP6,0.0
ENSG00000249518,0.0
ENSG00000249520,0.0
ENSG00000249522,0.0
ENSG00000249525,0.0
ENSG00000249531,0.0
MRPS36P2,0.0
PHF5AP7,0.0
ENSG00000249541,0.0
EEF1A1P21,0.0
TMEM248P1,0.0
HSPD1P15,0.0
RCC2P4,0.0
ENSG00000249562,0.0
EVA1CP1,0.0
ENSG00000249564,0.0
SERBP1P5,0.0
ENSG00000249577,0.0
ENSG00000249579,0.0
MTATP6P22,0.0
RPL7L1P4,0.0
ENSG00000249600,0.0
TRAPPC2P7,0.0
TRPC6P9,0.0
CCNB3P1,0.0
ENSG00000249617,0.0
HMGN1P13,0.0
H3P18,0.0
PPP4R2P4,0.0
ENSG00000249627,0.0
OR52V1P,0.0
USP9YP5,0.0
OR7E94P,0.0
MRPS33P2,0.0
VN1R104P,0.0
TNRC18P1,0.0
KRT18P56,0.0
TUBA3GP,0.0
KRT19P3,0.0
ENSG00000249686,0.0
ENSG00000249689,0.0
DPPA4P2,0.0
ENSG00000249692,0.0
MTCO3P9,0.0
ENSG00000249721,0.0
TUBB1P1,0.0
ENSG00000249729,0.0
OR10J4,0.0
ENSG00000249735,0.0
ENSG00000249741,0.0
ZCCHC10P2,0.0
HMGB1P28,0.0
NDUFB4P9,0.0
ENSG00000249755,0.0
ENSG00000249761,0.0
ENSG00000249763,0.0
ENSG00000249764,0.0
ENSG00000249766,0.0
ENPP7P10,0.0
HSPE1P10,0.0
MTND6P17,0.0
ENSG00000249774,0.0
SAP18P1,0.0
TRMT112P2,0.0
ENSG00000249779,0.0
ENSG00000249780,0.0
SCARNA22,0.0
ENSG00000249795,0.0
HSD3BP3,0.0
SNRPCP13,0.0
ENSG00000249819,0.0
AFF4P1,0.0
ENSG00000249828,0.0
ENSG00000249829,0.0
PGBD4P3,0.0
SUMO2P7,0.0
PPIP5K1P1,0.0
GAPDHP76,0.0
ENSG00000249843,0.0
OR7E43P,0.0
ENSG00000249848,0.0
KRT18P31,0.0
RPS27AP18,0.0
ENSG00000249852,0.0
EEF1A1P19,0.0
SNX5P1,0.0
ENSG00000249863,0.0
OR7E83P,0.0
VPS51P10,0.0
ENSG00000249876,0.0
ENSG00000249878,0.0
ENSG00000249887,0.0
ENSG00000249888,0.0
ALG1L11P,0.0
ENSG00000249890,0.0
KRT19P6,0.0
MTND6P16,0.0
ENSG00000249904,0.0
BRD9P2,0.0
CYCTP,0.0
TRIM51CP,0.0
FABP5P6,0.0
HNRNPA1P55,0.0
RACK1P1,0.0
ENSG00000249927,0.0
UQCRBP3,0.0
ENSG00000249930,0.0
NCOA4P2,0.0
RAC1P2,0.0
ENSG00000249943,0.0
ENSG00000249944,0.0
XBP1P1,0.0
GBA3,0.0
ENSG00000249950,0.0
UGT2B24P,0.0
CCT7P2,0.0
ENSG00000249960,0.0
EEF1A1P20,0.0
CDC42P4,0.0
ENSG00000249970,0.0
CHCHD2P7,0.0
OR5H3P,0.0
ENSG00000249976,0.0
ENSG00000249977,0.0
ENSG00000249985,0.0
YWHAQP6,0.0
RPS4XP20,0.0
MTCO2P24,0.0
ECM1P2,0.0
MTCO3P7,0.0
ENSG00000250006,0.0
HMGB1P3,0.0
ZP3P1,0.0
SNX18P23,0.0
ENSG00000250017,0.0
SPICP4,0.0
TMPRSS11BNL,0.0
ENSG00000250030,0.0
PTPN11P2,0.0
ENSG00000250037,0.0
RAF1P1,0.0
CBX3P3,0.0
MTND4P9,0.0
RARRES2P4,0.0
ENSG00000250068,0.0
ARPC1AP3,0.0
ENSG00000250074,0.0
MAPRE1P2,0.0
ENSG00000250079,0.0
ENSG00000250080,0.0
ENSG00000250082,0.0
ENSG00000250084,0.0
ENSG00000250088,0.0
ENSG00000250090,0.0
TRPC6P6,0.0
ENSG00000250100,0.0
ENSG00000250111,0.0
ENSG00000250114,0.0
AK3P2,0.0
ENSG00000250118,0.0
GAPDHP43,0.0
ENSG00000250138,0.0
ENSG00000250140,0.0
EEF1A1P35,0.0
ENSG00000250145,0.0
MORF4L2P1,0.0
KRT8P31,0.0
TRMT112P5,0.0
CSNK1A1P3,0.0
MTND5P13,0.0
EEF1A1P13,0.0
ENSG00000250183,0.0
RCC2P8,0.0
ENSG00000250189,0.0
ENSG00000250191,0.0
ENSG00000250194,0.0
HMGN1P15,0.0
ENSG00000250200,0.0
ENSG00000250202,0.0
TTTY23B,0.0
YWHAEP4,0.0
ENSG00000250207,0.0
ENSG00000250210,0.0
ENSG00000250213,0.0
ENSG00000250214,0.0
CIR1P2,0.0
LTV1P1,0.0
KRT8P32,0.0
TRIM60P14,0.0
ENSG00000250229,0.0
USP17L16P,0.0
WEE1P1,0.0
SEPHS2P1,0.0
ENSG00000250249,0.0
PKD1P6,0.0
ENSG00000250253,0.0
LDHAL6DP,0.0
CCDC74BP1,0.0
ALG1L14P,0.0
TRMT112P1,0.0
PSMC1P5,0.0
SPOPLP2,0.0
VWA8P1,0.0
NCAPGP1,0.0
ENSG00000250292,0.0
CRYZP2,0.0
MRPS31P4,0.0
ENSG00000250300,0.0
ZBED1P1,0.0
ENSG00000250306,0.0
TUBB8P3,0.0
SALL4P1,0.0
ENSG00000250315,0.0
ENSG00000250316,0.0
RPL13AP26,0.0
ENSG00000250319,0.0
ENSG00000250321,0.0
ENSG00000250322,0.0
MRPL22P1,0.0
IGBP1P4,0.0
RPSAP70,0.0
POGLUT2P1,0.0
ENSG00000250330,0.0
PTPN11P4,0.0
CXCL1P1,0.0
SNRPCP16,0.0
ENSG00000250345,0.0
EEF1GP2,0.0
ENSG00000250347,0.0
ENSG00000250350,0.0
H3P20,0.0
HSPE1P23,0.0
PTP4A1P4,0.0
KRT18P21,0.0
MARK2P4,0.0
ENSG00000250376,0.0
UNC93B4,0.0
UBE2CP3,0.0
H3P21,0.0
MTND6P2,0.0
CRLF3P2,0.0
ENSG00000250393,0.0
ENSG00000250398,0.0
RPL7L1P14,0.0
ENSG00000250405,0.0
KLHL2P1,0.0
SEC63P2,0.0
AACSP1,0.0
ENSG00000250422,0.0
OR7E35P,0.0
FTLP10,0.0
MRS2P1,0.0
ENSG00000250430,0.0
LSM2P2,0.0
EIF3KP3,0.0
CCT5P1,0.0
ENSG00000250455,0.0
ENSG00000250458,0.0
ENSG00000250461,0.0
LRRC37BP1,0.0
LRRC34P2,0.0
ENSG00000250470,0.0
GMPSP1,0.0
DUTP7,0.0
WBP1LP2,0.0
RPL6P11,0.0
ENPP7P9,0.0
RLIG1P1,0.0
DUX4L51,0.0
PPM1AP1,0.0
PPIAP76,0.0
EXOC7P1,0.0
INTS6P1,0.0
ENSG00000250494,0.0
ABT1P1,0.0
ENSG00000250500,0.0
KRT18P51,0.0
ENSG00000250505,0.0
ENSG00000250507,0.0
ENSG00000250515,0.0
ENSG00000250516,0.0
LDHAL6CP,0.0
ENSG00000250523,0.0
CCT6P2,0.0
STK19B,0.0
ABHD17AP3,0.0
KRT8P33,0.0
ENSG00000250540,0.0
ENSG00000250547,0.0
PPBPP1,0.0
CCDC34P1,0.0
ENSG00000250560,0.0
OR7E59P,0.0
RPL38P4,0.0
KNOP1P5,0.0
UGT2B29P,0.0
ENSG00000250568,0.0
NTAN1P2,0.0
ENSG00000250573,0.0
ENSG00000250574,0.0
ENSG00000250575,0.0
SNRPCP8,0.0
HPRT1P2,0.0
PRSS3P1,0.0
RNF14P2,0.0
WDR77P1,0.0
ENSG00000250611,0.0
ENSG00000250612,0.0
ENSG00000250613,0.0
ENSG00000250618,0.0
ENSG00000250622,0.0
MTCYBP43,0.0
ENSG00000250625,0.0
TTC39CP1,0.0
MTCO1P35,0.0
ENSG00000250636,0.0
ENSG00000250637,0.0
OR7E41P,0.0
ENSG00000250642,0.0
ENSG00000250645,0.0
ENSG00000250650,0.0
PABPC1P7,0.0
ENSG00000250654,0.0
ENSG00000250655,0.0
ST3GAL1P1,0.0
HNRNPKP5,0.0
ENSG00000250667,0.0
ENSG00000250669,0.0
ENSG00000250672,0.0
ENSG00000250677,0.0
ENSG00000250678,0.0
ADI1P2,0.0
NAIPP1,0.0
RPF2P2,0.0
ENSG00000250703,0.0
H3P23,0.0
OR7E99P,0.0
PRELID3BP7,0.0
ENSG00000250712,0.0
H3P22,0.0
HMGB1P22,0.0
ENSG00000250725,0.0
ENSG00000250726,0.0
ENSG00000250727,0.0
ENSG00000250728,0.0
HMGB3P3,0.0
TPM3P6,0.0
RPEP1,0.0
C8orf17,0.0
ENSG00000250746,0.0
ENSG00000250747,0.0
ENSG00000250749,0.0
OR5BM1P,0.0
RPL23AP96,0.0
ENSG00000250753,0.0
ENSG00000250756,0.0
ENSG00000250762,0.0
FHP2,0.0
DPP3P1,0.0
ENSG00000250769,0.0
ENSG00000250771,0.0
ENSG00000250778,0.0
HMGN1P17,0.0
TUBB8P4,0.0
ALG1L12P,0.0
CIDECP2,0.0
OR7E111FP,0.0
MTCO2P30,0.0
METTL5P3,0.0
SERF1AP1,0.0
ENSG00000250815,0.0
DCAF13P2,0.0
PGAM1P12,0.0
HNRNPA3P13,0.0
MFSD4BP1,0.0
ENSG00000250828,0.0
MRPS35P2,0.0
DNM1P17,0.0
KRT18P54,0.0
LSM3P4,0.0
ENSG00000250839,0.0
ENSG00000250847,0.0
PPP4R2P1,0.0
RNF138P1,0.0
TRIM60P15,0.0
IGBP1P5,0.0
HNRNPKP1,0.0
ENSG00000250860,0.0
HMGB1P29,0.0
XKRY,0.0
ENSG00000250869,0.0
METTL21EP,0.0
OR7E85P,0.0
ENSG00000250886,0.0
ENSG00000250890,0.0
ENSG00000250892,0.0
PRAMEF31P,0.0
TUBAP15,0.0
RNPS1P1,0.0
HMGB3P15,0.0
ENSG00000250914,0.0
UGT2B26P,0.0
ATP5F1EP1,0.0
ENSG00000250923,0.0
MESTP3,0.0
CATSPER2P2,0.0
GAPDHP66,0.0
IFT122P1,0.0
ENSG00000250940,0.0
ENPP7P11,0.0
ENSG00000250946,0.0
USP9YP1,0.0
ENSG00000250956,0.0
GLUD1P3,0.0
RLIG1P3,0.0
H3P14,0.0
CKS1BP5,0.0
KRTAP13-6P,0.0
TRPA2P,0.0
NSA2P6,0.0
GAPDHP35,0.0
FAM76AP1,0.0
ENSG00000250984,0.0
TMEM30BP1,0.0
ENSG00000250997,0.0
GGCTP1,0.0
ENSG00000251001,0.0
H3P15,0.0
LTO1P1,0.0
GAPDHP62,0.0
TMEM183AP6,0.0
ENSG00000251017,0.0
HIGD1AP13,0.0
NDUFB5P1,0.0
CUL1P1,0.0
WBP1LP4,0.0
ENSG00000251038,0.0
ZNF969P,0.0
RBX1P2,0.0
ELL2P2,0.0
ANKRD20A17P,0.0
ENSG00000251062,0.0
ENSG00000251066,0.0
NUDT19P5,0.0
ENSG00000251074,0.0
SLC25A5P9,0.0
BMS1P2,0.0
ALG1L3P,0.0
OR5AC4P,0.0
ENSG00000251099,0.0
ENSG00000251101,0.0
CTBP2P4,0.0
ENSG00000251105,0.0
ABITRAMP1,0.0
PDCD5P2,0.0
YBX1P5,0.0
FCF1P8,0.0
ENSG00000251112,0.0
ENSG00000251113,0.0
H3P24,0.0
NIFKP2,0.0
ENSG00000251123,0.0
ENSG00000251135,0.0
RPL7L1P7,0.0
ENSG00000251142,0.0
TRPC6P7,0.0
MTND5P5,0.0
PTTG1IP2,0.0
SEPTIN14P4,0.0
ENSG00000251158,0.0
ENSG00000251159,0.0
ENSG00000251162,0.0
PRELID3BP4,0.0
OR7E163P,0.0
TPTE2P7,0.0
TSEN2P1,0.0
ENSG00000251177,0.0
OR7E21P,0.0
ENSG00000251188,0.0
ENSG00000251193,0.0
ENSG00000251195,0.0
ENSG00000251196,0.0
DNAJB6P2,0.0
ENSG00000251204,0.0
ENSG00000251211,0.0
MTND5P4,0.0
GOLGA5P1,0.0
RFPL4AP3,0.0
MTCO1P9,0.0
ENSG00000251228,0.0
ENSG00000251229,0.0
PSMA2P2,0.0
SNRPCP2,0.0
ENSG00000251236,0.0
B3GNTL1P1,0.0
ENSG00000251243,0.0
MTND2P31,0.0
MTHFD2P4,0.0
GTF2F2P1,0.0
OR7H2P,0.0
ALG1L7P,0.0
ENSG00000251278,0.0
SPOPLP1,0.0
ENSG00000251285,0.0
ENSG00000251286,0.0
ENSG00000251288,0.0
ENSG00000251296,0.0
TUBB7P,0.0
SLC25A15P3,0.0
ENSG00000251300,0.0
CAB39P1,0.0
NDUFB4P2,0.0
MRPS33P3,0.0
ENSG00000251312,0.0
ENSG00000251313,0.0
PSME2P4,0.0
RTN3P1,0.0
ENSG00000251334,0.0
ENSG00000251338,0.0
MTCYBP35,0.0
ENSG00000251342,0.0
CDRT15P11,0.0
IRF5P1,0.0
HSPD1P11,0.0
ENSG00000251352,0.0
MTND3P5,0.0
ENSG00000251354,0.0
RAB5CP2,0.0
KHDC1P1,0.0
DBIP2,0.0
ENSG00000251368,0.0
ENSG00000251373,0.0
ENSG00000251374,0.0
ENSG00000251378,0.0
MTCYBP16,0.0
YTHDF1P1,0.0
FTH1P9,0.0
ALDH7A1P1,0.0
ENSG00000251401,0.0
FAM90A25P,0.0
MTND1P22,0.0
ARPC1AP4,0.0
ASS1P8,0.0
ENSG00000251419,0.0
ENSG00000251424,0.0
ENSG00000251427,0.0
AIDAP2,0.0
MTCO3P27,0.0
ENSG00000251431,0.0
CCNHP1,0.0
C1GALT1P2,0.0
NUP58P1,0.0
NDUFS5P4,0.0
KRTAP4-17P,0.0
STMN1P2,0.0
RTEL1P1,0.0
ENSG00000251447,0.0
MTND1P19,0.0
GTF2IP9,0.0
ENSG00000251452,0.0
HAUS1P1,0.0
FKBP4P1,0.0
RPL7L1P13,0.0
CTDNEP1P2,0.0
ENSG00000251468,0.0
ASNSP4,0.0
ENSG00000251473,0.0
RPL32P3,0.0
MTCO1P31,0.0
ENSG00000251477,0.0
ENSG00000251478,0.0
AKIRIN2P1,0.0
LYPLA1P2,0.0
ENSG00000251484,0.0
NRBF2P6,0.0
ENSG00000251489,0.0
OR7E28P,0.0
ENSG00000251492,0.0
PPIAP11,0.0
ENSG00000251498,0.0
ENSG00000251501,0.0
ENSG00000251508,0.0
CFAP53P1,0.0
ENSG00000251516,0.0
ENSG00000251520,0.0
IMPA1P1,0.0
TCP11X3P,0.0
ENSG00000251529,0.0
ENSG00000251535,0.0
SNX18P24,0.0
MTND5P12,0.0
ENSG00000251545,0.0
ENSG00000251548,0.0
ENSG00000251549,0.0
ENSG00000251550,0.0
COQ10BP2,0.0
DDX18P4,0.0
ENSG00000251557,0.0
IARS2P1,0.0
HMGB1P35,0.0
ALG3P1,0.0
DDX3P3,0.0
ENSG00000251572,0.0
ENSG00000251579,0.0
MFFP2,0.0
ENSG00000251585,0.0
LDHAP1,0.0
ENSG00000251588,0.0
NIFKP7,0.0
ENSG00000251591,0.0
MSNP1,0.0
ABCA11P,0.0
HADHAP1,0.0
RPL37P25,0.0
ENSG00000251605,0.0
OR12D1,0.0
SETP12,0.0
EVA1CP6,0.0
HSPA8P19,0.0
ENSG00000251618,0.0
UNC93B7,0.0
ENSG00000251627,0.0
ENSG00000251630,0.0
GYG1P1,0.0
NAIPP4,0.0
ENSG00000251638,0.0
ENSG00000251639,0.0
COPS3P1,0.0
HPRT1P1,0.0
C18orf21P1,0.0
ENSG00000251648,0.0
PRELID3BP5,0.0
SUMO2P5,0.0
BRCC3P1,0.0
ENSG00000251668,0.0
FAM86EP,0.0
ENSG00000251682,0.0
UGT2B27P,0.0
OR10J8P,0.0
ENSG00000251689,0.0
ENSG00000251691,0.0
USP17L9P,0.0
RN7SKP24,0.0
RNA5SP445,0.0
RNU6-857P,0.0
RNU6-998P,0.0
ENSG00000251704,0.0
RNA5-8SP6,0.0
RNU7-61P,0.0
RNU7-37P,0.0
RNU6-632P,0.0
RNU7-20P,0.0
RN7SKP67,0.0
ENSG00000251715,0.0
RNA5SP419,0.0
RNU2-13P,0.0
RNU6-408P,0.0
RNU7-123P,0.0
RNU5E-3P,0.0
RNU7-175P,0.0
RNU7-41P,0.0
RNU6-488P,0.0
Y_RNA,0.0
RNA5SP401,0.0
ENSG00000251730,0.0
RN7SKP122,0.0
SCARNA8,0.0
ENSG00000251735,0.0
RNU6-1053P,0.0
RNU4ATAC13P,0.0
RN7SKP13,0.0
ENSG00000251744,0.0
RNU7-124P,0.0
RNA5SP112,0.0
RNU7-60P,0.0
RNU4ATAC11P,0.0
RNU5F-8P,0.0
RN7SKP46,0.0
RNU4-29P,0.0
RNU6-75P,0.0
RNU6-999P,0.0
RNA5SP385,0.0
RNU6-848P,0.0
RN7SKP298,0.0
RNA5SP418,0.0
RNU6-138P,0.0
RNU6-470P,0.0
RNA5SP446,0.0
RNA5SP518,0.0
RNU7-8P,0.0
RNA5SP217,0.0
RNA5SP486,0.0
RNU6-1129P,0.0
RNU6-377P,0.0
ENSG00000251775,0.0
RN7SKP242,0.0
ENSG00000251778,0.0
Y_RNA,0.0
RNA5SP356,0.0
RNU6-1170P,0.0
RNA5SP20,0.0
RNU7-47P,0.0
RNU5A-7P,0.0
RNU4-57P,0.0
SCARNA6,0.0
Y_RNA,0.0
RNU6-237P,0.0
SNORA70,0.0
RNU6-863P,0.0
Y_RNA,0.0
ENSG00000251802,0.0
Y_RNA,0.0
RNU6-1294P,0.0
ENSG00000251805,0.0
RNU6-202P,0.0
RN7SKP14,0.0
RN7SKP132,0.0
Y_RNA,0.0
Y_RNA,0.0
RNU6-983P,0.0
RN7SKP18,0.0
SNORD116-26,0.0
RNA5SP157,0.0
ENSG00000251818,0.0
RNU6-322P,0.0
RNU6-583P,0.0
ENSG00000251822,0.0
RNA5SP162,0.0
RN7SKP19,0.0
ENSG00000251828,0.0
RNA5SP436,0.0
ENSG00000251830,0.0
RNU6-1114P,0.0
RNU6-319P,0.0
RNU6ATAC32P,0.0
Y_RNA,0.0
ENSG00000251838,0.0
RNU7-12P,0.0
RN7SKP155,0.0
RNU6-1334P,0.0
RNU6-732P,0.0
RNU6-803P,0.0
ENSG00000251844,0.0
RNA5SP96,0.0
RNU6-772P,0.0
Y_RNA,0.0
RNU6-507P,0.0
MIR449C,0.0
RNA5SP362,0.0
ENSG00000251858,0.0
RNU6-1288P,0.0
ENSG00000251861,0.0
MIR1343,0.0
Y_RNA,0.0
RNU6-518P,0.0
SCARNA21B,0.0
RNU7-71P,0.0
SCARNA23,0.0
RNU2-69P,0.0
RNA5SP182,0.0
RNU6-615P,0.0
RNU5F-2P,0.0
RNU2-45P,0.0
SNORD79,0.0
RNU7-75P,0.0
RNU6-475P,0.0
RNU6ATAC17P,0.0
RNA5SP288,0.0
RNU6-120P,0.0
RNU6-760P,0.0
RN7SKP190,0.0
RNU4-49P,0.0
RNA5SP497,0.0
RNU7-79P,0.0
RNU7-84P,0.0
SNORA70,0.0
RNU6-976P,0.0
SNORD116-27,0.0
RNU6-916P,0.0
SCARNA11,0.0
VTRNA2-2P,0.0
RNA5SP272,0.0
RNU7-2P,0.0
RNU6-351P,0.0
RNU6-240P,0.0
RNU6-491P,0.0
RNU6-513P,0.0
RNU7-200P,0.0
RNA5SP406,0.0
RNU1-61P,0.0
RNU1-86P,0.0
RNU7-105P,0.0
RNA5SP216,0.0
ENSG00000251922,0.0
RNU6-276P,0.0
RNA5SP408,0.0
SNORA70,0.0
RNU6-189P,0.0
RNU6-871P,0.0
RNU6-1143P,0.0
RN7SKP179,0.0
RNA5SP249,0.0
RNU7-129P,0.0
RNU6-1278P,0.0
ENSG00000251940,0.0
RNA5SP116,0.0
ENSG00000251942,0.0
RNU6-693P,0.0
RNU6-1023P,0.0
RN7SKP164,0.0
RN7SKP34,0.0
RNU6-1219P,0.0
RNA5SP522,0.0
RNU6-496P,0.0
RNU6-27P,0.0
RNU6-617P,0.0
RNU6-1095P,0.0
RNU6-1102P,0.0
RNU6-559P,0.0
RNU6ATAC13P,0.0
RNA5SP208,0.0
ENSG00000251967,0.0
RNU1-41P,0.0
RNU6-1333P,0.0
RNU6-123P,0.0
RNU6-473P,0.0
ENSG00000251974,0.0
RNU6-718P,0.0
RN7SKP141,0.0
RNU6-991P,0.0
RNA5SP236,0.0
RNU6-436P,0.0
RNU7-52P,0.0
RN7SKP43,0.0
RN7SKP157,0.0
RNU6-1161P,0.0
Y_RNA,0.0
SNORD63,0.0
RNU4ATAC18P,0.0
RNA5SP180,0.0
RNU7-49P,0.0
SCARNA17,0.0
RNA5SP227,0.0
RNU2-27P,0.0
Y_RNA,0.0
RNA5SP458,0.0
RNU6-168P,0.0
ENSG00000251999,0.0
RNA5SP303,0.0
RNA5SP154,0.0
RNU7-154P,0.0
RNU4ATAC8P,0.0
RNU6-927P,0.0
SCARNA5,0.0
ENSG00000252011,0.0
RNA5SP521,0.0
RNU4ATAC14P,0.0
SNORA70,0.0
RNU6-904P,0.0
ENSG00000252016,0.0
RNU6-1194P,0.0
RNU2-30P,0.0
RNU6ATAC9P,0.0
ENSG00000252020,0.0
Y_RNA,0.0
SNORD33,0.0
RNU6-581P,0.0
RNU6-982P,0.0
RNU6-1262P,0.0
RNU6ATAC14P,0.0
RN7SKP52,0.0
RNA5SP253,0.0
RNU6-1196P,0.0
RNU6-561P,0.0
RNU6-1281P,0.0
RNU6-311P,0.0
RNY4P37,0.0
RNU6-397P,0.0
RN7SKP288,0.0
RNU6-162P,0.0
RNU6-287P,0.0
ENSG00000252040,0.0
RNA5SP228,0.0
Y_RNA,0.0
ENSG00000252045,0.0
RNU6-150P,0.0
Y_RNA,0.0
ENSG00000252049,0.0
ENSG00000252050,0.0
RN7SKP276,0.0
RNU6-1101P,0.0
RNU7-174P,0.0
RNA5SP464,0.0
RNU6-415P,0.0
RNU6-469P,0.0
RNU6-1041P,0.0
Y_RNA,0.0
RNU6-864P,0.0
RNU2-53P,0.0
RNU4-71P,0.0
RNU6-390P,0.0
Y_RNA,0.0
RNA5SP341,0.0
RNA5SP320,0.0
RNU6-947P,0.0
RNU6-416P,0.0
RN7SKP196,0.0
RNU6-327P,0.0
RNU7-99P,0.0
RNU6-277P,0.0
RNU6-547P,0.0
ENSG00000252083,0.0
RN7SKP12,0.0
RNA5SP76,0.0
RN7SKP248,0.0
RNU4ATAC7P,0.0
RNU6-1146P,0.0
RNA5SP410,0.0
ENSG00000252096,0.0
RNU6-346P,0.0
Y_RNA,0.0
RNU6-758P,0.0
RNU6-917P,0.0
RNU6-191P,0.0
RNU1-143P,0.0
RNY3P15,0.0
RNA5SP220,0.0
RNU6-1232P,0.0
SNORD63,0.0
RNU6-523P,0.0
Y_RNA,0.0
RNU4ATAC4P,0.0
RNU6-1108P,0.0
RNU6ATAC39P,0.0
ENSG00000252119,0.0
RNU6-970P,0.0
ENSG00000252122,0.0
RNU6-1299P,0.0
RNU6-313P,0.0
SNORD27,0.0
SNORA74,0.0
RNU6-1045P,0.0
RNU6-795P,0.0
SNORA70,0.0
RNU1-155P,0.0
ENSG00000252136,0.0
RNU6-1338P,0.0
ENSG00000252138,0.0
ENSG00000252139,0.0
RNU6-65P,0.0
ENSG00000252143,0.0
RNU6-1225P,0.0
RNY3P16,0.0
RNU6-1206P,0.0
RNA5SP315,0.0
RNU6-1265P,0.0
MIR2278,0.0
RNU6-941P,0.0
RNU6-155P,0.0
RNU6-479P,0.0
SNORA72,0.0
RNA5SP318,0.0
RNU6-830P,0.0
RN7SKP31,0.0
RNA5SP282,0.0
RNU1-95P,0.0
RNA5SP287,0.0
RNA5SP200,0.0
ENSG00000252170,0.0
Y_RNA,0.0
RNU6-720P,0.0
RNU6-109P,0.0
RNU7-18P,0.0
RNU7-69P,0.0
RNA5SP255,0.0
RNA5SP413,0.0
RNU6-948P,0.0
RNU2-10P,0.0
RNU6-752P,0.0
RNU6-781P,0.0
ENSG00000252188,0.0
ENSG00000252190,0.0
RNU6-751P,0.0
ENSG00000252192,0.0
ENSG00000252193,0.0
Y_RNA,0.0
SNORA70,0.0
ENSG00000252200,0.0
Y_RNA,0.0
ENSG00000252204,0.0
RNU6-764P,0.0
RNU7-40P,0.0
RNA5SP365,0.0
RNU1-48P,0.0
Y_RNA,0.0
RNA5SP473,0.0
RNU2-58P,0.0
SNORA74D,0.0
RNU6-542P,0.0
Y_RNA,0.0
ENSG00000252218,0.0
MIR892C,0.0
RNU6-977P,0.0
RNU7-13P,0.0
RNU6-1049P,0.0
RNU4ATAC15P,0.0
Y_RNA,0.0
ENSG00000252228,0.0
ENSG00000252230,0.0
RNA5SP67,0.0
RN7SKP253,0.0
ENSG00000252236,0.0
RNU4-54P,0.0
ENSG00000252238,0.0
RNU7-115P,0.0
RNU6-412P,0.0
RNU7-3P,0.0
RNA5SP92,0.0
RNU6-70P,0.0
ENSG00000252249,0.0
Y_RNA,0.0
RNU6-687P,0.0
Y_RNA,0.0
RNU2-35P,0.0
RN7SKP265,0.0
SNORA70,0.0
RNA5SP49,0.0
RNA5SP461,0.0
RNA5SP262,0.0
RNA5SP61,0.0
RNU6-659P,0.0
RNU7-153P,0.0
Y_RNA,0.0
RNA5SP495,0.0
RNA5SP417,0.0
RNU4ATAC12P,0.0
RNU6-1110P,0.0
RNA5SP470,0.0
RNU6-426P,0.0
ENSG00000252274,0.0
RNU7-192P,0.0
SNORD116-30,0.0
RNU6-406P,0.0
RNU6-1089P,0.0
Vault,0.0
SNORA108,0.0
RNA5SP24,0.0
RNU6-966P,0.0
RNA5SP519,0.0
ENSG00000252290,0.0
ENSG00000252291,0.0
RN7SKP238,0.0
RNU6-589P,0.0
ENSG00000252296,0.0
RNU6-875P,0.0
RNA5SP134,0.0
RNA5SP147,0.0
SNORA74,0.0
RNA5SP153,0.0
RNU1-103P,0.0
RN7SKP21,0.0
RNA5SP281,0.0
RNA5SP520,0.0
RNY4,0.0
Y_RNA,0.0
Y_RNA,0.0
RNU6-320P,0.0
RN7SKP83,0.0
RN7SKP244,0.0
RNU6-184P,0.0
RNU6-1038P,0.0
SNORD116-25,0.0
Vault,0.0
ENSG00000252329,0.0
RNU6-911P,0.0
RNU6-964P,0.0
RNU6-1337P,0.0
RNU6-62P,0.0
RNA5SP148,0.0
ENSG00000252337,0.0
RNU6-503P,0.0
RNU6-1061P,0.0
Y_RNA,0.0
RNA5SP164,0.0
RNU2-34P,0.0
RNA5SP121,0.0
RNU6-1046P,0.0
RNU6-1256P,0.0
ENSG00000252349,0.0
RPPH1-3P,0.0
RNU6ATAC12P,0.0
ENSG00000252352,0.0
RNU7-25P,0.0
RN7SKP287,0.0
Y_RNA,0.0
RN7SKP135,0.0
RNU6-118P,0.0
RNU6-506P,0.0
RNU7-43P,0.0
RNA5SP360,0.0
RNA5SP367,0.0
Y_RNA,0.0
RNA5SP43,0.0
RNU7-51P,0.0
RNA5SP438,0.0
RNU6-725P,0.0
RNU6-358P,0.0
Y_RNA,0.0
RNA5SP395,0.0
RNU6-504P,0.0
RNU6-314P,0.0
RNU6-68P,0.0
RNU6-1018P,0.0
RNU5F-4P,0.0
RNU6-638P,0.0
RNU6-1004P,0.0
RNU6-1007P,0.0
RN7SKP195,0.0
RNU5A-4P,0.0
Y_RNA,0.0
RNU6-1291P,0.0
RNU4ATAC6P,0.0
ENSG00000252404,0.0
RNU7-183P,0.0
ENSG00000252408,0.0
ENSG00000252409,0.0
RNU5B-3P,0.0
RNU6-1087P,0.0
Y_RNA,0.0
RNU7-121P,0.0
RNU6-100P,0.0
RNU6-1012P,0.0
RNU6-885P,0.0
RNU7-179P,0.0
Y_RNA,0.0
RNU6-1069P,0.0
RNA5SP476,0.0
RNU6-229P,0.0
RNA5SP384,0.0
ENSG00000252425,0.0
RNU1-107P,0.0
ENSG00000252427,0.0
RNA5SP285,0.0
RNU7-29P,0.0
RNU6-1247P,0.0
ENSG00000252433,0.0
Y_RNA,0.0
RNA5SP459,0.0
ENSG00000252438,0.0
ENSG00000252441,0.0
SNORA62,0.0
RNU6-344P,0.0
RNU6-405P,0.0
SNORA63,0.0
RNU6-139P,0.0
Y_RNA,0.0
RNA5SP168,0.0
RNU6-107P,0.0
MIR2114,0.0
RNA5SP434,0.0
RNU7-65P,0.0
ENSG00000252458,0.0
ENSG00000252459,0.0
RNU6-635P,0.0
ENSG00000252461,0.0
RNU6-113P,0.0
RN7SKP70,0.0
MIR2115,0.0
RNU6-347P,0.0
RNU2-57P,0.0
RNU7-160P,0.0
RNU6-551P,0.0
RNU6-521P,0.0
ENSG00000252473,0.0
RNU6-539P,0.0
RNU6-1332P,0.0
RNA5SP309,0.0
RNU6-719P,0.0
SCARNA13,0.0
RNU7-22P,0.0
RNU6-1178P,0.0
RN7SKP49,0.0
Vault,0.0
Y_RNA,0.0
RNY4P20,0.0
RNU6-197P,0.0
RN7SKP66,0.0
RNU1-142P,0.0
RNU6-126P,0.0
RNA5SP33,0.0
RPPH1-2P,0.0
RNU6-1016P,0.0
RNU6-63P,0.0
RNU4-77P,0.0
RNU6-531P,0.0
SNORA70,0.0
RNU6-180P,0.0
RNU7-81P,0.0
RNU4ATAC3P,0.0
RNA5SP271,0.0
RNA5SP55,0.0
RNA5SP206,0.0
RNU1-128P,0.0
RNU7-53P,0.0
RNU6-1171P,0.0
RNA5SP82,0.0
ENSG00000252517,0.0
RNU6-783P,0.0
RNU5D-2P,0.0
RNU6-267P,0.0
Y_RNA,0.0
SNORA70,0.0
RNU6-965P,0.0
RNU7-193P,0.0
RNU6-572P,0.0
Y_RNA,0.0
RNA5SP254,0.0
ENSG00000252537,0.0
RNA5SP462,0.0
RNU6-919P,0.0
SNORD36C,0.0
RNU6-1282P,0.0
RNU6-362P,0.0
RNA5SP466,0.0
RNU7-149P,0.0
RNU6-759P,0.0
ENSG00000252550,0.0
RNU6-307P,0.0
RNA5SP73,0.0
RNU6-861P,0.0
RNU6-567P,0.0
RNU6-256P,0.0
RNU6-914P,0.0
RNU4-18P,0.0
RNU1-125P,0.0
RNU6-922P,0.0
RNA5SP45,0.0
RNU7-28P,0.0
RNU6-1153P,0.0
RNU5B-6P,0.0
SCARNA20,0.0
RNU6-135P,0.0
ENSG00000252580,0.0
RNU6-1098P,0.0
ENSG00000252582,0.0
MIR514B,0.0
Y_RNA,0.0
RNA5SP422,0.0
RNU7-143P,0.0
RNA5SP468,0.0
RNU6-1224P,0.0
RNU6-656P,0.0
RN7SKP82,0.0
RNU7-137P,0.0
RNA5SP460,0.0
RNU6-566P,0.0
ENSG00000252601,0.0
RNU6ATAC22P,0.0
RNU2-44P,0.0
RNU6-1150P,0.0
Y_RNA,0.0
RNU6-1191P,0.0
RNU6-1121P,0.0
Y_RNA,0.0
RNU6-807P,0.0
Y_RNA,0.0
RNA5SP441,0.0
RNU6-1149P,0.0
RNU6ATAC24P,0.0
Y_RNA,0.0
RNU6-881P,0.0
RNA5SP481,0.0
RNA5SP409,0.0
RNU1-40P,0.0
RNU6-1308P,0.0
RNU6-122P,0.0
RNU6-453P,0.0
RN7SKP282,0.0
RN7SKP219,0.0
RNU2-56P,0.0
RNU6-826P,0.0
RNA5SP268,0.0
RNU2-24P,0.0
ENSG00000252640,0.0
RNU6-678P,0.0
RNA5SP137,0.0
RNU6-1136P,0.0
RNU7-30P,0.0
RNU7-111P,0.0
RNA5SP416,0.0
RNA5SP480,0.0
RNA5SP75,0.0
RNU6-557P,0.0
Y_RNA,0.0
RNA5SP444,0.0
RNU7-6P,0.0
Y_RNA,0.0
RN7SKP88,0.0
SNORA70,0.0
RNU6-786P,0.0
RNU6-1088P,0.0
Y_RNA,0.0
RNU6-782P,0.0
RNA5SP523,0.0
Y_RNA,0.0
RNA5SP421,0.0
RNA5SP102,0.0
ENSG00000252677,0.0
RNA5SP449,0.0
RNU1-97P,0.0
ENSG00000252682,0.0
RNU6ATAC36P,0.0
RNU6-928P,0.0
RNU6-1234P,0.0
RNU6-579P,0.0
ENSG00000252689,0.0
ENSG00000252691,0.0
ENSG00000252692,0.0
ENSG00000252693,0.0
MIR2276,0.0
RNA5SP34,0.0
RN7SKP209,0.0
SNORA21B,0.0
RNU7-110P,0.0
RN7SKP277,0.0
RNU6-175P,0.0
RNU11-2P,0.0
RNU6-295P,0.0
RN7SKP116,0.0
SCARNA14,0.0
RNU6-1198P,0.0
RNA5SP392,0.0
RN7SKP260,0.0
RNU6-352P,0.0
RNU6-612P,0.0
ENSG00000252719,0.0
RNU6-1258P,0.0
RNU6-798P,0.0
ENSG00000252722,0.0
RNU6-677P,0.0
SNORA70,0.0
RNU6-765P,0.0
RNA5SP94,0.0
ENSG00000252727,0.0
RNU6-971P,0.0
RNU6-980P,0.0
RNU6-528P,0.0
RNU7-151P,0.0
Y_RNA,0.0
RNU6-850P,0.0
Y_RNA,0.0
RNA5SP143,0.0
RNU6-273P,0.0
RNA5SP364,0.0
RNU7-116P,0.0
RNU7-70P,0.0
RNU6-143P,0.0
RNU6-210P,0.0
RNU6-703P,0.0
RNU6-577P,0.0
RN7SKP96,0.0
RNU6-445P,0.0
Y_RNA,0.0
RNA5SP54,0.0
Y_RNA,0.0
ENSG00000252762,0.0
RNU2-31P,0.0
RNU6-1092P,0.0
ENSG00000252765,0.0
RNU6-255P,0.0
RNU6-250P,0.0
RNU6-856P,0.0
RNU6-943P,0.0
RNU7-4P,0.0
RNU6-714P,0.0
ENSG00000252774,0.0
RNU4ATAC10P,0.0
ENSG00000252777,0.0
ENSG00000252778,0.0
RNU6-182P,0.0
RNA5SP471,0.0
RNU6-341P,0.0
RNU6-835P,0.0
Y_RNA,0.0
ENSG00000252787,0.0
RN7SKP60,0.0
RNU6-56P,0.0
RNU7-11P,0.0
RN7SKP272,0.0
ENSG00000252798,0.0
ENSG00000252800,0.0
Y_RNA,0.0
RNU6-958P,0.0
RNA5SP420,0.0
RNU6-1006P,0.0
RNU6-345P,0.0
RN7SKP2,0.0
RN7SKP233,0.0
RNU6-410P,0.0
RNA5SP337,0.0
Y_RNA,0.0
RNU6-388P,0.0
Y_RNA,0.0
RNU6-148P,0.0
ENSG00000252824,0.0
RNVU1-23,0.0
RN7SKP11,0.0
RNA5SP135,0.0
RNA5SP533,0.0
RNU6-1212P,0.0
RNA5SP186,0.0
SCARNA21,0.0
RN7SKP99,0.0
RNU6-419P,0.0
ENSG00000252840,0.0
RNA5SP101,0.0
RNU2-46P,0.0
RNA5SP230,0.0
RNU1-117P,0.0
ENSG00000252852,0.0
RN7SKP5,0.0
RNA5SP503,0.0
RNU6-389P,0.0
RNU6-1271P,0.0
RNU6-375P,0.0
RNU6-570P,0.0
RNU6-448P,0.0
RNU6-1183P,0.0
RNA5SP278,0.0
RNA5SP243,0.0
RNU6-909P,0.0
ENSG00000252868,0.0
ENSG00000252870,0.0
RNU7-188P,0.0
Y_RNA,0.0
RNA5SP312,0.0
RN7SKP98,0.0
RNU6-334P,0.0
RNU6-1137P,0.0
RNU6-1213P,0.0
RN7SKP197,0.0
RNU6-430P,0.0
ENSG00000252888,0.0
RNU6-1236P,0.0
RNU6-699P,0.0
Y_RNA,0.0
RNU6-548P,0.0
Y_RNA,0.0
RNU6-685P,0.0
RNU6-1096P,0.0
RNU6-303P,0.0
RNA5SP342,0.0
RNU6-894P,0.0
ENSG00000252904,0.0
RNA5SP330,0.0
SCARNA3,0.0
RNU6-1003P,0.0
RNU6-201P,0.0
RNU6-158P,0.0
RNU6-789P,0.0
Y_RNA,0.0
RNU6-762P,0.0
SNORA74,0.0
Y_RNA,0.0
ENSG00000252920,0.0
RNU6-365P,0.0
ENSG00000252923,0.0
RNA5SP404,0.0
RNU6-64P,0.0
RNU6-218P,0.0
RNU6-1015P,0.0
RNU6-231P,0.0
RNU6-1223P,0.0
RNU7-172P,0.0
RNU6-1220P,0.0
RNA5SP423,0.0
RNU6-1270P,0.0
RNA5SP340,0.0
RNA5SP290,0.0
RNU6-264P,0.0
RNU6-897P,0.0
ENSG00000252945,0.0
SCARNA1,0.0
RNU6-1314P,0.0
RNA5SP490,0.0
RNA5SP165,0.0
RNU6-58P,0.0
RNU6-232P,0.0
RNU4ATAC9P,0.0
RNA5SP40,0.0
RNA5SP402,0.0
RNA5SP170,0.0
RN7SKP258,0.0
RNU6-993P,0.0
RN7SKP147,0.0
RNA5SP400,0.0
Y_RNA,0.0
SNORA70,0.0
RNA5SP159,0.0
RNU6-1057P,0.0
RNU6-1028P,0.0
Y_RNA,0.0
RNA5SP70,0.0
RN7SKP183,0.0
RNU6-165P,0.0
RNU6-367P,0.0
RN7SKP234,0.0
RNU7-35P,0.0
RNU6-844P,0.0
SNORD116,0.0
RNA5SP66,0.0
RNU6-111P,0.0
ENSG00000252989,0.0
RNU1-54P,0.0
RNU6-1073P,0.0
ENSG00000252992,0.0
ENSG00000252993,0.0
RNU6-1231P,0.0
RNU6-667P,0.0
RNU6-1315P,0.0
RNU6-889P,0.0
RNA5SP380,0.0
RNU1-45P,0.0
RN7SKP105,0.0
RNU6-1261P,0.0
RNU6-176P,0.0
RN7SKP283,0.0
SNORA50B,0.0
MIR2355,0.0
RN7SKP256,0.0
ENSG00000253013,0.0
RN7SKP64,0.0
Y_RNA,0.0
RN7SKP35,0.0
RN7SKP40,0.0
RNU6-902P,0.0
RNU6-731P,0.0
RNU7-156P,0.0
RNU6-1238P,0.0
RNU2-12P,0.0
RNU6-464P,0.0
SNORA70,0.0
ENSG00000253028,0.0
MIR2116,0.0
RNA5SP291,0.0
RNU6-299P,0.0
RNU4ATAC5P,0.0
RNU6-706P,0.0
RNA5SP47,0.0
RNA5SP454,0.0
ENSG00000253041,0.0
SNORA70,0.0
RNU7-181P,0.0
ENSG00000253047,0.0
RNU4-60P,0.0
ENSG00000253049,0.0
SNORA31B,0.0
RN7SKP289,0.0
RNU7-77P,0.0
RNA5SP415,0.0
RNU7-128P,0.0
RN7SKP57,0.0
RNA5SP437,0.0
ENSG00000253059,0.0
ENSG00000253060,0.0
RNU6-494P,0.0
RNU6-711P,0.0
ENSG00000253065,0.0
RNU6-709P,0.0
ENSG00000253067,0.0
RNU6-794P,0.0
ENSG00000253072,0.0
RN7SKP295,0.0
RNU6-586P,0.0
RN7SKP92,0.0
RNA5SP169,0.0
RNU6-1116P,0.0
NRON,0.0
RNA5SP373,0.0
RNU4ATAC17P,0.0
RNA5SP106,0.0
RNU6-840P,0.0
ENSG00000253085,0.0
RNU6-537P,0.0
RNU6-1174P,0.0
Y_RNA,0.0
RNU1-104P,0.0
SNORA73,0.0
ENSG00000253092,0.0
RNA5SP179,0.0
SNORD36,0.0
Y_RNA,0.0
RNU2-19P,0.0
RNU7-161P,0.0
RNU2-60P,0.0
ENSG00000253107,0.0
RPL12P22,0.0
RPL7L1P18,0.0
ENSG00000253118,0.0
HNRNPA3P7,0.0
TRAPPC2P2,0.0
ENSG00000253135,0.0
PSMC2P2,0.0
ENSG00000253144,0.0
CIR1P1,0.0
ENSG00000253153,0.0
ENSG00000253155,0.0
H2AZP7,0.0
ENSG00000253160,0.0
ENSG00000253166,0.0
H2AZP2,0.0
ENSG00000253175,0.0
ENSG00000253176,0.0
ENSG00000253178,0.0
CALCP,0.0
ENSG00000253180,0.0
ENSG00000253183,0.0
ENSG00000253186,0.0
ENSG00000253195,0.0
ENSG00000253198,0.0
GUSBP3,0.0
ENSG00000253204,0.0
PSME2P5,0.0
USP12P1,0.0
ENSG00000253216,0.0
KLF3P1,0.0
KRT18P41,0.0
ENSG00000253223,0.0
PGAM5P1,0.0
ENSG00000253225,0.0
HAUS1P3,0.0
NRBF2P4,0.0
HIGD1AP6,0.0
COX6CP8,0.0
ENSG00000253232,0.0
ENSG00000253233,0.0
ENSG00000253237,0.0
MTND1P36,0.0
MTND4P7,0.0
ENSG00000253261,0.0
ENSG00000253262,0.0
ENSG00000253271,0.0
ENSG00000253273,0.0
ENSG00000253283,0.0
ENSG00000253290,0.0
MIOXP1,0.0
UFM1P3,0.0
ENSG00000253312,0.0
TMCC1P1,0.0
ENSG00000253319,0.0
ENSG00000253326,0.0
SUMO2P19,0.0
ENSG00000253330,0.0
RPL7AP80,0.0
ENSG00000253333,0.0
ENSG00000253336,0.0
ENSG00000253340,0.0
PCBP2P2,0.0
ENSG00000253346,0.0
COX6B1P6,0.0
ENSG00000253362,0.0
GUSBP16,0.0
ENSG00000253370,0.0
POU5F1P2,0.0
ENSG00000253383,0.0
ABRAXAS1P2,0.0
ENSG00000253391,0.0
RANP9,0.0
VTA1P2,0.0
ENSG00000253410,0.0
ENSG00000253413,0.0
ENSG00000253415,0.0
SNX18P27,0.0
ZNHIT1P1,0.0
ENSG00000253422,0.0
ENSG00000253423,0.0
HSPA8P13,0.0
ENSG00000253429,0.0
SRPK2P,0.0
RNU6-988P,0.0
CDC42P5,0.0
NDUFA5P2,0.0
HMGB1P19,0.0
ENSG00000253468,0.0
ENSG00000253472,0.0
ENSG00000253480,0.0
ENSG00000253483,0.0
SINHCAFP3,0.0
CDH12P3,0.0
ENSG00000253493,0.0
CYCSP23,0.0
ENSG00000253499,0.0
ATP6V1G1P2,0.0
MTCYBP19,0.0
ENSG00000253512,0.0
HMGB1P41,0.0
XRCC6P4,0.0
ENSG00000253520,0.0
CPP,0.0
ENSG00000253528,0.0
ENSG00000253536,0.0
FAM86HP,0.0
SEPTIN10P1,0.0
SDR16C6P,0.0
ENSG00000253543,0.0
C1GALT1P3,0.0
TUBAP7,0.0
ENSG00000253550,0.0
TARDBPP4,0.0
MTCO1P4,0.0
ENSG00000253558,0.0
ENSG00000253560,0.0
ENSG00000253564,0.0
ENSG00000253568,0.0
VENTXP5,0.0
RNF5P1,0.0
ENSG00000253571,0.0
SUMO2P16,0.0
TRMT10BP1,0.0
DPPA3P9,0.0
ENSG00000253600,0.0
RN7SL260P,0.0
HNRNPA1P38,0.0
AFG3L2P1,0.0
ENSG00000253610,0.0
VN1R46P,0.0
WBP1LP3,0.0
ENSG00000253615,0.0
ENSG00000253617,0.0
ENSG00000253620,0.0
RPSAP74,0.0
ENSG00000253623,0.0
ENSG00000253630,0.0
DPPA3P7,0.0
SUMO2P18,0.0
RPL6P32,0.0
SMARCE1P4,0.0
SOD1P3,0.0
IDI1P2,0.0
JCHAINP1,0.0
ENSG00000253657,0.0
NPM1P52,0.0
ENSG00000253667,0.0
ENSG00000253668,0.0
ENSG00000253670,0.0
TAGLN2P1,0.0
UBE2HP1,0.0
ENSG00000253680,0.0
ENSG00000253683,0.0
BUD31P1,0.0
MTND5P41,0.0
ENSG00000253697,0.0
ENSG00000253707,0.0
SUMO2P20,0.0
ENSG00000253723,0.0
ENSG00000253725,0.0
RNU6-323P,0.0
MARK2P11,0.0
CYP4F44P,0.0
ENSG00000253750,0.0
CARS1P2,0.0
ENSG00000253760,0.0
HMGB1P23,0.0
TPTE2P1,0.0
ENSG00000253772,0.0
ENSG00000253777,0.0
ZNF317P1,0.0
ENSG00000253785,0.0
NARS1P2,0.0
ENSG00000253790,0.0
ENSG00000253793,0.0
MTND1P5,0.0
ENSG00000253800,0.0
ENSG00000253801,0.0
ENSG00000253803,0.0
PSAT1P1,0.0
COX6B1P4,0.0
MRPS36P3,0.0
GUSBP14,0.0
ENSG00000253817,0.0
WBP1LP10,0.0
MTND2P38,0.0
DSTNP3,0.0
ENSG00000253840,0.0
ENSG00000253841,0.0
ENSG00000253843,0.0
ENSG00000253845,0.0
SLC2A3P1,0.0
TMEM97P2,0.0
PIGFP1,0.0
VPS51P16,0.0
ENSG00000253882,0.0
ENSG00000253884,0.0
ARF1P3,0.0
ENSG00000253886,0.0
ENSG00000253897,0.0
ENSG00000253899,0.0
CDH12P4,0.0
ENSG00000253907,0.0
ENSG00000253908,0.0
ENSG00000253912,0.0
MAPRE1P1,0.0
MTCO1P49,0.0
ENSG00000253917,0.0
THAP12P7,0.0
ENSG00000253923,0.0
MRPL49P2,0.0
NATP,0.0
ENSG00000253940,0.0
ENSG00000253942,0.0
KRT18P37,0.0
ENSG00000253945,0.0
RPL21P59,0.0
CCT3P1,0.0
HIGD1AP18,0.0
HMGN1P38,0.0
RPL31P40,0.0
ENSG00000253966,0.0
MTND2P7,0.0
CDC42P3,0.0
ENSG00000253975,0.0
MTCO2P4,0.0
ALG1L13P,0.0
ENSG00000253991,0.0
ENSG00000253993,0.0
NDUFB9P3,0.0
RPL10P18,0.0
ENSG00000253997,0.0
RPL10P8,0.0
MAP2K1P1,0.0
ENSG00000254014,0.0
MTND4LP26,0.0
ALG1L10P,0.0
PKMP4,0.0
BRIX1P1,0.0
ENSG00000254037,0.0
ENSG00000254047,0.0
ENSG00000254051,0.0
ENSG00000254061,0.0
DUXAP2,0.0
ENSG00000254065,0.0
ENSG00000254069,0.0
ENSG00000254070,0.0
ENSG00000254076,0.0
SRSF3P2,0.0
SLC2A3P4,0.0
MTND2P32,0.0
ENSG00000254091,0.0
PPIAP85,0.0
ENSG00000254104,0.0
VENTXP6,0.0
ATP5PFP3,0.0
HMGN1P28,0.0
MTCYBP20,0.0
EEF1A1P37,0.0
ENSG00000254131,0.0
MTND6P3,0.0
ENSG00000254145,0.0
HMGB1P46,0.0
ENSG00000254150,0.0
NIPA2P4,0.0
PPIAP84,0.0
CRYZL2P-SEC16B,0.0
MTND6P20,0.0
ENSG00000254158,0.0
ENSG00000254170,0.0
RNU5A-3P,0.0
SLC25A51P3,0.0
ENSG00000254182,0.0
DNAJC8P3,0.0
MAPK6P5,0.0
ENSG00000254189,0.0
ENSG00000254190,0.0
ENSG00000254193,0.0
TPM3P3,0.0
ENSG00000254198,0.0
RPL7AP33,0.0
ENSG00000254212,0.0
PRXL2AP2,0.0
ENSG00000254216,0.0
BTF3P1,0.0
FAM90A12,0.0
MTCO1P47,0.0
PAICSP4,0.0
ENSG00000254247,0.0
RPL7P20,0.0
NACAP10,0.0
ENSG00000254255,0.0
RPSAP71,0.0
ENSG00000254265,0.0
RFPL4AP7,0.0
ERHP1,0.0
BTF3P3,0.0
ENSG00000254273,0.0
CRIPTOP5,0.0
ENSG00000254283,0.0
KRT8P3,0.0
IMPDH1P6,0.0
MRPL9P1,0.0
ENSG00000254309,0.0
ENSG00000254310,0.0
SNRPCP17,0.0
MRPL57P7,0.0
ENSG00000254313,0.0
ENSG00000254316,0.0
ENSG00000254320,0.0
MIR151A,0.0
ENSG00000254328,0.0
CKS1BP7,0.0
TPM4P3,0.0
CDH12P1,0.0
ENSG00000254336,0.0
SNORD87,0.0
ENSG00000254342,0.0
MTND1P6,0.0
ENSG00000254348,0.0
ARL2BPP5,0.0
C4orf46P3,0.0
CYCSP22,0.0
ENSG00000254373,0.0
SOX5P1,0.0
TUBB8P5,0.0
MTND6P19,0.0
MYL12AP1,0.0
DUTP2,0.0
ENSG00000254392,0.0
ENSG00000254398,0.0
GLYATL1P4,0.0
OR10Y1P,0.0
ENSG00000254406,0.0
PHB1P17,0.0
OR4A1P,0.0
ENSG00000254411,0.0
ENSG00000254412,0.0
ENSG00000254423,0.0
ENSG00000254424,0.0
ENSG00000254425,0.0
OR6M3P,0.0
ENSG00000254436,0.0
COX6A1P4,0.0
EIF2S2P6,0.0
ENSG00000254442,0.0
ENSG00000254447,0.0
SF3A3P2,0.0
RCC2P6,0.0
HIGD1AP10,0.0
OR5D2P,0.0
PPIAP41,0.0
OR4A3P,0.0
THAP12P4,0.0
ENSG00000254471,0.0
OR4A49P,0.0
OR2AT1P,0.0
COX7CP3,0.0
SLC25A1P1,0.0
PTP4A2P2,0.0
ENSG00000254482,0.0
SUGT1P4,0.0
ENSG00000254487,0.0
OR5M7P,0.0
ENSG00000254491,0.0
ENSG00000254492,0.0
CBX3P8,0.0
ENSG00000254498,0.0
RANP3,0.0
FNTAP1,0.0
ENSG00000254503,0.0
KIAA1191P2,0.0
DEFB131E,0.0
ENSG00000254509,0.0
PHB1P2,0.0
TRPC6P5,0.0
ENSG00000254517,0.0
ENSG00000254522,0.0
OR8I4P,0.0
ENPP7P12,0.0
MRGPRX7P,0.0
PLS1P1,0.0
ENSG00000254537,0.0
MRGPRX6P,0.0
HSPD1P2,0.0
PCNAP4,0.0
MRGPRX13P,0.0
ANKRD33BP6,0.0
ENSG00000254555,0.0
ANKRD33BP8,0.0
ENSG00000254564,0.0
MTND2P26,0.0
UBTFL9,0.0
ENSG00000254569,0.0
GLULP3,0.0
OR4C1P,0.0
ENSG00000254579,0.0
VPS51P19,0.0
PSMA2P1,0.0
ENSG00000254583,0.0
EIF4A2P3,0.0
ENSG00000254590,0.0
ENSG00000254591,0.0
OR7E126P,0.0
ENSG00000254595,0.0
ENSG00000254596,0.0
CYCSP26,0.0
OR5M6P,0.0
PLA2G10BP,0.0
DNAJB6P1,0.0
OR6M2P,0.0
ENSG00000254616,0.0
ENSG00000254617,0.0
TMED10P1,0.0
SETP16,0.0
DEFB108E,0.0
OR4R3P,0.0
ENSG00000254629,0.0
STRA6LP,0.0
SMG1P6,0.0
OR4A18P,0.0
COX6CP5,0.0
ENSG00000254644,0.0
OR8B10P,0.0
MTCYBP41,0.0
ENSG00000254655,0.0
OR8J2,0.0
ENSG00000254660,0.0
OR4A11P,0.0
ENSG00000254668,0.0
WEE2P1,0.0
OR4A42P,0.0
OSBPL9P2,0.0
ENSG00000254678,0.0
PKD1P5,0.0
SNRPCP6,0.0
ENSG00000254684,0.0
COPS8P3,0.0
DEFB131C,0.0
ENSG00000254701,0.0
ENSG00000254702,0.0
ENSG00000254704,0.0
MMADHCP2,0.0
ENSG00000254712,0.0
HNRNPA1P72,0.0
OR7E154P,0.0
GLYATL1P2,0.0
ENSG00000254719,0.0
MRGPRX10P,0.0
FAM8A2P,0.0
OR4A12P,0.0
OR7E10P,0.0
ENSG00000254725,0.0
PTP4A1P6,0.0
ANKRD33BP2,0.0
ENSG00000254730,0.0
HMGB1P42,0.0
BRD9P1,0.0
MRGPRX11P,0.0
OR10V3P,0.0
MTND4LP18,0.0
HNRNPCP8,0.0
OR5BD1P,0.0
CASP1P2,0.0
TRIM64DP,0.0
OR5M2P,0.0
ENSG00000254755,0.0
ENSG00000254758,0.0
NAP1L1P1,0.0
TRIM53CP,0.0
ENSG00000254765,0.0
OR2AL1P,0.0
OR4A4P,0.0
OR4D7P,0.0
ENSG00000254771,0.0
PRR23D3P,0.0
EGLN1P1,0.0
ENSG00000254780,0.0
GVINP2,0.0
ENSG00000254783,0.0
DNAAF11P1,0.0
ENSG00000254785,0.0
ENSG00000254786,0.0
ENSG00000254792,0.0
FDPSP4,0.0
ENSG00000254794,0.0
OR5AP1P,0.0
VPS51P15,0.0
TFAMP2,0.0
SLC25A47P1,0.0
ENSG00000254800,0.0
ENSG00000254801,0.0
ENSG00000254803,0.0
SNRPCP14,0.0
OR10AK1P,0.0
ENSG00000254811,0.0
ENSG00000254816,0.0
ENSG00000254817,0.0
ENSG00000254818,0.0
ENSG00000254824,0.0
OR9G2P,0.0
ENSG00000254828,0.0
KRT18P58,0.0
OR4A40P,0.0
GVINP1,0.0
ENSG00000254840,0.0
OR4V1P,0.0
XIAPP2,0.0
OR5BN1P,0.0
ENSG00000254850,0.0
ENSG00000254851,0.0
ENSG00000254853,0.0
NDUFA3P2,0.0
MRGPRX12P,0.0
DEFB109D,0.0
ENSG00000254867,0.0
FBLIM1P2,0.0
SUGT1P4-STRA6LP,0.0
ENSG00000254877,0.0
ENSG00000254883,0.0
PRR13P2,0.0
ENSG00000254888,0.0
VPS51P9,0.0
ENSG00000254890,0.0
OR4A9P,0.0
ENSG00000254892,0.0
MTCO3P15,0.0
ENSG00000254897,0.0
OR8L1P,0.0
ENSG00000254909,0.0
MPHOSPH10P2,0.0
ENSG00000254914,0.0
ENSG00000254915,0.0
ANKRD33BP10,0.0
OR7E15P,0.0
ENSG00000254920,0.0
ENSG00000254923,0.0
ENSG00000254924,0.0
OR4C9P,0.0
ENSG00000254926,0.0
ENSG00000254929,0.0
MTATP6P15,0.0
ENSG00000254935,0.0
ENSG00000254937,0.0
ENSG00000254939,0.0
OR4A19P,0.0
ENSG00000254941,0.0
ATP5PBP5,0.0
OR8K4P,0.0
OR7E158P,0.0
GNG5P3,0.0
ENSG00000254953,0.0
SLC2A13P1,0.0
ENSG00000254957,0.0
TUBB4BP4,0.0
C1DP5,0.0
ENSG00000254974,0.0
OR8B7P,0.0
ALG1L9P,0.0
FTLP6,0.0
ENSG00000254992,0.0
TRIM77BP,0.0
ENSG00000255000,0.0
ENSG00000255001,0.0
CYCSP28,0.0
ELOCP22,0.0
COX5BP4,0.0
ENSG00000255011,0.0
ARL6IP1P3,0.0
VPS51P12,0.0
ENSG00000255018,0.0
OR5D15P,0.0
ENSG00000255022,0.0
VPS51P8,0.0
OR8B5P,0.0
SERPINA15P,0.0
SDHCP4,0.0
SUGT1P4-STRA6LP-CCDC180,0.0
PLA2G10EP,0.0
MORF4L1P3,0.0
SEPTIN7P11,0.0
HNRNPRP2,0.0
OR8X1P,0.0
BCAS2P1,0.0
OR4A44P,0.0
MTND1P35,0.0
ENSG00000255057,0.0
PDCL2P2,0.0
PPIAP43,0.0
RBMXP3,0.0
ENSG00000255065,0.0
OSBPL9P3,0.0
ENSG00000255074,0.0
CENPUP1,0.0
OR4X7P,0.0
OR4A6P,0.0
OR5AK1P,0.0
ENSG00000255085,0.0
ENSG00000255086,0.0
ENSG00000255088,0.0
OR1D4,0.0
OR5B10P,0.0
ENSG00000255099,0.0
PTMAP15,0.0
RPL7AP79,0.0
ENSG00000255107,0.0
ENSG00000255110,0.0
ANKRD33BP5,0.0
OR4A48P,0.0
ENSG00000255115,0.0
SLC5A4P1,0.0
ENSG00000255122,0.0
MTND5P21,0.0
EEF1A1P49,0.0
HSPD1P3,0.0
OR9L1P,0.0
OR8K2P,0.0
GLTPP1,0.0
OR5BN2P,0.0
HNRNPA1P76,0.0
ENSG00000255144,0.0
EVA1CP4,0.0
ENSG00000255149,0.0
ENSG00000255155,0.0
RNY1P9,0.0
DEFB130C,0.0
SPICP1,0.0
ANKRD33BP7,0.0
HSPE1P18,0.0
ENSG00000255166,0.0
ENSG00000255170,0.0
OR5AM1P,0.0
ENSG00000255174,0.0
ENSG00000255184,0.0
PDXDC2P,0.0
ENSG00000255188,0.0
GLYATL1P1,0.0
TRIM51DP,0.0
OR4A17P,0.0
GTF2IP11,0.0
PGAM1P8,0.0
OR7E2P,0.0
ENSG00000255204,0.0
MED28P5,0.0
ENSG00000255207,0.0
ENSG00000255210,0.0
ENSG00000255211,0.0
NPM1P35,0.0
ENSG00000255214,0.0
OR4R1P,0.0
OR5J7P,0.0
OR5BC1P,0.0
DDX18P5,0.0
SETP17,0.0
OR8B6P,0.0
VPS51P17,0.0
MRPS36P4,0.0
ENSG00000255232,0.0
ENSG00000255235,0.0
RFPL4AP1,0.0
TREHP1,0.0
ENSG00000255253,0.0
HIGD1AP5,0.0
PPP1R1AP1,0.0
ZNF123P,0.0
OR7E4P,0.0
ELOBP2,0.0
TMA16P1,0.0
ENSG00000255266,0.0
ENSG00000255268,0.0
VPS51P14,0.0
ABCC6P2,0.0
ENSG00000255280,0.0
ENSG00000255281,0.0
WTAPP1,0.0
ENSG00000255283,0.0
ENSG00000255285,0.0
ENSG00000255286,0.0
SNRPGP16,0.0
ENSG00000255288,0.0
HMGB1P40,0.0
WIZP1,0.0
OR4A50P,0.0
H3P34,0.0
ENSG00000255296,0.0
OR4A41P,0.0
OR5BA1P,0.0
OR4A46P,0.0
ANKRD33BP9,0.0
ENSG00000255309,0.0
OR4C7P,0.0
OR8A3P,0.0
MTND6P25,0.0
ENPP7P8,0.0
H2AZP4,0.0
ENSG00000255331,0.0
ENSG00000255333,0.0
ENSG00000255336,0.0
ENSG00000255338,0.0
OR8Q1P,0.0
ENSG00000255342,0.0
ENSG00000255347,0.0
OR4A7P,0.0
MTCO1P15,0.0
PPP1R10P1,0.0
ASS1P13,0.0
ENSG00000255356,0.0
NDUFAF2P2,0.0
ENSG00000255360,0.0
RPL7L1P17,0.0
ENSG00000255365,0.0
ENSG00000255368,0.0
ENSG00000255369,0.0
CYCSP25,0.0
AKTIPP3,0.0
DUXAP5,0.0
CYCSP29,0.0
ENSG00000255380,0.0
ENSG00000255381,0.0
UBTFL10,0.0
OR5BR1P,0.0
RDXP1,0.0
ENSG00000255391,0.0
ENSG00000255396,0.0
NASPP1,0.0
ENSG00000255401,0.0
HSPD1P13,0.0
ENSG00000255413,0.0
VPS51P11,0.0
OR10AF1P,0.0
MTCO2P15,0.0
MRGPRX9P,0.0
OR8G3P,0.0
CASP1P1,0.0
OR5B19P,0.0
ENSG00000255437,0.0
ENSG00000255442,0.0
CYCSP27,0.0
ENSG00000255445,0.0
ENSG00000255448,0.0
EEF1A1P47,0.0
ENSG00000255452,0.0
ENSG00000255454,0.0
ENSG00000255457,0.0
ENSG00000255459,0.0
ZDHHC20P3,0.0
OR8I1P,0.0
ENSG00000255463,0.0
SEPTIN14P8,0.0
OR5AL2P,0.0
BOLA3P1,0.0
OR56A7P,0.0
METTL5P4,0.0
OR5G4P,0.0
ENSG00000255486,0.0
ENSG00000255489,0.0
EIF4A2P5,0.0
H3P33,0.0
OR4A10P,0.0
ENSG00000255497,0.0
ENSG00000255499,0.0
ENSG00000255500,0.0
MTMR12P1,0.0
ENSG00000255505,0.0
OR8A2P,0.0
ENSG00000255511,0.0
ENSG00000255513,0.0
OR4B2P,0.0
ENSG00000255515,0.0
ENSG00000255519,0.0
SNRPCP5,0.0
ENSG00000255527,0.0
ENSG00000255530,0.0
NDUFS5P6,0.0
NOX4P1,0.0
ENSG00000255533,0.0
OR4A43P,0.0
ENSG00000255535,0.0
MRGPRX5P,0.0
OR10V2P,0.0
ENSG00000255540,0.0
CKS1BP4,0.0
ENSG00000255543,0.0
DEFB108D,0.0
RPA2P3,0.0
ENPP7P6,0.0
ENSG00000255550,0.0
ENSG00000255551,0.0
OR7E1P,0.0
ENSG00000255556,0.0
OR4R2P,0.0
UNC93B6,0.0
ENSG00000255563,0.0
ENSG00000255566,0.0
ENSG00000255575,0.0
ENSG00000255581,0.0
ENSG00000255583,0.0
ENSG00000255585,0.0
PCDHB17P,0.0
C10orf88B,0.0
ENSG00000255627,0.0
PABPC1P4,0.0
ENSG00000255653,0.0
ARL6IP1P1,0.0
APOOP3,0.0
ENSG00000255703,0.0
ENSG00000255704,0.0
ISG20L2P2,0.0
ENSG00000255723,0.0
TDGP1,0.0
ENSG00000255726,0.0
HNRNPABP1,0.0
GNAI2P1,0.0
ENSG00000255753,0.0
ENSG00000255757,0.0
MRPS18CP4,0.0
GOLGA2P10,0.0
VDAC2P2,0.0
ENSG00000255780,0.0
ENSG00000255786,0.0
PTP4A1P2,0.0
KRT8P11,0.0
ENSG00000255830,0.0
ENSG00000255836,0.0
AK3P6,0.0
Metazoa_SRP,0.0
ENSG00000255853,0.0
ENSG00000255860,0.0
ENSG00000255870,0.0
PABPN1P2,0.0
FUNDC2P1,0.0
ENSG00000255885,0.0
NDFIP1P1,0.0
ENSG00000255899,0.0
ENSG00000255900,0.0
RPL12P46,0.0
PDCD5P1,0.0
ENSG00000255919,0.0
ENSG00000255923,0.0
IFT57P1,0.0
ENSG00000255960,0.0
HSPD1P12,0.0
ENSG00000255965,0.0
HADHAP2,0.0
ENSG00000255972,0.0
ENSG00000255973,0.0
RAB11AP2,0.0
ENSG00000255977,0.0
NXPE2P1,0.0
MT1JP,0.0
TOMM20P2,0.0
TUBB4BP1,0.0
RPL7AP74,0.0
PSMC1P9,0.0
ENSG00000255995,0.0
ENSG00000255996,0.0
ENSG00000256004,0.0
TAS2R63P,0.0
ELOCP31,0.0
ENSG00000256028,0.0
CBX3P4,0.0
ENSG00000256035,0.0
MRPL40P1,0.0
PTTG1P2,0.0
ENSG00000256044,0.0
C12orf71BP,0.0
A2MP1,0.0
ENSG00000256070,0.0
ENSG00000256075,0.0
FAM133GP,0.0
ENSG00000256081,0.0
MTRF1LP1,0.0
ENSG00000256093,0.0
ENSG00000256098,0.0
ATP5MFP5,0.0
ENSG00000256108,0.0
FAM32EP,0.0
EGLN3P1,0.0
VPS51P3,0.0
ZKSCAN7P1,0.0
ENSG00000256148,0.0
ENSG00000256157,0.0
ENSG00000256159,0.0
ATF4P4,0.0
GCSHP4,0.0
ENSG00000256176,0.0
ENSG00000256181,0.0
DPPA4P3,0.0
OOEPP2,0.0
TMEM167AP2,0.0
SKP1P2,0.0
ENSG00000256220,0.0
ENSG00000256221,0.0
SUPT16HP1,0.0
RPL7AP3,0.0
ENSG00000256254,0.0
DDX11L8,0.0
TAS2R64P,0.0
ATP5MGP1,0.0
MTCH1P2,0.0
METTL8P1,0.0
OSBPL9P5,0.0
ATP6V1E1P3,0.0
NDUFA5P6,0.0
NIFKP3,0.0
RPL41P2,0.0
ABCC6P1,0.0
ENSG00000256346,0.0
OR8R1P,0.0
ENSG00000256350,0.0
RBISP3,0.0
ENSG00000256353,0.0
NTAN1P3,0.0
HSPA8P5,0.0
RPL31P57,0.0
ENSG00000256361,0.0
LRRC34P1,0.0
ENSG00000256372,0.0
ENSG00000256378,0.0
UBE2NP1,0.0
RPL41P5,0.0
ENSG00000256399,0.0
ENSG00000256400,0.0
OSBPL9P4,0.0
DNAJB6P5,0.0
ENSG00000256450,0.0
YWHABP2,0.0
ENSG00000256465,0.0
ENSG00000256480,0.0
ENSG00000256496,0.0
ENSG00000256502,0.0
FOLR1P1,0.0
ENSG00000256533,0.0
ENSG00000256552,0.0
ENSG00000256557,0.0
NANOGNBP2,0.0
NLRP9P1,0.0
ENPP7P5,0.0
ENSG00000256594,0.0
CYP2B7P,0.0
AK6P1,0.0
ADGRA3P1,0.0
ENSG00000256625,0.0
ENSG00000256626,0.0
ENSG00000256627,0.0
ENSG00000256630,0.0
ENSG00000256640,0.0
ENSG00000256651,0.0
ENSG00000256657,0.0
ENSG00000256663,0.0
ENSG00000256664,0.0
KLRA1P,0.0
ENSG00000256673,0.0
ENSG00000256674,0.0
SZRD1P1,0.0
MIX23P5,0.0
TAS2R12P,0.0
ENTR1P1,0.0
ENSG00000256708,0.0
CSGALNACT2P2,0.0
BTG1P1,0.0
ENSG00000256723,0.0
ENSG00000256734,0.0
RBBP4P5,0.0
ARPC3P3,0.0
ENSG00000256748,0.0
HPRT1P3,0.0
TIMM17BP1,0.0
ENSG00000256774,0.0
PDCL3P7,0.0
SRSF8BP,0.0
ENSG00000256799,0.0
ENSG00000256804,0.0
TPT1P12,0.0
ATP5MFP4,0.0
ENSG00000256827,0.0
ENSG00000256835,0.0
ENSG00000256843,0.0
BORCS8P1,0.0
CCND2P1,0.0
TCP1P3,0.0
ENSG00000256851,0.0
KNOP1P1,0.0
PSMC1P8,0.0
ARPC3P4,0.0
IQSEC3P1,0.0
GCNAP1,0.0
ENSG00000256913,0.0
ENSG00000256917,0.0
KRT17P8,0.0
ENSG00000256951,0.0
PPDPFP2,0.0
SNRPEP2,0.0
ENSG00000256975,0.0
TAS2R18P,0.0
ENSG00000256986,0.0
ENSG00000256987,0.0
ENSG00000257005,0.0
ENSG00000257012,0.0
SLC25A39P2,0.0
HSPE1P20,0.0
ENSG00000257035,0.0
RARS1P1,0.0
SRSF3P1,0.0
KCNK4-CATSPERZ,0.0
ENSG00000257070,0.0
RPL29P33,0.0
RPEP6,0.0
ENSG00000257078,0.0
ENSG00000257087,0.0
ENSG00000257094,0.0
LRRC37A13P,0.0
OR4F28P,0.0
ENSG00000257113,0.0
EEF1B2P4,0.0
ENSG00000257121,0.0
RRN3P3,0.0
KRT127P,0.0
ENSG00000257128,0.0
ENSG00000257129,0.0
ENSG00000257142,0.0
ENSG00000257146,0.0
PGAM1P5,0.0
ENSG00000257157,0.0
ENSG00000257159,0.0
MED15P6,0.0
ENSG00000257169,0.0
ENSG00000257171,0.0
AK6P2,0.0
ENSG00000257175,0.0
HMGN2P6,0.0
HNRNPA1P50,0.0
SPATA31F2P,0.0
ENSG00000257199,0.0
NACAP8,0.0
PRXL2AP1,0.0
ENSG00000257224,0.0
DYNLL1P4,0.0
ENSG00000257237,0.0
PARK7P1,0.0
PHB1P19,0.0
ENSG00000257254,0.0
ZNF271P,0.0
ENSG00000257281,0.0
H3P35,0.0
ENSG00000257288,0.0
ENSG00000257289,0.0
ENSG00000257292,0.0
ENSG00000257296,0.0
HAUS8P1,0.0
FAHD2P1,0.0
ENSG00000257307,0.0
ENSG00000257308,0.0
ASS1P14,0.0
ENSG00000257323,0.0
RACGAP1P1,0.0
HNRNPA1P69,0.0
PRELID2P1,0.0
ENSG00000257343,0.0
ENSG00000257350,0.0
BNIP3P6,0.0
ENSG00000257360,0.0
VENTXP3,0.0
MESDP1,0.0
ENSG00000257376,0.0
ENSG00000257379,0.0
MIR3179-2,0.0
ENSG00000257384,0.0
ENSG00000257389,0.0
ENSG00000257392,0.0
KRT126P,0.0
ENSG00000257403,0.0
ENSG00000257404,0.0
ENSG00000257405,0.0
ABCA3P1,0.0
OR6C73P,0.0
ENSG00000257415,0.0
ENSG00000257426,0.0
ENSG00000257432,0.0
SETP7,0.0
ENSG00000257464,0.0
ELOCP32,0.0
MRPL2P1,0.0
ENSG00000257489,0.0
ENSG00000257493,0.0
PAFAH1B2P2,0.0
CYB5AP5,0.0
PLA2G10HP,0.0
ENSG00000257511,0.0
ENSG00000257512,0.0
NPIPB1P,0.0
SFTA3,0.0
KRT8P19,0.0
ENSG00000257531,0.0
HSPA8P14,0.0
OR7E47P,0.0
ENSG00000257558,0.0
ENSG00000257564,0.0
GSTP1P1,0.0
ENSG00000257570,0.0
SSBL3P,0.0
HSPD1P4,0.0
ENSG00000257580,0.0
ENSG00000257586,0.0
ENSG00000257604,0.0
ENSG00000257609,0.0
ENSG00000257611,0.0
ENSG00000257616,0.0
ENSG00000257622,0.0
ENSG00000257624,0.0
ENSG00000257629,0.0
ENSG00000257635,0.0
ENSG00000257639,0.0
ENSG00000257643,0.0
ENSG00000257644,0.0
ENSG00000257645,0.0
CYCSP30,0.0
TMT1AP1,0.0
ENSG00000257658,0.0
EIF4A1P12,0.0
RSL24D1P5,0.0
CBX3P5,0.0
ENSG00000257668,0.0
ENSG00000257672,0.0
ENSG00000257674,0.0
BTBD10P1,0.0
ENSG00000257680,0.0
ENSG00000257687,0.0
ENSG00000257691,0.0
ILF2P2,0.0
ENSG00000257721,0.0
CHCHD3P2,0.0
LSM6P2,0.0
SSBP3P4,0.0
ENSG00000257738,0.0
ENSG00000257751,0.0
ENSG00000257752,0.0
OR6C7P,0.0
KRT18P20,0.0
OR5BK1P,0.0
ST13P3,0.0
ENSG00000257777,0.0
ENSG00000257779,0.0
GLYCAM1,0.0
AKIRIN1P1,0.0
EIF4A1P4,0.0
OR5BJ1P,0.0
FNBP1P1,0.0
MRS2P2,0.0
PIGAP1,0.0
STBD1P1,0.0
ENSG00000257813,0.0
C1GALT1P1,0.0
MRPS6P4,0.0
ENSG00000257823,0.0
ENSG00000257825,0.0
OTOAP1,0.0
KRT90P,0.0
SSBP3P5,0.0
LSM3P2,0.0
ENSG00000257848,0.0
HNRNPA3P10,0.0
ENSG00000257852,0.0
MED15P1,0.0
ENSG00000257855,0.0
MTND1P24,0.0
ENSG00000257864,0.0
ENSG00000257865,0.0
ENSG00000257872,0.0
ENSG00000257875,0.0
ENSG00000257884,0.0
PHB1P18,0.0
ENSG00000257896,0.0
ENSG00000257897,0.0
ENSG00000257905,0.0
EEF1A1P17,0.0
GLULP5,0.0
MRPS36P5,0.0
DENRP2,0.0
ENSG00000257943,0.0
ENSG00000257951,0.0
ENSG00000257954,0.0
NOP56P3,0.0
QRSL1P3,0.0
OLA1P3,0.0
ENSG00000257976,0.0
SNRPGP18,0.0
ENSG00000257991,0.0
ENSG00000257994,0.0
ENSG00000257998,0.0
HMGA1P3,0.0
ENSG00000258012,0.0
RPL3P13,0.0
HIGD1AP1,0.0
ENSG00000258021,0.0
OR5BT1P,0.0
NF1P4,0.0
SNX5P2,0.0
KRT125P,0.0
Metazoa_SRP,0.0
ENSG00000258051,0.0
ENSG00000258065,0.0
ARL2BPP2,0.0
ENSG00000258072,0.0
ENSG00000258073,0.0
VTI1BP3,0.0
ENSG00000258076,0.0
ARHGAP42P4,0.0
ENSG00000258090,0.0
ENSG00000258091,0.0
HIGD1AP9,0.0
ENSG00000258111,0.0
CCNG2P1,0.0
PPIAP45,0.0
PPIAP44,0.0
KRT128P,0.0
MKRN9P,0.0
ENSG00000258133,0.0
ENSG00000258134,0.0
ENSG00000258142,0.0
ENSG00000258148,0.0
HSPE1P4,0.0
ENSG00000258154,0.0
IMMP1LP2,0.0
ENSG00000258173,0.0
ENSG00000258179,0.0
ENSG00000258184,0.0
SLC7A5P2,0.0
ENSG00000258193,0.0
ENSG00000258202,0.0
ENSG00000258204,0.0
ENSG00000258205,0.0
ENSG00000258206,0.0
ENSG00000258210,0.0
ZNF75BP,0.0
ENSG00000258215,0.0
ENSG00000258224,0.0
ENSG00000258230,0.0
ARHGAP42P5,0.0
MTND2P17,0.0
OSTF1P1,0.0
RPL10P13,0.0
YPEL5P3,0.0
MTCH2P2,0.0
ENSG00000258271,0.0
ENSG00000258273,0.0
OR7K1P,0.0
CLUHP8,0.0
BTF3P2,0.0
POLR2KP1,0.0
NENFP2,0.0
BRWD1P2,0.0
NUTF2P2,0.0
ENSG00000258304,0.0
KLF17P1,0.0
ENSG00000258320,0.0
ENSG00000258324,0.0
DUX4L52,0.0
SYF2P1,0.0
IFITM3P6,0.0
NSA2P2,0.0
ENSG00000258358,0.0
PCNPP1,0.0
NF1P12,0.0
ENSG00000258367,0.0
ZNF970P,0.0
ADI1P3,0.0
SLC25A3P2,0.0
ENSG00000258375,0.0
ENSG00000258381,0.0
ENSG00000258385,0.0
ENSG00000258387,0.0
RPA2P1,0.0
BCAR1P1,0.0
ATP5MC2P2,0.0
TUBBP3,0.0
NT5CP2,0.0
ENSG00000258411,0.0
LONRF2P4,0.0
LONRF2P3,0.0
FXNP1,0.0
OR7E105P,0.0
RMB8AP1,0.0
TMEM183AP4,0.0
OR11K2P,0.0
ENSG00000258439,0.0
ENSG00000258440,0.0
MAD2L1P1,0.0
ENSG00000258446,0.0
ENSG00000258448,0.0
HMGN2P2,0.0
PTCD2P1,0.0
ENSG00000258462,0.0
ENSG00000258463,0.0
PHKBP2,0.0
OR11G1P,0.0
CHMP4BP1,0.0
PPIAP6,0.0
SRMP2,0.0
ENSG00000258488,0.0
ZFP64P1,0.0
ENSG00000258493,0.0
OR11J5P,0.0
ENSG00000258500,0.0
EIF3LP1,0.0
ENSG00000258503,0.0
ENSG00000258505,0.0
ENSG00000258506,0.0
ENSG00000258509,0.0
ENSG00000258510,0.0
ENSG00000258513,0.0
ENSG00000258519,0.0
NT5CP1,0.0
ASB9P1,0.0
BANF1P1,0.0
FKBP1BP1,0.0
ENSG00000258540,0.0
OR4K4P,0.0
ENSG00000258542,0.0
GLRXP2,0.0
CENPUP2,0.0
ENSG00000258549,0.0
OR7E106P,0.0
FAM204DP,0.0
ENSG00000258557,0.0
FTLP20,0.0
PSMA3P1,0.0
OR4N1P,0.0
BLZF2P,0.0
H1-8P2,0.0
DUX4L16,0.0
RHOQP1,0.0
H3P40,0.0
PTTG1P1,0.0
SNRPGP1,0.0
ENSG00000258578,0.0
ENSG00000258581,0.0
ZNF519P3,0.0
METTL5P1,0.0
NBEAP1,0.0
PPIAP4,0.0
CYB5AP3,0.0
SERPINA2,0.0
ENSG00000258599,0.0
DYNLL1P2,0.0
DNAJC19P9,0.0
YBX2P2,0.0
RPL21P7,0.0
ENSG00000258615,0.0
RPL21P9,0.0
ENSG00000258619,0.0
ENSG00000258622,0.0
SERPINE4P,0.0
OR11H5P,0.0
COX7A2P1,0.0
ENSG00000258627,0.0
RHPN2P1,0.0
NCOA4P1,0.0
ENSG00000258632,0.0
ENSG00000258638,0.0
ENSG00000258639,0.0
RPL21P5,0.0
OR4T1P,0.0
HSPE1P2,0.0
UBE2CP1,0.0
HSBP1P1,0.0
ENSG00000258656,0.0
ENSG00000258665,0.0
COX6CP11,0.0
ENSG00000258671,0.0
ENSG00000258679,0.0
ENSG00000258680,0.0
ENSG00000258681,0.0
BMS1P16,0.0
AKR1B1P5,0.0
SALL4P7,0.0
SRP54-AS1,0.0
ENSG00000258705,0.0
SLC20A1P3,0.0
ENSG00000258707,0.0
CXADRP2,0.0
OR11H3P,0.0
CKAP2P1,0.0
DUXAP6,0.0
ENSG00000258732,0.0
ENSG00000258734,0.0
SUB1P2,0.0
ENO1P2,0.0
H2AZ2P1,0.0
ENSG00000258746,0.0
ENSG00000258750,0.0
ENSG00000258758,0.0
ENSG00000258759,0.0
MTND4P33,0.0
ENSG00000258764,0.0
ENSG00000258767,0.0
RAP1AP,0.0
BCAR1P2,0.0
NANOGP7,0.0
EIF2S2P1,0.0
BMS1P15,0.0
CDRT15P13,0.0
ENSG00000258782,0.0
KRT18P6,0.0
SEPHS1P2,0.0
CKS1BP1,0.0
DUX4L27,0.0
ENSG00000258796,0.0
MPHOSPH10P4,0.0
ZNF519P2,0.0
ENSG00000258802,0.0
ADIPOR1P2,0.0
OR11H7,0.0
ENSG00000258816,0.0
OR4K16P,0.0
ENSG00000258823,0.0
KRT8P2,0.0
DUX4L4,0.0
ENSG00000258836,0.0
EEF1A1P2,0.0
EEF1A1P33,0.0
GRAMD4P6,0.0
OR7E159P,0.0
OR11J2P,0.0
ENSG00000258856,0.0
SETP1,0.0
EIF4EBP1P1,0.0
FDPSP3,0.0
ATP5F1AP4,0.0
ENSG00000258878,0.0
NBEAP4,0.0
HIGD1AP17,0.0
ENSG00000258887,0.0
ENSG00000258892,0.0
SETP2,0.0
ARHGAP16P,0.0
ENSG00000258895,0.0
SCOCP1,0.0
OR4U1P,0.0
HNRNPCP1,0.0
ENSG00000258901,0.0
ENSG00000258906,0.0
PSMB3P1,0.0
GPRASP3P1,0.0
SPATA31E2P,0.0
ZMYND19P1,0.0
MTND5P35,0.0
ENSG00000258924,0.0
NPM1P5,0.0
ENSG00000258930,0.0
MIR3171HG,0.0
YWHAQP1,0.0
KRT8P1,0.0
KRT18P7,0.0
COX4I1P1,0.0
FTH1P13,0.0
ENSG00000258962,0.0
EDDM3DP,0.0
ENSG00000258964,0.0
ENSG00000258965,0.0
GTF3AP2,0.0
HMGN1P3,0.0
ENSG00000258968,0.0
ENSG00000258971,0.0
NDUFB8P1,0.0
HIF1AP1,0.0
EIF1AXP2,0.0
COX5AP2,0.0
SF3B4P1,0.0
MPPE1P1,0.0
DUX4L19,0.0
ENSG00000258993,0.0
PARP1P2,0.0
PPIAP5,0.0
NF1P2,0.0
DOCK11P1,0.0
TPRX2,0.0
NUP50P1,0.0
MTCYBP27,0.0
ENSG00000259013,0.0
ENSG00000259015,0.0
ENSG00000259016,0.0
EIF4BP1,0.0
ENSG00000259020,0.0
TPRX1P1,0.0
DNAJC8P1,0.0
ENSG00000259025,0.0
DUX4L18,0.0
ENSAP2,0.0
BRD7P1,0.0
MTCO1P2,0.0
RRAGAP1,0.0
ENSG00000259047,0.0
CHORDC2P,0.0
HNRNPUP1,0.0
ENSG00000259053,0.0
DUXAP1,0.0
THRAP3P2,0.0
PEBP1P1,0.0
ENSG00000259064,0.0
PSMB7P1,0.0
PTBP1P,0.0
ENSG00000259079,0.0
ENSG00000259080,0.0
ENSG00000259084,0.0
KIAA1143P1,0.0
GRAMD4P5,0.0
SEPTIN7P1,0.0
GTF2IP22,0.0
SHLD2P2,0.0
ENSG00000259098,0.0
ENSG00000259099,0.0
COILP1,0.0
SMARCE1P3,0.0
RPS3AP4,0.0
ENSG00000259109,0.0
ENSG00000259117,0.0
ENSG00000259121,0.0
TVP23BP1,0.0
ENSG00000259136,0.0
ENSG00000259137,0.0
ENSG00000259140,0.0
RANBP20P,0.0
YWHAZP1,0.0
CAP2P1,0.0
DUX4L17,0.0
STK16P1,0.0
CHEK2P2,0.0
ENSG00000259157,0.0
ENSG00000259160,0.0
NPM1P20,0.0
ENSG00000259162,0.0
DDX18P1,0.0
NMNAT1P1,0.0
GNRHR2P1,0.0
ENSG00000259173,0.0
UBE2CP4,0.0
MED28P6,0.0
MRPS15P1,0.0
ENSG00000259191,0.0
ENSG00000259192,0.0
ENSG00000259195,0.0
PRKXP1,0.0
RPL7L1P15,0.0
ENSG00000259214,0.0
ENSG00000259216,0.0
ENSG00000259217,0.0
ENSG00000259227,0.0
HNRNPA1P62,0.0
ENSG00000259229,0.0
ENSG00000259231,0.0
ENSG00000259232,0.0
GOLGA8VP,0.0
ENSG00000259239,0.0
HMGN2P47,0.0
TTTY25P,0.0
ENSG00000259257,0.0
ENSG00000259258,0.0
NPM1P42,0.0
NDUFA3P4,0.0
ENSG00000259266,0.0
ENSG00000259270,0.0
ANKRD62P1,0.0
ENSG00000259273,0.0
ENSG00000259286,0.0
CSPG4P12,0.0
ENSG00000259299,0.0
TUBBP8,0.0
ENSG00000259301,0.0
ENSG00000259302,0.0
ENSG00000259304,0.0
FABP5P8,0.0
ACTG1P17,0.0
ENSG00000259317,0.0
HMGN1P1,0.0
OR11K1BP,0.0
ENSG00000259333,0.0
HNRNPMP1,0.0
H3P39,0.0
TGIF1P1,0.0
ENSG00000259340,0.0
ENSG00000259346,0.0
ENSG00000259350,0.0
DEPDC1P1,0.0
ENSG00000259369,0.0
NDUFB4P11,0.0
DCAF13P3,0.0
MTND5P32,0.0
ENSG00000259381,0.0
ENSG00000259388,0.0
H3P38,0.0
ENSG00000259392,0.0
ENSG00000259393,0.0
ENSG00000259394,0.0
ENSG00000259397,0.0
EFL1P1,0.0
ISCA1P4,0.0
HNRNPA1P45,0.0
ENSG00000259413,0.0
ENSG00000259414,0.0
HNRNPCP3,0.0
ENSG00000259421,0.0
ENSG00000259425,0.0
DPPA5P2,0.0
HMGB3P26,0.0
UBE2Q2P2,0.0
ENSG00000259433,0.0
OR4N3P,0.0
NPM1P43,0.0
MRPL15P1,0.0
NIFKP8,0.0
ENSG00000259452,0.0
WBP1LP5,0.0
ANP32BP3,0.0
SNRPCP18,0.0
AHCYP7,0.0
NPM1P47,0.0
NDUFAF4P1,0.0
KRT8P9,0.0
ENSG00000259477,0.0
SORD2P,0.0
KRT18P47,0.0
TFDP1P3,0.0
GEMIN8P1,0.0
KRT8P24,0.0
ENSG00000259502,0.0
ENSG00000259505,0.0
ENSG00000259507,0.0
ENSG00000259509,0.0
HNRNPA1P5,0.0
CYCSP38,0.0
ANP32AP1,0.0
GCSHP2,0.0
ENSG00000259531,0.0
ENSG00000259533,0.0
RPL21P12,0.0
UBE2Q2P11,0.0
RPL15P19,0.0
CYCSP2,0.0
HNRNPA1P74,0.0
ENSG00000259556,0.0
HMGN1P26,0.0
MESTP2,0.0
ENSG00000259562,0.0
KRT8P23,0.0
ENSG00000259569,0.0
ENSG00000259570,0.0
NMNAT1P5,0.0
ENSG00000259580,0.0
TYRO3P,0.0
RBM17P4,0.0
ENSG00000259586,0.0
PRELID1P4,0.0
MTND5P40,0.0
ENSG00000259600,0.0
ENSG00000259601,0.0
ENSG00000259608,0.0
ENSG00000259609,0.0
EEF1A1P22,0.0
TUBAP12,0.0
ENSG00000259619,0.0
ENSG00000259622,0.0
MTND3P12,0.0
FABP5P9,0.0
ENSG00000259632,0.0
UBE2Q2P8,0.0
DNM1P38,0.0
ENSG00000259646,0.0
ENSG00000259648,0.0
MTCO3P23,0.0
ENSG00000259655,0.0
PIGHP1,0.0
DNM1P47,0.0
ENSG00000259665,0.0
MTCYBP23,0.0
RPL7AP75,0.0
ENSG00000259677,0.0
ENSG00000259683,0.0
HNRNPA1P71,0.0
ENSG00000259688,0.0
FKBP1AP2,0.0
ENSG00000259695,0.0
ENSG00000259696,0.0
FAM30C,0.0
HMGB1P8,0.0
HSP90B2P,0.0
ENSG00000259707,0.0
NUTF2P6,0.0
ENSG00000259722,0.0
CSPG4P11,0.0
LINC00933,0.0
ZNF444P1,0.0
ENSG00000259742,0.0
ENSG00000259743,0.0
HSPE1P3,0.0
NCAPGP2,0.0
NSA2P4,0.0
TUBAP11,0.0
ENSG00000259769,0.0
ENSG00000259770,0.0
HMGB1P6,0.0
ANP32BP1,0.0
ENSG00000259800,0.0
ENSG00000259822,0.0
ENSG00000259827,0.0
CYP4A26P,0.0
AGGF1P6,0.0
ELOCP2,0.0
IGHV3OR16-16,0.0
GNPATP,0.0
HERC2P10,0.0
ENSG00000259848,0.0
RAB43P1,0.0
ENSG00000259864,0.0
ENSG00000259866,0.0
ENSG00000259873,0.0
ENSG00000259874,0.0
ENSG00000259882,0.0
DNM1P50,0.0
ENSG00000259892,0.0
FRG2JP,0.0
ACTG1P15,0.0
ENSG00000259909,0.0
HNRNPLP2,0.0
NDUFA5P11,0.0
CFAP69P1,0.0
ENSG00000259923,0.0
ENSG00000259924,0.0
ENSG00000259931,0.0
ENSG00000259934,0.0
ENSG00000259948,0.0
ENSG00000259950,0.0
ENSG00000259962,0.0
ENSG00000259963,0.0
FAM153DP,0.0
ENSG00000259970,0.0
MRPS21P8,0.0
VN1R68P,0.0
CDC37P1,0.0
ENSG00000259983,0.0
ENSG00000259984,0.0
DUX4L46,0.0
ENSG00000259990,0.0
ENSG00000259992,0.0
ENSG00000259993,0.0
RARRES2P8,0.0
KRBOX5P1,0.0
ENSG00000260012,0.0
LSM3P5,0.0
MRPS21P7,0.0
RPL10P14,0.0
ENSG00000260033,0.0
ENSG00000260036,0.0
BCAP31P2,0.0
ABCB10P4,0.0
GOLGA2P11,0.0
MTND4LP25,0.0
ENSG00000260068,0.0
NSFP1,0.0
MPHOSPH10P1,0.0
ENSG00000260082,0.0
PCMTD1P2,0.0
ADAM3B,0.0
DNM1P33,0.0
ENSG00000260103,0.0
ENSG00000260104,0.0
AOC4P,0.0
ENSG00000260109,0.0
ENSG00000260112,0.0
ENSG00000260113,0.0
ULK4P2,0.0
CA5AP1,0.0
C1QL1P1,0.0
CSPG4P13,0.0
ENSG00000260144,0.0
ENSG00000260146,0.0
MTND5P34,0.0
ENSG00000260152,0.0
RARRES2P10,0.0
ENSG00000260157,0.0
ENSG00000260159,0.0
MTCYBP28,0.0
ENSG00000260165,0.0
SYNGR2P1,0.0
ENSG00000260184,0.0
PPIAP48,0.0
DUX4L47,0.0
ENSG00000260211,0.0
ENSG00000260212,0.0
ENSG00000260218,0.0
UBL5P4,0.0
PPIAP51,0.0
APOOP5,0.0
SUB1P4,0.0
ENSG00000260251,0.0
ENSG00000260255,0.0
ENSG00000260258,0.0
PPIAP46,0.0
ENSG00000260269,0.0
ENSG00000260275,0.0
SLX1B-SULT1A4,0.0
EIF4EBP2P2,0.0
TPSP2,0.0
ENSG00000260290,0.0
FRG2GP,0.0
ACTG1P16,0.0
PABPC1P13,0.0
ENSG00000260308,0.0
COX6CP1,0.0
PHB1P21,0.0
ACTR3BP3,0.0
DPPA3P11,0.0
ENSG00000260335,0.0
C2orf69P2,0.0
ENSG00000260344,0.0
ENSG00000260345,0.0
MOCS1P1,0.0
DNM1P34,0.0
ENSG00000260375,0.0
ENSG00000260379,0.0
TMEM183AP3,0.0
LDC1P,0.0
WBP11P1,0.0
ENSG00000260395,0.0
MPHOSPH10P6,0.0
ENSG00000260404,0.0
ENSG00000260405,0.0
ENSG00000260410,0.0
ENSG00000260413,0.0
ENSG00000260414,0.0
AGGF1P9,0.0
VPS51P1,0.0
MTCH2P3,0.0
ENSG00000260443,0.0
ENSG00000260444,0.0
ENSG00000260445,0.0
GEMIN8P2,0.0
TPRKBP2,0.0
FTLP14,0.0
PPIAP49,0.0
ENSG00000260472,0.0
C2orf69P4,0.0
ENSG00000260483,0.0
MYL12BP1,0.0
RPL7L1P16,0.0
ENSG00000260497,0.0
ENSG00000260514,0.0
CHEK2P7,0.0
BMS1P8,0.0
ENSG00000260522,0.0
CYP3A52P,0.0
ENSG00000260525,0.0
ABHD17AP8,0.0
MT1L,0.0
BNIP3P5,0.0
EIF5A2P1,0.0
TPST2P1,0.0
ENSG00000260584,0.0
ENSG00000260590,0.0
OR4C49P,0.0
FRG2IP,0.0
HMGN2P40,0.0
ENSG00000260610,0.0
RPL23AP97,0.0
ENSG00000260622,0.0
ENSG00000260628,0.0
RBM22P12,0.0
ENSG00000260639,0.0
HERC2P5,0.0
ENSG00000260649,0.0
ENSG00000260662,0.0
ENSG00000260668,0.0
ENSG00000260669,0.0
ENSG00000260674,0.0
TCERG1P2,0.0
ENSG00000260678,0.0
AGGF1P5,0.0
RN7SKP176,0.0
ENSG00000260685,0.0
ENSG00000260688,0.0
HNRNPA3P11,0.0
CYCSP39,0.0
ENSG00000260702,0.0
ENSG00000260714,0.0
VN1R67P,0.0
VN1R69P,0.0
KLF8P1,0.0
SLC7A5P1,0.0
KRT8P22,0.0
KIF18BP1,0.0
ENSG00000260747,0.0
ACSM5P1,0.0
ENSG00000260764,0.0
CES1P2,0.0
ENSG00000260774,0.0
GOLGA6FP,0.0
ARHGAP23P1,0.0
ENSG00000260782,0.0
ENSG00000260784,0.0
ENSG00000260795,0.0
ENSG00000260797,0.0
KRT8P50,0.0
ENSG00000260803,0.0
VPS35P1,0.0
OR4C45,0.0
RARRES2P7,0.0
PPIAP47,0.0
ENSG00000260817,0.0
UNGP1,0.0
HMGB3P32,0.0
ENSG00000260844,0.0
FRG2HP,0.0
ENSG00000260860,0.0
CYP2C60P,0.0
ABHD17AP7,0.0
ENSG00000260865,0.0
ENSG00000260866,0.0
NDUFB10P1,0.0
ENSG00000260882,0.0
VN1R65P,0.0
CKBP1,0.0
DNM1P30,0.0
ENSG00000260899,0.0
ENSG00000260900,0.0
PLA2G10CP,0.0
ENSG00000260909,0.0
SPCS2P1,0.0
ENSG00000260933,0.0
MTCH2P4,0.0
RPL23AP91,0.0
RARRES2P5,0.0
FGFR3P5,0.0
ENSG00000260991,0.0
AGGF1P7,0.0
NPM1P3,0.0
RARRES2P6,0.0
AGAP11,0.0
ENSG00000261017,0.0
WFDC21P,0.0
ENSG00000261041,0.0
C2orf69P1,0.0
ENSG00000261047,0.0
ENSG00000261048,0.0
NAMPTP3,0.0
ENSG00000261056,0.0
ENSG00000261067,0.0
ENSG00000261072,0.0
ENSG00000261077,0.0
ENSG00000261081,0.0
PPP1R1AP2,0.0
CDC37P2,0.0
ATP5MFP6,0.0
ENSG00000261108,0.0
ENSG00000261111,0.0
ENSG00000261127,0.0
ADAMTS7P3,0.0
ENSG00000261144,0.0
ENSG00000261145,0.0
TIPINP2,0.0
ENSG00000261153,0.0
HMGB1P33,0.0
ENSG00000261178,0.0
PLA2G10FP,0.0
RNF126P1,0.0
CYP4A43P,0.0
ENSG00000261197,0.0
UBE2FP2,0.0
PLA2G10JP,0.0
NIFKP4,0.0
ENSG00000261208,0.0
SULT1C2P2,0.0
ENSG00000261215,0.0
BCAP31P1,0.0
ENSG00000261232,0.0
ABCD1P3,0.0
ENSG00000261234,0.0
ANKRD26P1,0.0
ENSG00000261245,0.0
ENSG00000261259,0.0
ENSG00000261263,0.0
TP53TG3GP,0.0
ENSG00000261278,0.0
ULK4P1,0.0
ENSG00000261281,0.0
SOD1P2,0.0
RBM22P13,0.0
ENSG00000261289,0.0
CYP4A44P,0.0
C2orf69P3,0.0
GOLGA6GP,0.0
LARP4P,0.0
PPIAP50,0.0
CD24P2,0.0
EIF4BP5,0.0
ENSG00000261349,0.0
ENSG00000261356,0.0
ENSG00000261362,0.0
ENSG00000261365,0.0
GOLGA6L23P,0.0
PDCD6IPP2,0.0
ENSG00000261391,0.0
HSPE1P5,0.0
HERC2P1,0.0
CHEK2P6,0.0
HERC2P6,0.0
PLA2G10DP,0.0
ATP5PBP7,0.0
DPPA2P4,0.0
DUX4L45,0.0
ENSG00000261444,0.0
ENSG00000261457,0.0
ENSG00000261458,0.0
UBE2MP1,0.0
RARRES2P9,0.0
ENSG00000261487,0.0
DNM1P31,0.0
MPHOSPH10P7,0.0
ENSG00000261499,0.0
CYP3A137P,0.0
VN1R70P,0.0
ENSG00000261522,0.0
ABCB10P3,0.0
ENSG00000261527,0.0
CCNYL7,0.0
ABHD17AP9,0.0
HLA-P,0.0
ENSG00000261549,0.0
ENSG00000261553,0.0
ENSG00000261554,0.0
SMG1P7,0.0
EEF1A1P38,0.0
FSCN1P1,0.0
ENSG00000261561,0.0
ENSG00000261564,0.0
ENSG00000261575,0.0
ENPP7P13,0.0
HERC2P11,0.0
ENSG00000261588,0.0
ENSG00000261590,0.0
CYP4A27P,0.0
HERC2P8,0.0
ENSG00000261606,0.0
ENSG00000261607,0.0
SLC25A1P4,0.0
SUB1P3,0.0
YBX3P1,0.0
HMGN2P41,0.0
NDUFB10P2,0.0
ENSG00000261628,0.0
ENSG00000261635,0.0
IMPDH1P11,0.0
TUBAP4,0.0
ATP5PDP1,0.0
ENSG00000261680,0.0
AGGF1P4,0.0
ENSG00000261702,0.0
DNM1P32,0.0
ENSG00000261709,0.0
FRG2DP,0.0
ENSG00000261714,0.0
H2BC20P,0.0
ENSG00000261719,0.0
ENSG00000261725,0.0
ENSG00000261727,0.0
FRG2KP,0.0
ENSG00000261747,0.0
SPRING1P3,0.0
AGGF1P8,0.0
KRT18P18,0.0
DNAAF4-CCPG1,0.0
ENSG00000261774,0.0
ENSG00000261776,0.0
ENSG00000261778,0.0
ENSG00000261782,0.0
DNM1P28,0.0
CYP3A54P,0.0
TUBB8P7,0.0
ENSG00000261813,0.0
ENSG00000261819,0.0
DNM1P49,0.0
ENSG00000261835,0.0
ENSG00000261864,0.0
MFSD1P1,0.0
ENSG00000261882,0.0
MTND5P33,0.0
RPL23AP84,0.0
LARP7P2,0.0
ISCA1P3,0.0
ENSG00000261970,0.0
KYNUP1,0.0
ENSG00000262000,0.0
ENSG00000262008,0.0
ENSG00000262048,0.0
ENSG00000262067,0.0
SNORD3B-2,0.0
IL9RP4,0.0
OR1P1,0.0
ENSG00000262090,0.0
MTATP6P25,0.0
PCDHB19P,0.0
OR1D3P,0.0
MTND6P33,0.0
MTCO1P28,0.0
ENSG00000262120,0.0
GARS1P1,0.0
ENSG00000262140,0.0
ENSG00000262141,0.0
EIF1P4,0.0
MTCO3P24,0.0
ENSG00000262181,0.0
ENSG00000262187,0.0
TMF1P1,0.0
ENSG00000262248,0.0
MTND4LP24,0.0
ENSG00000262262,0.0
ENSG00000262271,0.0
RPL7L1P19,0.0
MTND4P34,0.0
HNRNPA1P16,0.0
NDUFA3P6,0.0
MTATP6P24,0.0
ENSG00000262384,0.0
CANT1P1,0.0
MCUR1P1,0.0
ENSG00000262408,0.0
TVP23CP2,0.0
ENSG00000262471,0.0
SAMD11P1,0.0
ENSG00000262488,0.0
ENSG00000262492,0.0
ENSG00000262495,0.0
FAM187B2P,0.0
MAPK8IP1P1,0.0
SPICP3,0.0
DPPA3P6,0.0
ENSG00000262518,0.0
TXNP4,0.0
ENSG00000262539,0.0
ENSG00000262561,0.0
ENSG00000262566,0.0
TMEM231P1,0.0
ENSG00000262587,0.0
BTF3P14,0.0
ENSG00000262623,0.0
ENSG00000262636,0.0
PHB1P15,0.0
ENSG00000262651,0.0
ENSG00000262691,0.0
ENSG00000262700,0.0
ENSG00000262708,0.0
MRPS21P9,0.0
ENSG00000262803,0.0
ENSG00000262818,0.0
ENSG00000262855,0.0
CYCSP40,0.0
ENSG00000262880,0.0
ENSG00000262885,0.0
MTCO1P40,0.0
TMPOP2,0.0
ALOX12P2,0.0
EIF4A1P9,0.0
RPL23AP86,0.0
ENSG00000262961,0.0
KARS1P3,0.0
ENSG00000262974,0.0
OR52L2P,0.0
ENSG00000262990,0.0
ROCK1P1,0.0
ENSG00000263017,0.0
ENSG00000263029,0.0
ENSG00000263045,0.0
ENSG00000263070,0.0
ENSG00000263107,0.0
ARL2BPP8,0.0
LRRC37A17P,0.0
MTND1P8,0.0
HNRNPCP4,0.0
ENSG00000263189,0.0
MTND3P13,0.0
ENSG00000263199,0.0
KYNUP3,0.0
ENSG00000263212,0.0
RYKP1,0.0
ATP5F1AP3,0.0
MTCYBP33,0.0
ENSG00000263252,0.0
RPS7P1,0.0
ENSG00000263311,0.0
ENSG00000263326,0.0
ENSG00000263343,0.0
MIR5011,0.0
AKR1B10P2,0.0
RN7SL134P,0.0
MIR378H,0.0
MIR5702,0.0
ABHD17AP5,0.0
MSANTD3P1,0.0
ENSG00000263369,0.0
MIR548AO,0.0
ENSG00000263375,0.0
MIR5584,0.0
MIR3973,0.0
MIR3119-2,0.0
ENSG00000263396,0.0
MIR3170,0.0
MIR4673,0.0
PA2G4P3,0.0
MIR4660,0.0
MIR4747,0.0
RN7SL460P,0.0
MIR4538,0.0
MIR3187,0.0
RN7SL471P,0.0
RN7SL689P,0.0
ENSG00000263433,0.0
MIR3158-1,0.0
MIR4753,0.0
MIR4450,0.0
ENSG00000263453,0.0
MIR5189,0.0
MIR4455,0.0
BOD1P1,0.0
MIR3130-2,0.0
MIR3156-1,0.0
RN7SL509P,0.0
ANTXRLP1,0.0
MTATP6P3,0.0
RN7SL155P,0.0
MAPK8IP1P2,0.0
SLC25A3P3,0.0
MIR4497,0.0
MIR5699,0.0
MIR4311,0.0
MIR3668,0.0
MIR548AN,0.0
MIR378G,0.0
MIR4526,0.0
RN7SL122P,0.0
MIR4463,0.0
AK4P1,0.0
RN7SL387P,0.0
MIR5582,0.0
RN7SL383P,0.0
RN7SL716P,0.0
MIR4704,0.0
UBBP4,0.0
MIR7853,0.0
MIR4270,0.0
MIR4665,0.0
MIR548X2,0.0
MIR4522,0.0
MIR4480,0.0
MIR4804,0.0
RN7SL823P,0.0
MIR3936,0.0
MIR3915,0.0
MIR3185,0.0
ENSG00000263604,0.0
CHORDC1P4,0.0
RN7SL353P,0.0
MIR4306,0.0
RN7SL178P,0.0
MIR3155A,0.0
MIR5586,0.0
MIR378D1,0.0
MIR3919,0.0
MIR4777,0.0
MIR4802,0.0
MIR4515,0.0
BPTFP1,0.0
ENSG00000263648,0.0
MIR3135B,0.0
MIR548AX,0.0
SNORA70D,0.0
RN7SL470P,0.0
MIR4457,0.0
RN7SL750P,0.0
MIR5581,0.0
MIR4632,0.0
MIR3197,0.0
ENSG00000263682,0.0
MIR548D2,0.0
MIR3161,0.0
MIR3621,0.0
MIR5689,0.0
MIR4639,0.0
SLC25A51P2,0.0
SNORD39,0.0
FTLP13,0.0
ENSG00000263729,0.0
MIR3937,0.0
ENSG00000263733,0.0
MIR4643,0.0
MIR4662B,0.0
RN7SL4P,0.0
MIR548AS,0.0
MIR3165,0.0
MIR3664,0.0
MIR4277,0.0
EXOGP1,0.0
OOSP1P2,0.0
MIR548AV,0.0
MIR3133,0.0
RN7SL498P,0.0
MIR4286,0.0
MIR3686,0.0
SNORD43,0.0
ENSG00000263772,0.0
SNORA4,0.0
ENSG00000263781,0.0
MIR5590,0.0
MIR3182,0.0
ENSG00000263788,0.0
MIR4473,0.0
MIR3115,0.0
RN7SL457P,0.0
MIR5100,0.0
ENSG00000263798,0.0
MIR5684,0.0
MIR3675,0.0
MIR3679,0.0
RN7SL426P,0.0
MIR548AW,0.0
RDM1P5,0.0
MIR4439,0.0
SINHCAFP1,0.0
MIR378E,0.0
MIR4635,0.0
MIR4698,0.0
RN7SL44P,0.0
CIAPIN1P,0.0
MIR4744,0.0
MIR4729,0.0
MIR4769,0.0
MIR3927,0.0
ENSG00000263870,0.0
MIR4528,0.0
MIR4436B2,0.0
RN7SL774P,0.0
EEF1DP7,0.0
MIR3920,0.0
USP32P4,0.0
MIR4303,0.0
MIR4667,0.0
MIR3925,0.0
MIR4669,0.0
RN7SL555P,0.0
MIR3116-1,0.0
MIR5000,0.0
MTND2P13,0.0
ENSG00000263917,0.0
MIR3670-1,0.0
MIR4462,0.0
MIR4448,0.0
SNORD3A,0.0
TOMM20P3,0.0
RN7SL275P,0.0
RN7SL32P,0.0
RN7SL435P,0.0
MIR548Y,0.0
ENSG00000263946,0.0
RN7SL850P,0.0
ENSG00000263963,0.0
MIR4509-3,0.0
MIR4290,0.0
RN7SL381P,0.0
RN7SL678P,0.0
MIR1587,0.0
MIR4760,0.0
RN7SL121P,0.0
YWHAEP3,0.0
MIR4499,0.0
MIR4672,0.0
MIR5705,0.0
MIR5698,0.0
RN7SL147P,0.0
RN7SL615P,0.0
RN7SL786P,0.0
RN7SL42P,0.0
RN7SL52P,0.0
MIR4717,0.0
MIR4314,0.0
MIR4429,0.0
MIR3938,0.0
MIR4253,0.0
RN7SL336P,0.0
MIR4507,0.0
RN7SL744P,0.0
ENSG00000264029,0.0
RN7SL66P,0.0
MIR4491,0.0
RN7SL198P,0.0
MIR4472-2,0.0
ENSG00000264040,0.0
RN7SL670P,0.0
RN7SL455P,0.0
MIR4737,0.0
ENSG00000264050,0.0
RPL31P9,0.0
MIR5685,0.0
ENSG00000264057,0.0
MIR4316,0.0
FGF7P1,0.0
ENSG00000264063,0.0
MIR3943,0.0
DND1P1,0.0
RN7SL531P,0.0
MIR3199-1,0.0
MIR4783,0.0
MIR5688,0.0
MIR3681,0.0
MIR4666B,0.0
RN7SL474P,0.0
ENSG00000264093,0.0
MIR4803,0.0
MIR4689,0.0
MIR4688,0.0
ENSG00000264104,0.0
MIR3688-1,0.0
MIR4300,0.0
RN7SL784P,0.0
MIR3180-4,0.0
MIR4795,0.0
SCML2P1,0.0
RN7SL713P,0.0
MIR3689D2,0.0
ENSG00000264138,0.0
MIR3667,0.0
MIR3928,0.0
ENSG00000264145,0.0
ENSG00000264148,0.0
ENSG00000264150,0.0
MIR3127,0.0
MIR4670,0.0
MIR4762,0.0
MIR3689B,0.0
ENSG00000264164,0.0
MTND1P15,0.0
RN7SL665P,0.0
MIR4305,0.0
PDLIM1P3,0.0
MIR3189,0.0
MAGOH2P,0.0
ENSG00000264179,0.0
SNRPCP4,0.0
AIDAP3,0.0
RN7SL117P,0.0
ENSG00000264193,0.0
MIR4693,0.0
MIR4701,0.0
AGAP7P,0.0
MIR4716,0.0
MIR4492,0.0
RPL35AP23,0.0
MIR3168,0.0
RNU4ATAC,0.0
MIR4456,0.0
ENSG00000264236,0.0
CPDP1,0.0
ENSG00000264245,0.0
ENSG00000264246,0.0
MIR3912,0.0
RN7SL835P,0.0
RN7SL819P,0.0
KIR3DP1,0.0
MIR4322,0.0
MIR4767,0.0
RN7SL488P,0.0
MIR4799,0.0
RN7SL753P,0.0
MIR4786,0.0
ENSG00000264281,0.0
ENSG00000264289,0.0
MIR2467,0.0
RN7SL657P,0.0
SNORD55,0.0
MIR3922,0.0
ENSG00000264296,0.0
MIR4433B,0.0
ENSG00000264300,0.0
MIR4694,0.0
MIX23P1,0.0
RN7SL644P,0.0
MIR548AT,0.0
HNRNPA1P11,0.0
MTCO3P13,0.0
RN7SL154P,0.0
MIR4801,0.0
RN7SL448P,0.0
MIR5186,0.0
ENSG00000264341,0.0
MIR3660,0.0
SNORA77B,0.0
MIR4258,0.0
SNRPGP2,0.0
RN7SL602P,0.0
MIR3134,0.0
MIR4648,0.0
MIR3122,0.0
NEK4P2,0.0
MIR3125,0.0
MIR4425,0.0
ENSG00000264373,0.0
MIR4671,0.0
SNORD39,0.0
RN7SL431P,0.0
MIR4513,0.0
MIR5007,0.0
ENSG00000264388,0.0
MIR4465,0.0
RN7SL208P,0.0
MIR3193,0.0
MIR3180-5,0.0
MIR4736,0.0
RN7SL491P,0.0
MIR548AL,0.0
MIR3913-1,0.0
MIR548AP,0.0
MIR4470,0.0
MIR548AC,0.0
RN7SL718P,0.0
MIR4653,0.0
MIR4283-1,0.0
MIR3183,0.0
ENSG00000264431,0.0
ENSG00000264435,0.0
RN7SL560P,0.0
SDHCP1,0.0
ENSG00000264452,0.0
MIR3648-2,0.0
MIR4520-1,0.0
MIR4794,0.0
MIR4656,0.0
MIR5682,0.0
MIR4714,0.0
MIR4705,0.0
MIR5008,0.0
RN7SL697P,0.0
MIR4298,0.0
MIR4650-2,0.0
ENSG00000264497,0.0
MIR3124,0.0
RN7SL731P,0.0
ENSG00000264503,0.0
MIR3678,0.0
MIR5692A2,0.0
RN7SL596P,0.0
MIR4778,0.0
DNAJB6P8,0.0
RN7SL25P,0.0
MIR378B,0.0
MIR5706,0.0
SUZ12P1,0.0
MIR548AR,0.0
RN7SL405P,0.0
SNORD95,0.0
MIR4257,0.0
RN7SL793P,0.0
MIR3162,0.0
MIR4633,0.0
DYNAPP1,0.0
MIR23C,0.0
SNX19P3,0.0
MIR4529,0.0
MIR4296,0.0
RN7SL15P,0.0
ENSG00000264574,0.0
MIR5692B,0.0
RN7SL326P,0.0
MIR4487,0.0
MIR4449,0.0
RN7SL131P,0.0
MIR3159,0.0
MIR3173,0.0
MIR4685,0.0
RN7SL290P,0.0
MIR5588,0.0
RN7SL592P,0.0
MIR4755,0.0
ENSG00000264617,0.0
RN7SL732P,0.0
MIR5591,0.0
MIR4796,0.0
MIR4271,0.0
MIR3152,0.0
KRT18P8,0.0
MIR5194,0.0
PPIAP54,0.0
MIR3171,0.0
MIR4798,0.0
MIR3200,0.0
ENSG00000264662,0.0
KRT8P34,0.0
MIR4285,0.0
RN7SL204P,0.0
MIR3140,0.0
MIR4773-1,0.0
PRPF19P1,0.0
ENSG00000264689,0.0
MTL3P,0.0
MIR4255,0.0
MIR4752,0.0
RN7SL217P,0.0
MIR4504,0.0
KIAA0895LP1,0.0
MIR3117,0.0
MIR3670-2,0.0
MIR3129,0.0
MIR4638,0.0
MIR4718,0.0
BDP1P,0.0
MIR4511,0.0
MIR4505,0.0
DPRXP4,0.0
MIR3689C,0.0
MIR3924,0.0
MIR3131,0.0
MIR3198-1,0.0
MIR3141,0.0
MIR4295,0.0
MIR4772,0.0
RN7SL237P,0.0
ENSG00000264772,0.0
MIR4420,0.0
PPIAP14,0.0
MIR4537,0.0
MIR3148,0.0
MIR4637,0.0
MIR4771-1,0.0
MIR5009,0.0
MIR4294,0.0
ERVFRD-3,0.0
MIR5191,0.0
MIR378C,0.0
Metazoa_SRP,0.0
MIR4441,0.0
MIR1273C,0.0
MIR3154,0.0
MIR5571,0.0
RN7SL468P,0.0
ENSG00000264834,0.0
VN1R71P,0.0
RN7SL404P,0.0
ENSG00000264845,0.0
MIR4310,0.0
MIR5696,0.0
ENSG00000264860,0.0
RN7SL45P,0.0
MIR3613,0.0
ENSG00000264874,0.0
RN7SL690P,0.0
ENSG00000264881,0.0
NOS2P4,0.0
MIR3921,0.0
MIR3616,0.0
MIR5701-3,0.0
MIR4494,0.0
PRELID3BP3,0.0
RN7SL525P,0.0
ENSG00000264911,0.0
RN7SL230P,0.0
MIR4540,0.0
MIR378F,0.0
ENSG00000264930,0.0
MIR3138,0.0
RN7SL190P,0.0
MIR4265,0.0
SNORD3C,0.0
MIR4474,0.0
SH3GL1P2,0.0
MIR3181,0.0
ALOX12P1,0.0
MIR4730,0.0
RN7SL440P,0.0
MIR5094,0.0
WEE1P2,0.0
PRR13P4,0.0
MIR4789,0.0
MIR4431,0.0
RN7SL630P,0.0
MIR4436B1,0.0
MIR5691,0.0
MIR5092,0.0
SNORD92,0.0
SNORD39,0.0
MIR5089,0.0
MIR4780,0.0
MIR548W,0.0
MIR4327,0.0
MIR3160-1,0.0
ENSG00000265015,0.0
AGAP12P,0.0
NCOR1P2,0.0
ENSG00000265028,0.0
ENSG00000265031,0.0
RN7SL262P,0.0
PMM2P1,0.0
ENSG00000265041,0.0
RN7SL622P,0.0
MIR548S,0.0
MIR4765,0.0
PPY2P,0.0
ENSG00000265061,0.0
MIR4692,0.0
MIR3622B,0.0
RN7SL664P,0.0
MIR3691,0.0
MIR4655,0.0
MIR4484,0.0
RN7SL246P,0.0
FTLP12,0.0
RBM22P1,0.0
MIR4510,0.0
ENSG00000265099,0.0
MIR3942,0.0
MIR4731,0.0
MIR3153,0.0
RN7SL200P,0.0
MIR3190,0.0
MIR5687,0.0
ENSG00000265136,0.0
MIR3192,0.0
MIR4301,0.0
RN7SL451P,0.0
MIR548AM,0.0
SNORD53,0.0
MIR151B,0.0
LRRC37A7P,0.0
MIR5003,0.0
MIR2681,0.0
MIR4307,0.0
RN7SL667P,0.0
MIR4262,0.0
MIR3202-1,0.0
MIR4728,0.0
MIR4790,0.0
MIR4674,0.0
SRP72P1,0.0
SNORD3B-1,0.0
ENSG00000265188,0.0
MIR3923,0.0
MIR4312,0.0
MIR4677,0.0
MIR4486,0.0
MIR3684,0.0
MIR4283-2,0.0
MIR4269,0.0
MIR548AI,0.0
MIR4699,0.0
ENSG00000265233,0.0
SNORD84,0.0
MIR3142,0.0
ENSG00000265240,0.0
MIR4472-1,0.0
MIR4288,0.0
MIR3132,0.0
MIR4446,0.0
ENSG00000265257,0.0
MIR4686,0.0
RN7SL74P,0.0
ENSG00000265261,0.0
TRMT112P3,0.0
RN7SL693P,0.0
PGDP1,0.0
CLUHP6,0.0
MIR3935,0.0
MIR4770,0.0
MIR4710,0.0
ARGFXP2,0.0
FEM1AP2,0.0
ENSG00000265298,0.0
MIR548AD,0.0
MIR3650,0.0
MIR3195,0.0
RN7SL199P,0.0
RN7SL847P,0.0
MIR4263,0.0
MIR3118-2,0.0
RN7SL411P,0.0
MIR548AB,0.0
MIR4524B,0.0
MIR3137,0.0
OR4K7P,0.0
MIR5188,0.0
MIR4291,0.0
MIR3136,0.0
ENSG00000265356,0.0
MIR4493,0.0
GLUD1P2,0.0
MIR4476,0.0
MIR4682,0.0
MIR4675,0.0
MIR3180-2,0.0
MIR4679-2,0.0
MIR466,0.0
RN7SL219P,0.0
RN7SL391P,0.0
MIR4999,0.0
MIR4252,0.0
MIR3944,0.0
MIR3128,0.0
RSL24D1P9,0.0
MIR4324,0.0
ENSG00000265408,0.0
RN7SL656P,0.0
ENSG00000265417,0.0
MIR4261,0.0
MIR4779,0.0
ENSG00000265421,0.0
MIR4684,0.0
MIR4652,0.0
ENSG00000265428,0.0
MIR4782,0.0
MIR4308,0.0
MIR4447,0.0
MIR3121,0.0
ENSG00000265437,0.0
RN7SL811P,0.0
MIR3941,0.0
MIR4733,0.0
MIR4502,0.0
MIR3682,0.0
ENSG00000265453,0.0
MIR3672,0.0
ENSG00000265460,0.0
MIR3680-1,0.0
MIR4768,0.0
POLR3KP2,0.0
MIR548AQ,0.0
FAM32DP,0.0
DTX2P1-UPK3BP1-PMS2P11,0.0
KRT18P55,0.0
MIR4443,0.0
RN7SL518P,0.0
MIR3156-2,0.0
MIR1269B,0.0
MIR4435-1,0.0
MIR4436A,0.0
MIR548V,0.0
MIR5697,0.0
MIR4304,0.0
MIR5690,0.0
FCGR1CP,0.0
RN7SL475P,0.0
MIR3180-1,0.0
MIR4421,0.0
MIR3164,0.0
H3P41,0.0
ELOCP27,0.0
MIR3918,0.0
RN7SL652P,0.0
MIR1268B,0.0
PIGPP4,0.0
MIR3143,0.0
RN7SL605P,0.0
WDR45BP1,0.0
MIR3978,0.0
MIR5708,0.0
NPM1P45,0.0
MIR4756,0.0
MIR3659,0.0
MIR5707,0.0
MIR4471,0.0
MIR4695,0.0
MIR4539,0.0
ENSG00000265614,0.0
MIR548AG2,0.0
MIR3139,0.0
ENSG00000265626,0.0
ENSG00000265630,0.0
BNIP3P3,0.0
MIR3612,0.0
ENSG00000265639,0.0
MIR3929,0.0
TUFMP1,0.0
RN7SL279P,0.0
MIR548AK,0.0
MIR3151,0.0
MIR3690,0.0
MIR4664,0.0
MIR548AJ1,0.0
MIR4508,0.0
RN7SL708P,0.0
MIR4267,0.0
SYPL1P2,0.0
RN7SL378P,0.0
MIR4460,0.0
ENSG00000265693,0.0
MIR4774,0.0
LARP7P3,0.0
MIR548AE2,0.0
SNORD53B,0.0
ENSG00000265712,0.0
ENSG00000265713,0.0
MIR4681,0.0
MIR4284,0.0
MIR3144,0.0
RN7SL648P,0.0
SNORA74C-1,0.0
MIR4438,0.0
RN7SL5P,0.0
RN7SL339P,0.0
MIR4427,0.0
RN7SL375P,0.0
KYNUP2,0.0
RN7SL444P,0.0
MIR4506,0.0
MIR3670-3,0.0
RN7SL624P,0.0
MIR4330,0.0
RNASEH1P1,0.0
MIR3118-4,0.0
ENSG00000265794,0.0
ENSG00000265798,0.0
RN7SL49P,0.0
MIR4292,0.0
MIR3907,0.0
RN7SL300P,0.0
RN7SL376P,0.0
ENSG00000265815,0.0
MIR3177,0.0
MIR4422,0.0
MIR3939,0.0
MIR548AG1,0.0
MIR3123,0.0
ENSG00000265833,0.0
CCND3P2,0.0
MIR548X,0.0
MIR4276,0.0
MIR4287,0.0
MIR3689D1,0.0
MIR4797,0.0
ENSG00000265853,0.0
MIR4514,0.0
MIR5704,0.0
MIR4495,0.0
GPR160P2,0.0
MIR4516,0.0
MIR3174,0.0
MIR3689A,0.0
MIR4289,0.0
MIR4489,0.0
MIR3914-1,0.0
MIR4748,0.0
PDLIM1P2,0.0
RN7SL73P,0.0
ENSG00000265883,0.0
RN7SL783P,0.0
Y_RNA,0.0
RN7SL311P,0.0
RN7SL357P,0.0
ENSG00000265897,0.0
MIR4696,0.0
RN7SL96P,0.0
ENSG00000265916,0.0
MIR3685,0.0
RN7SL543P,0.0
MIR4280,0.0
MIR5692C1,0.0
MIR5195,0.0
MIR3146,0.0
ARL2BPP1,0.0
ENSG00000265936,0.0
UBE2CP2,0.0
RN7SL577P,0.0
ENSG00000265946,0.0
MIR4749,0.0
MIR4445,0.0
MIR4319,0.0
Y_RNA,0.0
MIR4266,0.0
ENSG00000265973,0.0
MIR4725,0.0
MIR544B,0.0
ENSG00000265982,0.0
MIR4735,0.0
MIR4519,0.0
MIR5694,0.0
MIR3671,0.0
ENSG00000266003,0.0
MIR4488,0.0
ENSG00000266009,0.0
MIR4764,0.0
MIR4309,0.0
MIR548Z,0.0
MIR4477B,0.0
MIR3609,0.0
MIR4659A,0.0
MIR4509-2,0.0
MIR4690,0.0
ENSG00000266042,0.0
MIR3649,0.0
ENSG00000266048,0.0
ENSG00000266050,0.0
MIR4500,0.0
RN7SL140P,0.0
MIR4771-2,0.0
POLRMTP1,0.0
MIR3617,0.0
MIR5693,0.0
RN7SL574P,0.0
MIR4432,0.0
SNORA59B,0.0
MIR5192,0.0
MIR5700,0.0
MIR4326,0.0
ENSG00000266105,0.0
MIR4525,0.0
MIR4440,0.0
MIR4423,0.0
FBXO36P1,0.0
MIR5587,0.0
ZNF415P1,0.0
RN7SL366P,0.0
SRP68P1,0.0
MIR4759,0.0
MIR4435-2,0.0
MIR4533,0.0
MIR4654,0.0
RHOT1P1,0.0
MIR5190,0.0
MIR5583-1,0.0
MIR4711,0.0
MIR3646,0.0
ENSG00000266155,0.0
RN7SL785P,0.0
RN7SL612P,0.0
YWHAEP2,0.0
RN7SL557P,0.0
MIR3147,0.0
MIR4666A,0.0
ENSG00000266179,0.0
MIR4282,0.0
EIF4A3P1,0.0
ENSG00000266184,0.0
RN7SL804P,0.0
RN7SL480P,0.0
ENSG00000266188,0.0
MIR3186,0.0
ENSG00000266190,0.0
MIR1260B,0.0
MIR4661,0.0
RN7SL163P,0.0
PNLIPRP2,0.0
SS18L2P2,0.0
MIR5585,0.0
MIR5589,0.0
MIR3926-1,0.0
RN7SL371P,0.0
MIR3156-3,0.0
MIR3167,0.0
CTSLP2,0.0
MIR4323,0.0
NPM1P2,0.0
MIR3611,0.0
MIR3178,0.0
MIR3176,0.0
MIR5091,0.0
GRAMD4P7,0.0
MIR4279,0.0
MIR4644,0.0
COX6CP3,0.0
MIR4475,0.0
MIR4428,0.0
ENSG00000266270,0.0
RN7SL138P,0.0
MIR4743,0.0
UBL5P2,0.0
MIR3683,0.0
MIR3180-3,0.0
ARIH2P1,0.0
MIR744,0.0
MIR3118-1,0.0
MIR4518,0.0
ENSG00000266306,0.0
MIR5093,0.0
RN7SL510P,0.0
MIR4668,0.0
RN7SL703P,0.0
MIR5692A1,0.0
MIR3909,0.0
MIR4293,0.0
MIR4663,0.0
MIR3665,0.0
MIR4503,0.0
MIR4536-2,0.0
MIR4281,0.0
MIR4776-1,0.0
ENSG00000266356,0.0
ENSG00000266364,0.0
ENSG00000266365,0.0
MIR3657,0.0
ENSG00000266373,0.0
ENSG00000266379,0.0
MIR5002,0.0
MIR4740,0.0
MIR4273,0.0
CBX3P2,0.0
MIR3157,0.0
MIR4636,0.0
ENSG00000266416,0.0
MIR4424,0.0
RN7SL118P,0.0
MIR4451,0.0
MIR3163,0.0
MIR4719,0.0
MIR5580,0.0
TBC1D3P5,0.0
MIR4264,0.0
MIR4746,0.0
RN7SL493P,0.0
ENSG00000266448,0.0
MIR3713,0.0
MIR3179-3,0.0
MIR4259,0.0
MIR2392,0.0
MIR3196,0.0
RN7SL220P,0.0
ENSG00000266470,0.0
RN7SL616P,0.0
MIR5197,0.0
ENSG00000266479,0.0
MIR4641,0.0
RDM1P2,0.0
ATG12P1,0.0
MIR5681A,0.0
RN7SL162P,0.0
RDM1P1,0.0
MIR4479,0.0
MIR3201,0.0
MIR3934,0.0
MIR3689F,0.0
MIR4452,0.0
MIR4715,0.0
MIR4268,0.0
RAC1P1,0.0
ENSG00000266522,0.0
MIR4650-1,0.0
MTCYBP13,0.0
MIR4318,0.0
MIR4706,0.0
MIR3619,0.0
SPDYE22P,0.0
MIR5701-1,0.0
ATP6V1E1P2,0.0
RN7SL356P,0.0
MIR3145,0.0
MIR4530,0.0
ENSG00000266560,0.0
ENSG00000266561,0.0
EIF1P5,0.0
MIR4418,0.0
RN7SL377P,0.0
MIR5579,0.0
BOLA2P1,0.0
MIR4254,0.0
MIR3166,0.0
MIR4527,0.0
MIR4478,0.0
MIR4512,0.0
MIR4713,0.0
MIR4766,0.0
LONRF2P1,0.0
RN7SL176P,0.0
MIR4703,0.0
COP1P1,0.0
MIR3692,0.0
MIR4742,0.0
MIR4642,0.0
RN7SL202P,0.0
MIR3972,0.0
MIR4754,0.0
MIR3677,0.0
MIR4299,0.0
ENSG00000266647,0.0
SETP3,0.0
MIR3126,0.0
MIR3908,0.0
MIR3169,0.0
MIR4739,0.0
MIR4325,0.0
MIR5692C2,0.0
ENSG00000266673,0.0
MIR4297,0.0
MIR4274,0.0
ENSG00000266691,0.0
ENSG00000266692,0.0
OR4K8P,0.0
MIR3945,0.0
MIR4490,0.0
MIR4498,0.0
MIR4437,0.0
PSMD7P1,0.0
RN7SL48P,0.0
MIR3149,0.0
MIR4676,0.0
RN7SL14P,0.0
MIR5695,0.0
GTF2IP6,0.0
MIR4757,0.0
MIR4708,0.0
MIR3135A,0.0
MIR4645,0.0
MIR3661,0.0
RN7SL524P,0.0
MIR5680,0.0
MIR3680-2,0.0
MIR4464,0.0
MIR3194,0.0
RN7SL619P,0.0
ENSG00000266771,0.0
MIR4646,0.0
SH3GL1P1,0.0
MIR4444-2,0.0
MIR3663,0.0
LGALS9DP,0.0
RN7SL7P,0.0
ENSG00000266802,0.0
ENSG00000266806,0.0
MIR548H5,0.0
MIR548AE1,0.0
PPIAP57,0.0
ENSG00000266818,0.0
KPNA2P3,0.0
MIR3689E,0.0
RN7SL712P,0.0
MIR4482,0.0
ITM2BP1,0.0
MIR3910-1,0.0
RPSAP67,0.0
RN7SL123P,0.0
ENSG00000266865,0.0
RN7SL408P,0.0
ENSG00000266876,0.0
ENSG00000266885,0.0
MIR4535,0.0
MIR4634,0.0
ENSG00000266891,0.0
AKR1B1P7,0.0
ENSG00000266906,0.0
ENSG00000266907,0.0
SLC25A6P4,0.0
ENSG00000266910,0.0
MRPS5P4,0.0
ACTBP9,0.0
ENSG00000266929,0.0
ENSG00000266931,0.0
ENSG00000266932,0.0
ENSG00000266938,0.0
RPSAP66,0.0
RPL35P10,0.0
MRPL37P1,0.0
ENSG00000266959,0.0
OR4F8P,0.0
ENSG00000266981,0.0
POLR3GP2,0.0
FTLP5,0.0
DHX40P1,0.0
ENSG00000266994,0.0
ENSG00000266995,0.0
ENSG00000267005,0.0
NTF6A,0.0
LRRC37A16P,0.0
ENSG00000267032,0.0
ENSG00000267036,0.0
E2F3P1,0.0
ENSG00000267048,0.0
ENSG00000267056,0.0
PLEKHB2P1,0.0
MIX23P3,0.0
KRT18P61,0.0
ENSG00000267084,0.0
ENSG00000267085,0.0
ENSG00000267088,0.0
CTBP2P7,0.0
NTF6G,0.0
ENSG00000267102,0.0
ENSG00000267113,0.0
PMM2P2,0.0
RPL10P15,0.0
OR1AC1P,0.0
HMGB3P27,0.0
ENSG00000267135,0.0
ENSG00000267142,0.0
ENSG00000267145,0.0
ENSG00000267148,0.0
ENSG00000267149,0.0
CTBP2P3,0.0
OR1M4P,0.0
TPMTP1,0.0
SDHDP1,0.0
ENSG00000267166,0.0
CALM2P1,0.0
PHF5AP1,0.0
ENSG00000267180,0.0
SNRPCP20,0.0
ENSG00000267184,0.0
PTP4A2P1,0.0
ENSG00000267187,0.0
ENSG00000267188,0.0
ATP5MGP7,0.0
TYMSP2,0.0
MIR212,0.0
MIR132,0.0
SNRPGP4,0.0
ENSG00000267218,0.0
ENSG00000267220,0.0
ENSG00000267227,0.0
HNRNPA3P16,0.0
ZNF861P,0.0
CYP4F10P,0.0
GCM1P1,0.0
WHSC1L2P,0.0
PPIAP58,0.0
VN1R95P,0.0
ENSG00000267271,0.0
ENSG00000267292,0.0
ENSG00000267293,0.0
ENSG00000267295,0.0
RPL23AP77,0.0
ENSG00000267305,0.0
OR4G1P,0.0
ENSG00000267312,0.0
UFM1P2,0.0
SELENOKP1,0.0
SLC25A1P5,0.0
ENSG00000267324,0.0
BOLA3P2,0.0
ASNSP6,0.0
EIF4A2P1,0.0
ENSG00000267340,0.0
ZNF833P,0.0
EIF5AP3,0.0
SH3GL1P3,0.0
RPL9P29,0.0
SEC24AP1,0.0
TAF5LP1,0.0
ENSG00000267370,0.0
ENSG00000267371,0.0
ATP5MGP6,0.0
GAD3P,0.0
SMCO4P1,0.0
ENSG00000267389,0.0
CYP4F9P,0.0
RPL35AP38,0.0
ENSG00000267400,0.0
ENSG00000267404,0.0
ENSG00000267408,0.0
ENSG00000267415,0.0
ELOCP29,0.0
ZNF56P,0.0
ENSG00000267422,0.0
DYNAPP2,0.0
ENSG00000267430,0.0
ENSG00000267433,0.0
ENSG00000267441,0.0
SMUG1P1,0.0
OR1AB1P,0.0
ENSG00000267456,0.0
UBE2V2P2,0.0
ENSG00000267471,0.0
ARHGAP27P2,0.0
ENSG00000267478,0.0
ENSG00000267482,0.0
GLUD1P4,0.0
ENSG00000267487,0.0
ENSG00000267490,0.0
ENSG00000267492,0.0
NFE2L3P1,0.0
ZNF887P,0.0
ENSG00000267507,0.0
ADAD1P2,0.0
HMGN1P31,0.0
ENSG00000267515,0.0
ENSG00000267518,0.0
RPSAP57,0.0
ENSG00000267526,0.0
ENSG00000267533,0.0
MTCO2P2,0.0
HIKESHIP2,0.0
ENSG00000267554,0.0
ENSG00000267558,0.0
STK25P1,0.0
KRT8P5,0.0
ENSG00000267585,0.0
ENSG00000267587,0.0
RPL32P37,0.0
NDUFA3P1,0.0
ENSG00000267591,0.0
ENSG00000267592,0.0
CYP4F24P,0.0
BRCA1P1,0.0
RPIAP1,0.0
SNX33P1,0.0
ENSG00000267611,0.0
ENSG00000267620,0.0
ENSG00000267623,0.0
ENSG00000267624,0.0
ENSG00000267629,0.0
ENSG00000267630,0.0
RPL7L1P5,0.0
BNIP3P16,0.0
MAP1LC3P,0.0
ENSG00000267648,0.0
NPM1P1,0.0
ENSG00000267656,0.0
ENSG00000267661,0.0
PPIAP56,0.0
RPL17P45,0.0
RPLP0P12,0.0
THA1P,0.0
ENSG00000267678,0.0
EIF5AP2,0.0
ENSG00000267681,0.0
NTF6B,0.0
ENSG00000267687,0.0
ENSG00000267689,0.0
SHC1P2,0.0
TAF9P3,0.0
ENSG00000267693,0.0
FRG2LP,0.0
RDM1P3,0.0
ENSG00000267713,0.0
ENSG00000267716,0.0
SRSF10P1,0.0
ENSG00000267725,0.0
ENSG00000267733,0.0
HMGB2P1,0.0
UBE2L4,0.0
SINHCAFP2,0.0
SPICP2,0.0
ENSG00000267745,0.0
RPS10P27,0.0
ENSG00000267756,0.0
ENSG00000267768,0.0
ENSG00000267770,0.0
ENSG00000267771,0.0
ENSG00000267773,0.0
OR7E16P,0.0
SLC25A36P1,0.0
WBP1LP11,0.0
ENSG00000267793,0.0
ENSG00000267794,0.0
NRBF2P1,0.0
MAN1A2P1,0.0
ENSG00000267800,0.0
NDUFV2P1,0.0
ENSG00000267827,0.0
Y_RNA,0.0
ENSG00000267895,0.0
ZSCAN5DP,0.0
SNX6P1,0.0
EIF1P6,0.0
MIR3188,0.0
OR10B1P,0.0
ENSG00000267990,0.0
OR4G4P,0.0
TPM3P5,0.0
ENSG00000268053,0.0
BNIP3P40,0.0
SRP14P4,0.0
OR5AH1P,0.0
ENSG00000268070,0.0
RPL22P5,0.0
BNIP3P30,0.0
ENSG00000268080,0.0
ENSG00000268088,0.0
ZNF725P,0.0
CYP2G2P,0.0
ENSG00000268105,0.0
ENSG00000268116,0.0
VN1R84P,0.0
PCGF7P,0.0
NIFKP6,0.0
VN1R91P,0.0
ENSG00000268153,0.0
Metazoa_SRP,0.0
BNIP3P22,0.0
ENSG00000268209,0.0
EEF1A1P7,0.0
ENSG00000268230,0.0
FKBP4P6,0.0
IGFL1P2,0.0
RPS29P30,0.0
SIGLEC29P,0.0
VN1R78P,0.0
ENSG00000268278,0.0
ARPC1AP2,0.0
ENSG00000268293,0.0
POLR3GP1,0.0
CLEC4GP1,0.0
BNIP3P25,0.0
BNIP3P23,0.0
SIGLEC20P,0.0
VN1R81P,0.0
ENSG00000268379,0.0
MTCO3P42,0.0
ENSG00000268407,0.0
TRMT112P6,0.0
MTDHP3,0.0
BNIP3P27,0.0
ENSG00000268442,0.0
ENSG00000268455,0.0
ENSG00000268461,0.0
BNIP3P38,0.0
ENSG00000268473,0.0
RPL7AP69,0.0
ENSG00000268486,0.0
IFNL3P1,0.0
VN1R83P,0.0
CYP2T3P,0.0
MTDHP4,0.0
VN1R88P,0.0
ENSG00000268543,0.0
VN1R107P,0.0
ENSG00000268575,0.0
SIGLEC18P,0.0
ENSG00000268582,0.0
ENSG00000268589,0.0
ENSG00000268593,0.0
VN1R80P,0.0
ENSG00000268620,0.0
ENSG00000268623,0.0
ENSG00000268652,0.0
LETM1P2,0.0
WBP1LP6,0.0
ENSG00000268669,0.0
COX6CP7,0.0
ENSG00000268685,0.0
BNIP3P26,0.0
ENSG00000268711,0.0
BNIP3P33,0.0
ENSG00000268723,0.0
ISCA1P7,0.0
MTCO3P39,0.0
TGFBR1P1,0.0
COX16P1,0.0
ADGRE4P,0.0
RPL7P50,0.0
VN1R87P,0.0
VN1R90P,0.0
ENSG00000268803,0.0
BNIP3P32,0.0
OR7A1P,0.0
ENSG00000268839,0.0
SIGLEC31P,0.0
SIGLEC22P,0.0
ENSG00000268864,0.0
ENSG00000268866,0.0
ESPNP,0.0
IGFL1P1,0.0
PNMA6B,0.0
ENSG00000268884,0.0
ENSG00000268892,0.0
ENSG00000268903,0.0
VN1R92P,0.0
ENSG00000268922,0.0
CKS1BP3,0.0
MRPS17P1,0.0
CDRT15P7,0.0
ENSG00000268957,0.0
ENSG00000268967,0.0
CDC42EP3P1,0.0
RPL22P6,0.0
VN1R82P,0.0
DNAJC19P3,0.0
ZNF818P,0.0
SLC6A21P,0.0
KRT18P40,0.0
ENSG00000269014,0.0
SIGLEC24P,0.0
ENSG00000269025,0.0
ENSG00000269032,0.0
BNIP3P24,0.0
BNIP3P18,0.0
ENSG00000269069,0.0
ENSG00000269082,0.0
TPRG1LP1,0.0
LSP1P1,0.0
Metazoa_SRP,0.0
FAM90A28P,0.0
HNRNPA1P52,0.0
ENSG00000269130,0.0
BRI3BPP1,0.0
ZNF209P,0.0
LYPLA2P2,0.0
BNIP3P13,0.0
ENSG00000269181,0.0
ENSG00000269188,0.0
RPS27AP19,0.0
ENSG00000269236,0.0
RPL23AP78,0.0
SIGLEC21P,0.0
DNAJC19P2,0.0
ENSG00000269274,0.0
S100A11P8,0.0
FKBP1AP1,0.0
RAD54L2P1,0.0
VN1R93P,0.0
GOLGA2P9,0.0
VN1R85P,0.0
ENSG00000269354,0.0
ENSG00000269373,0.0
ENSG00000269374,0.0
ITGB1P1,0.0
CYCSP7,0.0
ENSG00000269385,0.0
ENSG00000269388,0.0
ENSG00000269419,0.0
ENSG00000269421,0.0
BNIP3P8,0.0
ENSG00000269458,0.0
ENSG00000269471,0.0
ENSG00000269475,0.0
ZNF92P2,0.0
BNIP3P34,0.0
CYP4F23P,0.0
ENSG00000269519,0.0
ENSG00000269540,0.0
CLIC4P2,0.0
OR7A8P,0.0
GPR32P1,0.0
MTDHP5,0.0
HNRNPMP2,0.0
SIGLEC27P,0.0
CRIPTOP7,0.0
ENSG00000269588,0.0
OSTCP3,0.0
MTDHP2,0.0
TP53TG3HP,0.0
RPL12P41,0.0
ENSG00000269651,0.0
BNIP3P39,0.0
OR7A18P,0.0
ENSG00000269681,0.0
FKBP4P2,0.0
ENSG00000269706,0.0
WBP1LP7,0.0
BNIP3P29,0.0
ENSG00000269749,0.0
MARK2P21,0.0
EXOSC3P2,0.0
ENSG00000269765,0.0
DPPA5P1,0.0
ENSG00000269779,0.0
MIR1470,0.0
ENSG00000269786,0.0
OR7A3P,0.0
ENSG00000269794,0.0
PLEKHA3P1,0.0
SCGB2B3P,0.0
ENSG00000269833,0.0
IPO5P1,0.0
ENSG00000269839,0.0
CCNYL6,0.0
ENSG00000269848,0.0
VN1R79P,0.0
ENSG00000269896,0.0
MAP2K4P1,0.0
PTMAP11,0.0
ENSG00000269981,0.0
ENSG00000270008,0.0
BMS1P7,0.0
TSPY6P,0.0
LDHAL6EP,0.0
VTRNA2-1,0.0
ENSG00000270166,0.0
BNIP3P31,0.0
MRPS35P3,0.0
ENSG00000270193,0.0
GTF3C6P3,0.0
ENSG00000270200,0.0
ENSG00000270202,0.0
ENSG00000270204,0.0
ENSG00000270209,0.0
ENSG00000270218,0.0
DUXAP11,0.0
MTCO2P22,0.0
IL9RP6,0.0
ENSG00000270228,0.0
MTND6P22,0.0
NBPF8,0.0
MTCYBP22,0.0
ENSG00000270234,0.0
ENSG00000270236,0.0
ENSG00000270241,0.0
ACTR3BP1,0.0
ENSG00000270243,0.0
ENSG00000270244,0.0
ENSG00000270248,0.0
ENSG00000270251,0.0
ENSG00000270255,0.0
ENSG00000270257,0.0
DUXAP4,0.0
ENSG00000270259,0.0
NDUFB8P2,0.0
CORO1CP1,0.0
IMMP1LP1,0.0
BNIP3P10,0.0
ENSG00000270273,0.0
TRMT112P7,0.0
SMIM15P1,0.0
ENSG00000270281,0.0
ENSG00000270282,0.0
RPS27P30,0.0
ENSG00000270287,0.0
ENSG00000270289,0.0
ENSG00000270292,0.0
DPPA3P8,0.0
XIAPP1,0.0
STX8P1,0.0
PHACTR2P1,0.0
ENSG00000270301,0.0
ENSG00000270304,0.0
TIAL1P1,0.0
MTATP6P2,0.0
TEX101P1,0.0
COX6CP16,0.0
ENSG00000270314,0.0
FIGLAP1,0.0
ENSG00000270322,0.0
ENSG00000270323,0.0
ENSG00000270324,0.0
BNIP3P9,0.0
SMIM15P2,0.0
ENSG00000270328,0.0
ENSG00000270330,0.0
ENSG00000270333,0.0
ENSG00000270335,0.0
ENSG00000270336,0.0
ENSG00000270342,0.0
UNGP3,0.0
ENSG00000270347,0.0
MTND4LP5,0.0
ENSG00000270352,0.0
ENSG00000270354,0.0
ENSG00000270359,0.0
ADAD1P1,0.0
ENSG00000270369,0.0
ATP6V1G1P1,0.0
SMIM11P2,0.0
ENSG00000270378,0.0
ENSG00000270381,0.0
ENSG00000270382,0.0
RNU1-154P,0.0
ENSG00000270385,0.0
ENSG00000270387,0.0
MTCO3P22,0.0
SFXN4P1,0.0
PFN1P2,0.0
ENSG00000270393,0.0
MREGP1,0.0
ENSG00000270397,0.0
ENSG00000270400,0.0
ENSG00000270401,0.0
ENSG00000270402,0.0
ENSG00000270405,0.0
ENSG00000270409,0.0
HSPD1P19,0.0
ENSG00000270413,0.0
DPPA3P3,0.0
REXO1L4P,0.0
ENSG00000270421,0.0
ENSG00000270422,0.0
ENSG00000270423,0.0
ENSG00000270424,0.0
ENSG00000270425,0.0
NRBF2P5,0.0
KNOP1P2,0.0
ENSG00000270430,0.0
PHF5AP4,0.0
OR7E108P,0.0
H3P37,0.0
ENSG00000270434,0.0
ENSG00000270435,0.0
ENSG00000270437,0.0
ENSG00000270440,0.0
LAMB2P1,0.0
ENSG00000270442,0.0
ENSG00000270443,0.0
AZU1P1,0.0
COPS5P2,0.0
RPL34P36,0.0
ENSG00000270447,0.0
ENSG00000270449,0.0
ENSG00000270453,0.0
PABPC1P5,0.0
ENSG00000270456,0.0
ENSG00000270458,0.0
ENSG00000270469,0.0
ENSG00000270470,0.0
ENSG00000270475,0.0
TOMM5P1,0.0
BNIP3P37,0.0
ENSG00000270480,0.0
ENSG00000270484,0.0
ENSG00000270488,0.0
ENSG00000270490,0.0
ENSG00000270491,0.0
MARK2P3,0.0
ENSG00000270493,0.0
ENSG00000270494,0.0
ENSG00000270495,0.0
BNIP3P7,0.0
ENSG00000270497,0.0
MKI67P1,0.0
COX6CP4,0.0
YTHDF2P1,0.0
DPPA3P5,0.0
ENSG00000270507,0.0
ENSG00000270509,0.0
ENSG00000270510,0.0
ENSG00000270512,0.0
ENSG00000270513,0.0
ENSG00000270516,0.0
ENSG00000270518,0.0
ENSG00000270521,0.0
QTRT1P1,0.0
SNRPGP19,0.0
FAM133EP,0.0
CSTBP1,0.0
PEBP1P2,0.0
ENSG00000270533,0.0
ELOCP34,0.0
GCSHP6,0.0
ENSG00000270541,0.0
ENSG00000270542,0.0
ENSG00000270549,0.0
DUXAP3,0.0
ENSG00000270553,0.0
EIF3EP4,0.0
ENSG00000270555,0.0
ENSG00000270558,0.0
APOOP1,0.0
ENSG00000270569,0.0
ENSG00000270570,0.0
ENSG00000270575,0.0
ENSG00000270576,0.0
ENSG00000270577,0.0
ENSG00000270578,0.0
ENSG00000270583,0.0
ENSG00000270584,0.0
SNX2P1,0.0
FAM136DP,0.0
ENSG00000270588,0.0
ENSG00000270591,0.0
ENSG00000270593,0.0
ENSG00000270598,0.0
PPIAP52,0.0
ENSG00000270610,0.0
ENSG00000270611,0.0
ENSG00000270612,0.0
UBXN2AP1,0.0
SGO1P1,0.0
ENSG00000270618,0.0
ENSG00000270619,0.0
ENSG00000270620,0.0
SPCS2P2,0.0
ENSG00000270624,0.0
NUDT19P6,0.0
ENSG00000270627,0.0
ENSG00000270631,0.0
ENSG00000270632,0.0
ENSG00000270634,0.0
ECM1P1,0.0
ENSG00000270646,0.0
CYP2C61P,0.0
DPRXP5,0.0
NUTF2P8,0.0
ENSG00000270655,0.0
ENSG00000270664,0.0
HNRNPA1P67,0.0
ENSG00000270666,0.0
ENSG00000270669,0.0
MARK2P16,0.0
RACK1P2,0.0
ENSG00000270678,0.0
ENSG00000270679,0.0
ENSG00000270680,0.0
ENSG00000270682,0.0
GARIN3P1,0.0
ENSG00000270688,0.0
BUD13P1,0.0
ENSG00000270690,0.0
ENSG00000270691,0.0
ENSG00000270694,0.0
ENSG00000270695,0.0
ENSG00000270698,0.0
ENSG00000270699,0.0
ENSG00000270701,0.0
ENSG00000270702,0.0
ENSG00000270705,0.0
PRMT1P1,0.0
ENSG00000270708,0.0
UFM1P1,0.0
ENSG00000270710,0.0
ENSG00000270711,0.0
ENSG00000270712,0.0
ENSG00000270713,0.0
MICOS10P2,0.0
BNIP3P15,0.0
ENSG00000270718,0.0
ENSG00000270719,0.0
RNVU1-31,0.0
RPL23AP92,0.0
ENSG00000270726,0.0
ENSG00000270727,0.0
ENSG00000270728,0.0
CAPZA1P5,0.0
ENSG00000270733,0.0
ENSG00000270734,0.0
ENSG00000270736,0.0
THAP5P2,0.0
PRELID3BP8,0.0
ENSG00000270745,0.0
S100A11P9,0.0
ENSG00000270749,0.0
ENSG00000270753,0.0
NEK4P3,0.0
OOEPP1,0.0
FXYD6P1,0.0
DDX43P2,0.0
ENSG00000270764,0.0
ENSG00000270766,0.0
ENSG00000270767,0.0
ENSG00000270771,0.0
PDHA1P1,0.0
MARK2P19,0.0
EEF1A1P18,0.0
ENSG00000270776,0.0
BUB1P1,0.0
ENSG00000270779,0.0
RPL13AP10,0.0
ENSG00000270781,0.0
ENSG00000270782,0.0
PDLIM1P1,0.0
ENSG00000270789,0.0
ENSG00000270790,0.0
DPRXP6,0.0
LLPHP1,0.0
ENSG00000270794,0.0
ENSG00000270797,0.0
ENSG00000270798,0.0
ENSG00000270799,0.0
ENSG00000270802,0.0
UBE2CP5,0.0
ENSG00000270807,0.0
ENSG00000270808,0.0
CHCHD2P11,0.0
ENSG00000270811,0.0
ENSG00000270812,0.0
NANOGNBP3,0.0
DMAC1P1,0.0
ENSG00000270815,0.0
ENSG00000270818,0.0
ENSG00000270822,0.0
USP37P1,0.0
ENSG00000270830,0.0
NF1P1,0.0
CMPK1P2,0.0
ENSG00000270835,0.0
HNRNPDLP4,0.0
BBLNP1,0.0
ENSG00000270839,0.0
ENSG00000270842,0.0
MYG1P1,0.0
CHCHD2P3,0.0
ENSG00000270850,0.0
ENSG00000270852,0.0
ATP7BP1,0.0
ENSG00000270856,0.0
ENSG00000270857,0.0
VDAC1P5,0.0
ENSG00000270859,0.0
TMEM69P1,0.0
DDX55P1,0.0
RPL12P48,0.0
ENSG00000270868,0.0
ENSG00000270870,0.0
SRGAP2D,0.0
RPAP2P1,0.0
GCATP1,0.0
ATP5PBP8,0.0
PPP1R14BP4,0.0
ENSG00000270890,0.0
ENSG00000270891,0.0
ENSG00000270892,0.0
ENSG00000270893,0.0
ENSG00000270896,0.0
ENSG00000270897,0.0
NUDT19P4,0.0
ENSG00000270902,0.0
HNRNPA3P9,0.0
ATP6V1G1P5,0.0
MTND4P35,0.0
ENSG00000270909,0.0
ENSG00000270911,0.0
RPS28P1,0.0
ENSG00000270914,0.0
H3P8,0.0
RPL12P50,0.0
ENSG00000270917,0.0
MCRIP2P2,0.0
CICP23,0.0
TAS2R6P,0.0
ENSG00000270924,0.0
ENSG00000270926,0.0
ENSG00000270927,0.0
SRD5A3P1,0.0
GRAMD4P8,0.0
ENSG00000270934,0.0
CDCA7P1,0.0
BPNT2P1,0.0
RAP2CP1,0.0
AK3P7,0.0
HSPE1P7,0.0
MTDHP1,0.0
RPSAP75,0.0
ENSG00000270955,0.0
ENSG00000270957,0.0
ENSG00000270960,0.0
ENSG00000270962,0.0
NTAN1P1,0.0
ENSG00000270966,0.0
ENSG00000270969,0.0
REXO1L8P,0.0
SMARCE1P7,0.0
MAGOH3P,0.0
ENSG00000270976,0.0
ENSG00000270978,0.0
ENSG00000270980,0.0
PCBP2P4,0.0
ENSG00000270982,0.0
ENSG00000270983,0.0
HMGB1P51,0.0
ENSG00000270987,0.0
ENSG00000270989,0.0
ENSG00000270990,0.0
ENSG00000270992,0.0
ENSG00000270993,0.0
ENSG00000270994,0.0
DPPA3P10,0.0
ENSG00000270997,0.0
ENSG00000271002,0.0
ENSG00000271003,0.0
CTHRC1P1,0.0
LSM2P1,0.0
LRRC37A9P,0.0
ENSG00000271014,0.0
ENSG00000271018,0.0
ENSG00000271021,0.0
ENSG00000271022,0.0
HSPE1P19,0.0
ENSG00000271025,0.0
KATNBL1P1,0.0
ENSG00000271027,0.0
ENSG00000271028,0.0
ENSG00000271029,0.0
RNPC3P1,0.0
DPPA3P12,0.0
CLPTM1LP1,0.0
ENSG00000271041,0.0
ENSG00000271042,0.0
ENSG00000271044,0.0
NDUFB9P1,0.0
ENSG00000271047,0.0
ENSG00000271048,0.0
ENSG00000271049,0.0
SRP14P5,0.0
ENSG00000271053,0.0
MRPS22P1,0.0
ENSG00000271057,0.0
SNRPGP17,0.0
ENSG00000271064,0.0
GMCL1P2,0.0
ENSG00000271071,0.0
PHB1P20,0.0
ENSG00000271074,0.0
ENSG00000271075,0.0
PER3P1,0.0
ENSG00000271078,0.0
HIKESHIP3,0.0
ENSG00000271088,0.0
ENSG00000271094,0.0
BNIP3P28,0.0
SUMO2P14,0.0
DBF4P3,0.0
IMMP1LP3,0.0
ENSG00000271099,0.0
ENSG00000271100,0.0
ENSG00000271101,0.0
SCML2P2,0.0
KATNBL1P5,0.0
ENSG00000271111,0.0
TMX1P2,0.0
ENSG00000271114,0.0
EIF2S2P7,0.0
ENSG00000271117,0.0
ENSG00000271118,0.0
NUDT4P2,0.0
ELOCP5,0.0
ENSG00000271127,0.0
ENSG00000271128,0.0
ENSG00000271129,0.0
PPIAP75,0.0
IFITM3P9,0.0
ENSG00000271136,0.0
AKTIPP1,0.0
PRR20FP,0.0
YWHAQP7,0.0
ENSG00000271143,0.0
BNIP3P45,0.0
ENSG00000271149,0.0
ENSG00000271150,0.0
RPL23AP88,0.0
ENSG00000271154,0.0
ENSG00000271157,0.0
WDR4P1,0.0
HINT1P2,0.0
BOLA2P2,0.0
PRR11P1,0.0
NGRNP3,0.0
CFAP97P1,0.0
ENSG00000271166,0.0
SPRING1P1,0.0
TCEAL8P1,0.0
ENSG00000271175,0.0
ENSG00000271177,0.0
BNIP3P46,0.0
COX5AP1,0.0
STMN3P1,0.0
CPSF6P1,0.0
ENSG00000271184,0.0
ENSG00000271187,0.0
RPP40P2,0.0
RNF138P2,0.0
ENSG00000271195,0.0
ENSG00000271196,0.0
VDAC3P1,0.0
PRR13P7,0.0
ENSG00000271205,0.0
MTCO1P22,0.0
BRDTP1,0.0
ENSG00000271211,0.0
ENSG00000271214,0.0
RPL21P136,0.0
ENSG00000271219,0.0
ENSG00000271220,0.0
ENSG00000271222,0.0
BNIP3P4,0.0
SREK1IP1P2,0.0
ENSG00000271230,0.0
KRT18P9,0.0
CARS1P1,0.0
RRBP1P2,0.0
SUMO2P15,0.0
HMGB1P50,0.0
ENSG00000271238,0.0
ENSG00000271240,0.0
PRELID3BP2,0.0
ENSG00000271243,0.0
PAGE4P1,0.0
ENSG00000271248,0.0
DIMT1P1,0.0
ENSG00000271250,0.0
ENSG00000271251,0.0
ENSG00000271253,0.0
ENSG00000271257,0.0
MZT1P1,0.0
LAPTM4BP2,0.0
ENSG00000271267,0.0
ENSG00000271268,0.0
ENSG00000271269,0.0
ENSG00000271272,0.0
ENSG00000271275,0.0
ENSG00000271277,0.0
ELOCP33,0.0
ENSG00000271283,0.0
SMIM12P1,0.0
CYTH1P1,0.0
BCRP9,0.0
COPS8P1,0.0
ENSG00000271291,0.0
H3P19,0.0
ANAPC13P1,0.0
ENSG00000271299,0.0
ENSG00000271302,0.0
DPRXP2,0.0
RAC1P9,0.0
ENSG00000271307,0.0
ENSG00000271309,0.0
ENSG00000271313,0.0
ENSG00000271315,0.0
MOB4P2,0.0
ENSG00000271322,0.0
B3GNTL1P2,0.0
ENSG00000271329,0.0
ENSG00000271330,0.0
ATP5MGP8,0.0
ENSG00000271333,0.0
NDE1P2,0.0
ENSG00000271338,0.0
ENSG00000271339,0.0
ENSG00000271340,0.0
ENSG00000271343,0.0
ENSG00000271346,0.0
ENSG00000271349,0.0
ENSG00000271350,0.0
ENSG00000271353,0.0
ENSG00000271355,0.0
USP21P2,0.0
ENSG00000271357,0.0
ENSG00000271358,0.0
HTATSF1P2,0.0
ANKRD36P2,0.0
ENSG00000271364,0.0
ENSG00000271365,0.0
ENSG00000271368,0.0
ENSG00000271369,0.0
ENSG00000271370,0.0
NANOGP3,0.0
ENSG00000271375,0.0
IFITM3P8,0.0
RBISP2,0.0
ENSG00000271379,0.0
REXO1L9P,0.0
ENSG00000271385,0.0
SRGNP1,0.0
OSBPL9P1,0.0
7SK,0.0
ENSG00000271396,0.0
LIN28AP3,0.0
ENSG00000271399,0.0
CCDC121P1,0.0
MZT1P2,0.0
NAPGP1,0.0
ENSG00000271410,0.0
PRR13P3,0.0
EI24P6,0.0
ENSG00000271414,0.0
RPL23AP90,0.0
ENSG00000271418,0.0
ENSG00000271419,0.0
ENSG00000271421,0.0
CYCSP1,0.0
GLRX5P3,0.0
CENATACP1,0.0
MPHOSPH6P1,0.0
RPL17P51,0.0
PPATP2,0.0
TEKT4P3,0.0
ENSG00000271437,0.0
ENSG00000271439,0.0
COX8CP1,0.0
ENSG00000271443,0.0
ENSG00000271454,0.0
ENSG00000271455,0.0
ENSG00000271456,0.0
ENSG00000271457,0.0
ENSG00000271459,0.0
CKAP2LP1,0.0
ENSG00000271462,0.0
DPRXP7,0.0
SQSTM1P1,0.0
CICP24,0.0
ENSG00000271468,0.0
ENSG00000271475,0.0
ENSG00000271477,0.0
MTND3P19,0.0
ENSG00000271482,0.0
ENSG00000271483,0.0
ABI1P1,0.0
NIPA2P3,0.0
RBM11P1,0.0
ENSG00000271490,0.0
ENSG00000271491,0.0
MEMO1P5,0.0
ENSG00000271494,0.0
ENSG00000271495,0.0
SNRPGP20,0.0
ENSG00000271498,0.0
ENSG00000271499,0.0
ENSG00000271500,0.0
ENSG00000271502,0.0
ENSG00000271507,0.0
ENSG00000271508,0.0
ENSG00000271509,0.0
ENSG00000271511,0.0
ENSG00000271519,0.0
TVP23BP3,0.0
BNIP3P17,0.0
ARF4P1,0.0
ENSG00000271526,0.0
ENSG00000271527,0.0
WBP1LP12,0.0
BBIP1P1,0.0
ENSG00000271536,0.0
ENSG00000271537,0.0
ENSG00000271543,0.0
ENSG00000271544,0.0
ENSG00000271546,0.0
ENSG00000271547,0.0
BNIP3P11,0.0
YPEL5P2,0.0
ENSG00000271558,0.0
ENSG00000271559,0.0
ENSG00000271560,0.0
HIRAP1,0.0
ENSG00000271565,0.0
ENSG00000271568,0.0
ENSG00000271573,0.0
ENSG00000271578,0.0
ENSG00000271580,0.0
ENSG00000271581,0.0
ENSG00000271582,0.0
ENSG00000271583,0.0
SELENOTP2,0.0
ENSG00000271586,0.0
ENSG00000271587,0.0
LARP7P1,0.0
ENSG00000271589,0.0
ELOCP35,0.0
ENSG00000271596,0.0
ENSG00000271597,0.0
ENSG00000271598,0.0
ENSG00000271600,0.0
KRT8P49,0.0
ENSG00000271606,0.0
RBISP4,0.0
ENSG00000271608,0.0
ENSG00000271609,0.0
ENSG00000271611,0.0
HSPE1P14,0.0
ACTG1P22,0.0
ENSG00000271616,0.0
ENSG00000271618,0.0
ENSG00000271621,0.0
ENSG00000271623,0.0
ENSG00000271624,0.0
PSMA6P4,0.0
H3P42,0.0
NKAIN1P2,0.0
ENSG00000271629,0.0
ENSG00000271632,0.0
DBF4P2,0.0
BNIP3P19,0.0
PPFIA1P1,0.0
MARK3P1,0.0
ENSG00000271644,0.0
KRT8P47,0.0
ENSG00000271650,0.0
ENSG00000271652,0.0
ENSG00000271654,0.0
BNIP3P35,0.0
ENSG00000271656,0.0
ENSG00000271657,0.0
ENSG00000271660,0.0
BNIP3P36,0.0
PPP4R2P6,0.0
ENSG00000271664,0.0
ENSG00000271666,0.0
ENSG00000271667,0.0
ENSG00000271671,0.0
DUXAP8,0.0
ENSG00000271676,0.0
ENSG00000271677,0.0
LSM1P2,0.0
ENSG00000271680,0.0
ENSG00000271681,0.0
TVP23CP3,0.0
TNPO3P1,0.0
MTND5P10,0.0
ENSG00000271691,0.0
ENSG00000271693,0.0
ENSG00000271696,0.0
ENSG00000271697,0.0
SNX29P2,0.0
ENSG00000271701,0.0
ENSG00000271702,0.0
BNIP3P20,0.0
RPL17P3,0.0
ATP1B3P1,0.0
NDUFA8P1,0.0
SAP30P1,0.0
ENSG00000271712,0.0
RNU1-29P,0.0
ENSG00000271749,0.0
RN7SKP299,0.0
ENSG00000271779,0.0
SNORA51,0.0
RN7SKP290,0.0
BMS1P4,0.0
U3,0.0
RN7SKP4,0.0
RNU6-94P,0.0
RNU7-10P,0.0
SNORD11B,0.0
MIR98,0.0
OR10AE1P,0.0
ENSG00000271894,0.0
MIR4791,0.0
MIR4466,0.0
ENSG00000271900,0.0
SNORA35B,0.0
DENRP3,0.0
ENSG00000271922,0.0
RNU6-86P,0.0
RNA5SP108,0.0
RNU6-85P,0.0
OR2AS2P,0.0
ADAM6,0.0
RDM1P4,0.0
EVA1CP2,0.0
SNORD58B,0.0
ENSG00000271985,0.0
RN7SL827P,0.0
ENSG00000272006,0.0
SNORA62,0.0
RNU1-30P,0.0
SNORA74,0.0
RNU6-87P,0.0
SNORD14A,0.0
MIR139,0.0
Y_RNA,0.0
RNU6-6P,0.0
RN7SL828P,0.0
MIR502,0.0
RN7SL715P,0.0
Y_RNA,0.0
ENSG00000272134,0.0
NBPF25P,0.0
RNU4-5P,0.0
ENSG00000272164,0.0
ENSG00000272166,0.0
RN7SL803P,0.0
U7,0.0
ENSG00000272220,0.0
MIR3666,0.0
RN7SL726P,0.0
ENSG00000272237,0.0
RNA5SP386,0.0
RNU6-89P,0.0
TPTE2P2,0.0
SNORD96A,0.0
ENSG00000272298,0.0
IFNL4P1,0.0
ENSG00000272319,0.0
RNU6-90P,0.0
SNORD114-21,0.0
ENSG00000272346,0.0
RNU4-89P,0.0
MIR3976,0.0
ENSG00000272383,0.0
ENSG00000272387,0.0
RNU6-92P,0.0
IFNL4,0.0
ENSG00000272400,0.0
ENSG00000272407,0.0
RN7SL778P,0.0
LINC01145,0.0
RNA5SP357,0.0
CUX2P1,0.0
RNU6-91P,0.0
OR13Z2P,0.0
RNU6-84P,0.0
ENSG00000293614,0.0
MIR432,0.0
SNORD115-40,0.0
RN7SL760P,0.0
SNORD113-5,0.0
OR13Z3P,0.0
OR1X1P,0.0
RNU6-88P,0.0
SNORA28,0.0
RN7SL840P,0.0
MIR4787,0.0
GTF2IP13,0.0
OR51F3P,0.0
OR5BL1P,0.0
GUSBP11,0.0
OR10AH1P,0.0
EFCAB3P1,0.0
OR51F5P,0.0
GTF2IP20,0.0
POLR2J4,0.0
OR51C4P,0.0
OR5AO1P,0.0
ENSG00000272679,0.0
OR9I3P,0.0
ENSG00000272714,0.0
STAG3L5P-PVRIG2P-PILRB,0.0
ENSG00000272762,0.0
BMS1P20,0.0
ENSG00000272801,0.0
GCAWKR,0.0
ENSG00000272815,0.0
OR10AE3P,0.0
OR2BH1P,0.0
ENSG00000272884,0.0
CSPG4P5,0.0
OR10Q2P,0.0
OR6U2P,0.0
OR7A19P,0.0
ENSG00000272980,0.0
OR5AL1,0.0
INTS4P2,0.0
ATF4P2,0.0
ENSG00000273046,0.0
OR51F4P,0.0
ENSG00000273066,0.0
OR52E1,0.0
ENSG00000273112,0.0
ENSG00000273184,0.0
ENSG00000273189,0.0
FAM25BP,0.0
OR5BQ1P,0.0
OR2A13P,0.0
ENSG00000273244,0.0
OR7E39P,0.0
OR5BP1P,0.0
ENSG00000273299,0.0
OR6L2P,0.0
CYP4F36P,0.0
OR7M1P,0.0
MICE,0.0
ENSG00000273345,0.0
OR2Q1P,0.0
OR5B15P,0.0
OR13I1P,0.0
ENSG00000273433,0.0
OR8S21P,0.0
ENSG00000273444,0.0
ENSG00000273471,0.0
OR6R2P,0.0
ENSG00000273497,0.0
ENSG00000273499,0.0
MIR6129,0.0
CNTNAP3P1,0.0
ENSG00000273512,0.0
ENSG00000273515,0.0
U1,0.0
Metazoa_SRP,0.0
ENSG00000273532,0.0
ENSG00000273536,0.0
ENSG00000273537,0.0
ENSG00000273541,0.0
SNORA44,0.0
Metazoa_SRP,0.0
MIR6812,0.0
Metazoa_SRP,0.0
REXO1L3P,0.0
ENSG00000273569,0.0
ENSG00000273570,0.0
ENSG00000273571,0.0
Metazoa_SRP,0.0
ENSG00000273580,0.0
OR10G1P,0.0
SNORA78,0.0
ENSG00000273589,0.0
7SK,0.0
MIR7160,0.0
ENSG00000273595,0.0
ENSG00000273596,0.0
ENSG00000273597,0.0
PMS2P10,0.0
ENSG00000273600,0.0
MIR6776,0.0
ENSG00000273609,0.0
RN7SL386P,0.0
ENSG00000273612,0.0
MIR6511A4,0.0
ENSG00000273621,0.0
ENSG00000273623,0.0
MIR4726,0.0
ENSG00000273628,0.0
U7,0.0
ENSG00000273634,0.0
ENSG00000273637,0.0
ENSG00000273639,0.0
WBP1LP8,0.0
PPP1R26P2,0.0
ENSG00000273644,0.0
MIR8065,0.0
ENSG00000273654,0.0
MIR6792,0.0
ENSG00000273658,0.0
ENSG00000273668,0.0
ENSG00000273675,0.0
ENSG00000273677,0.0
ENSG00000273679,0.0
BLVRBP1,0.0
LONRF2P5,0.0
CDRT15P10,0.0
U2,0.0
MRPL57P1,0.0
MIR6760,0.0
ENSG00000273701,0.0
ENSG00000273704,0.0
U2,0.0
Metazoa_SRP,0.0
ENSG00000273712,0.0
ENSG00000273716,0.0
RN7SL343P,0.0
ENSG00000273719,0.0
ENSG00000273720,0.0
ENSG00000273721,0.0
ENSG00000273724,0.0
Metazoa_SRP,0.0
U1,0.0
5_8S_rRNA,0.0
ENSG00000273731,0.0
VN1R74P,0.0
ENSG00000273736,0.0
ENSG00000273739,0.0
MIR6075,0.0
U4,0.0
MIR6870,0.0
ENSG00000273746,0.0
ENSG00000273750,0.0
GOLGA6L26,0.0
MIR6790,0.0
VN1R76P,0.0
ENSG00000273763,0.0
ENSG00000273767,0.0
RNVU1-29,0.0
ENSG00000273773,0.0
MIR6126,0.0
MIR6765,0.0
ENSG00000273782,0.0
ENSG00000273784,0.0
U3,0.0
BNIP3P47,0.0
ENSG00000273800,0.0
ENSG00000273804,0.0
ENSG00000273806,0.0
ENSG00000273813,0.0
RN7SL673P,0.0
ENPP7P7,0.0
ENSG00000273825,0.0
Metazoa_SRP,0.0
MIR7843,0.0
SNORD115-13,0.0
MIR6842,0.0
ENSG00000273840,0.0
ENSG00000273843,0.0
ENSG00000273844,0.0
Metazoa_SRP,0.0
SDR42E1P4,0.0
ENSG00000273851,0.0
ENSG00000273858,0.0
ENSG00000273860,0.0
ENSG00000273863,0.0
Metazoa_SRP,0.0
ENSG00000273870,0.0
SLC25A15P4,0.0
MIR6859-2,0.0
ENSG00000273876,0.0
MIR8066,0.0
ENSG00000273885,0.0
Metazoa_SRP,0.0
SLC20A1P2,0.0
PMS2P8,0.0
MIR6798,0.0
ENSG00000273900,0.0
ENSG00000273904,0.0
CA15P2,0.0
ENSG00000273908,0.0
MIR8068,0.0
Metazoa_SRP,0.0
Y_RNA,0.0
MIR6877,0.0
ENSG00000273933,0.0
ENSG00000273937,0.0
RN7SL722P,0.0
ENSG00000273942,0.0
MIR6853,0.0
RN7SL733P,0.0
ENSG00000273948,0.0
Metazoa_SRP,0.0
ENSG00000273957,0.0
ENSG00000273961,0.0
ENPP7P14,0.0
Y_RNA,0.0
ENSG00000273966,0.0
ENSG00000273974,0.0
Metazoa_SRP,0.0
ENSG00000273978,0.0
Metazoa_SRP,0.0
RN7SL106P,0.0
Metazoa_SRP,0.0
ENSG00000273988,0.0
SDR42E1P1,0.0
ENSG00000273997,0.0
RBM17P2,0.0
ENSG00000274004,0.0
ENSG00000274006,0.0
Metazoa_SRP,0.0
ZFP91P1,0.0
Metazoa_SRP,0.0
RN7SL2,0.0
Metazoa_SRP,0.0
ENSG00000274019,0.0
ENSG00000274022,0.0
ENSG00000274024,0.0
MIR3670-4,0.0
ENSG00000274028,0.0
ENSG00000274033,0.0
MIR6813,0.0
Y_RNA,0.0
ENSG00000274051,0.0
OR7E156P,0.0
MIR4727,0.0
ENSG00000274055,0.0
MIR6507,0.0
RNA5SP534,0.0
MIR6724-2,0.0
U2,0.0
ENSG00000274064,0.0
MIR6514,0.0
ENSG00000274072,0.0
ENSG00000274075,0.0
RN7SL539P,0.0
Metazoa_SRP,0.0
ENSG00000274086,0.0
SNORD1C,0.0
RNA5SP535,0.0
RN7SL787P,0.0
ABCB10P1,0.0
MIR6777,0.0
ALOX15P1,0.0
MIR6081,0.0
ENSG00000274116,0.0
Y_RNA,0.0
ENSG00000274121,0.0
ENSG00000274127,0.0
ENSG00000274133,0.0
MIR6774,0.0
Metazoa_SRP,0.0
ENSG00000274149,0.0
FADS2B,0.0
ENSG00000274154,0.0
ENSG00000274157,0.0
SNX18P1Y,0.0
RNA5SP439,0.0
ENSG00000274167,0.0
RN7SL585P,0.0
ENSG00000274170,0.0
MIR8071-1,0.0
PRAMEF28P,0.0
RBPJP2,0.0
RN7SL248P,0.0
FAM197Y4,0.0
U4,0.0
ENSG00000274199,0.0
U2,0.0
Metazoa_SRP,0.0
RNVU1-27,0.0
ENSG00000274212,0.0
ENSG00000274214,0.0
Metazoa_SRP,0.0
ENSG00000274219,0.0
RNA5SP414,0.0
ENSG00000274230,0.0
ENSG00000274231,0.0
RN7SL818P,0.0
ENSG00000274235,0.0
ENSG00000274242,0.0
ENSG00000274256,0.0
MIR6728,0.0
MIR7702,0.0
SNORA73A,0.0
ENSG00000274269,0.0
ENSG00000274272,0.0
SPATA31E3P,0.0
MIR6069,0.0
ENSG00000274282,0.0
Y_RNA,0.0
ENSG00000274293,0.0
ENSG00000274295,0.0
ENSG00000274299,0.0
MIR6864,0.0
7SK,0.0
MIR5088,0.0
ENSG00000274308,0.0
SNORA71E,0.0
ENSG00000274310,0.0
MIR6749,0.0
ZNF646P1,0.0
RPSAP73,0.0
ENSG00000274321,0.0
ENSG00000274326,0.0
ENSG00000274328,0.0
ENSG00000274330,0.0
ENSG00000274342,0.0
ENSG00000274343,0.0
ENSG00000274344,0.0
ENSG00000274346,0.0
ENSG00000274347,0.0
RN7SL853P,0.0
ENSG00000274351,0.0
ENSG00000274353,0.0
FAM74A3,0.0
ENSG00000274356,0.0
Metazoa_SRP,0.0
ENSG00000274365,0.0
GRAMD4P4,0.0
TUBAP6,0.0
ADAMTS7P1,0.0
ENSG00000274378,0.0
MIR6801,0.0
ENSG00000274381,0.0
U6,0.0
MIR6885,0.0
ENSG00000274396,0.0
ENSG00000274397,0.0
ENSG00000274398,0.0
RNA5SP536,0.0
ENSG00000274409,0.0
MIR6515,0.0
ENSG00000274420,0.0
SEC22B2P,0.0
RN7SL196P,0.0
RNVU1-25,0.0
ENSG00000274430,0.0
U2,0.0
ENSG00000274445,0.0
ENSG00000274446,0.0
ENSG00000274450,0.0
ENSG00000274451,0.0
U2,0.0
GUSBP7,0.0
ENSG00000274458,0.0
Metazoa_SRP,0.0
MIR1273H,0.0
RNA5SP257,0.0
ENSG00000274468,0.0
ENSG00000274471,0.0
Y_RNA,0.0
RN7SL650P,0.0
ENSG00000274481,0.0
Y_RNA,0.0
ENSG00000274486,0.0
NPEPPSP1,0.0
ENSG00000274489,0.0
ENSG00000274491,0.0
MRPS17P5,0.0
MIR6832,0.0
ENSG00000274499,0.0
ENSG00000274500,0.0
ANKRD20A6P,0.0
ENSG00000274503,0.0
Metazoa_SRP,0.0
Metazoa_SRP,0.0
Metazoa_SRP,0.0
ENSG00000274520,0.0
ENSG00000274525,0.0
ENSG00000274532,0.0
SNORD39,0.0
ENSG00000274541,0.0
SNORD28,0.0
ENSG00000274547,0.0
ENSG00000274549,0.0
ENSG00000274551,0.0
MIR6889,0.0
CICP15,0.0
ENSG00000274562,0.0
RN7SL545P,0.0
ENSG00000274569,0.0
SPDYE10,0.0
ZYXP1,0.0
ENSG00000274579,0.0
SNORA16A,0.0
FAM74A4,0.0
ENSG00000274584,0.0
RNU2-1,0.0
Metazoa_SRP,0.0
ENSG00000274594,0.0
DUX4L24,0.0
ENSG00000274601,0.0
PI4KAP1,0.0
Y_RNA,0.0
ENSG00000274606,0.0
RNU6-866P,0.0
BNIP3P14,0.0
ENSG00000274614,0.0
NPEPPSP1,0.0
ENSG00000274617,0.0
MIR378J,0.0
MIR6867,0.0
ENSG00000274625,0.0
CYP4F59P,0.0
ENSG00000274631,0.0
RN7SL719P,0.0
ENSG00000274637,0.0
SNORD109A,0.0
ENSG00000274642,0.0
ENSG00000274647,0.0
ENSG00000274649,0.0
ENSG00000274655,0.0
RN7SL625P,0.0
TBC1D3JP,0.0
Metazoa_SRP,0.0
RN7SKP236,0.0
RNA5SP526,0.0
ENSG00000274664,0.0
ENSG00000274666,0.0
MYO5BP1,0.0
Metazoa_SRP,0.0
ENSG00000274688,0.0
ENSG00000274691,0.0
ENSG00000274693,0.0
MIR6761,0.0
Metazoa_SRP,0.0
ENSG00000274702,0.0
Metazoa_SRP,0.0
MIR486-1,0.0
ENSG00000274709,0.0
Metazoa_SRP,0.0
MIR7974,0.0
U4,0.0
ADAMTS7P5,0.0
ENSG00000274721,0.0
IQSEC3P3,0.0
ENSG00000274730,0.0
ENSG00000274732,0.0
ENSG00000274740,0.0
Metazoa_SRP,0.0
RN7SL627P,0.0
ENSG00000274748,0.0
U2,0.0
ENSG00000274756,0.0
RNA5SP527,0.0
ENSG00000274760,0.0
ENSG00000274769,0.0
MIR6128,0.0
Metazoa_SRP,0.0
FSIP2LP,0.0
ENSG00000274777,0.0
Y_RNA,0.0
Metazoa_SRP,0.0
ENSG00000274800,0.0
MIR6768,0.0
MIR6078,0.0
ENSG00000274813,0.0
ENSG00000274814,0.0
MIR6772,0.0
ENSG00000274817,0.0
ENSG00000274819,0.0
ENSG00000274820,0.0
MIR6762,0.0
APONP,0.0
MIR7152,0.0
ENSG00000274832,0.0
ENSG00000274835,0.0
ENSG00000274836,0.0
ENSG00000274837,0.0
MIR6788,0.0
Metazoa_SRP,0.0
ENSG00000274844,0.0
ENSG00000274845,0.0
Metazoa_SRP,0.0
RN7SL422P,0.0
ENSG00000274855,0.0
Metazoa_SRP,0.0
U2,0.0
ENSG00000274864,0.0
ENSG00000274866,0.0
ENSG00000274867,0.0
ENSG00000274868,0.0
ENSG00000274878,0.0
ENSG00000274879,0.0
Metazoa_SRP,0.0
ENSG00000274884,0.0
SEPTIN14P17,0.0
ENSG00000274892,0.0
ENSG00000274899,0.0
ENSG00000274901,0.0
ENSG00000274903,0.0
ENSG00000274915,0.0
RNA5-8SN5,0.0
ENSG00000274919,0.0
ENSG00000274923,0.0
KMT2CP3,0.0
KRT89P,0.0
ENSG00000274930,0.0
MIR7150,0.0
ENSG00000274934,0.0
MIR8083,0.0
TEX28P1,0.0
RN7SL600P,0.0
ENSG00000274966,0.0
Y_RNA,0.0
MIR6771,0.0
ENSG00000274970,0.0
BSNDP2,0.0
MIR6735,0.0
ENSG00000274977,0.0
Y_RNA,0.0
PTCHD3P1,0.0
MIR6750,0.0
MIR6876,0.0
MIR8056,0.0
SNORA17A,0.0
MIR8052,0.0
ENSG00000275001,0.0
ZFAND2AP2,0.0
Y_RNA,0.0
ALOXE3P1,0.0
ENSG00000275012,0.0
RN7SL166P,0.0
ENSG00000275015,0.0
ENSG00000275017,0.0
MIR6753,0.0
GXYLT1P4,0.0
HMGB1P24,0.0
RNU6-538P,0.0
ENSG00000275033,0.0
MIR8086,0.0
Metazoa_SRP,0.0
SNORD25,0.0
ENSG00000275046,0.0
BSNDP1,0.0
ENSG00000275054,0.0
PPP1R26P3,0.0
SEPTIN7P15,0.0
PDE4DIPP5,0.0
MIR6825,0.0
U6,0.0
ENSG00000275069,0.0
Metazoa_SRP,0.0
ENSG00000275071,0.0
SNORD50B,0.0
ENSG00000275075,0.0
ENSG00000275078,0.0
SNORD91B,0.0
RN7SL296P,0.0
ENSG00000275094,0.0
MIR6766,0.0
ENSG00000275103,0.0
MIR6782,0.0
U7,0.0
MIR6504,0.0
ENSG00000275110,0.0
ENSG00000275115,0.0
ENSG00000275121,0.0
SNORD116-22,0.0
RN7SL203P,0.0
ENSG00000275129,0.0
ENSG00000275130,0.0
PDE4DIPP2,0.0
RN7SL663P,0.0
ENSG00000275134,0.0
ENSG00000275138,0.0
SEC22B3P,0.0
MIR6888,0.0
SCARNA16,0.0
SNX18P5,0.0
ENSG00000275146,0.0
U3,0.0
ENSG00000275157,0.0
RPL7AP45,0.0
ENSG00000275161,0.0
MIR6814,0.0
MIR6815,0.0
FRG2MP,0.0
U6,0.0
FAM9CP1,0.0
ENSG00000275201,0.0
ENSG00000275206,0.0
MIR6740,0.0
MIR6745,0.0
ENSG00000275210,0.0
Metazoa_SRP,0.0
RNA5-8SN3,0.0
U2,0.0
Metazoa_SRP,0.0
ENSG00000275227,0.0
RNU1-68P,0.0
RN7SL544P,0.0
ENSG00000275231,0.0
MIR4734,0.0
ENSG00000275250,0.0
ENSG00000275254,0.0
MRPS31P1,0.0
MIR6511A1,0.0
ENSG00000275266,0.0
U7,0.0
MIR6780A,0.0
ENSG00000275280,0.0
Metazoa_SRP,0.0
RNVU1-26,0.0
Metazoa_SRP,0.0
ENSG00000275295,0.0
ENSG00000275296,0.0
RNA5SP528,0.0
ENSG00000275307,0.0
ENSG00000275310,0.0
ENSG00000275312,0.0
ENSG00000275314,0.0
ENSG00000275315,0.0
ENSG00000275318,0.0
Metazoa_SRP,0.0
ENSG00000275320,0.0
PDCD6IPP1,0.0
SPDYE19P,0.0
MIR5787,0.0
MIR8088,0.0
RN7SL680P,0.0
ENSG00000275339,0.0
FGD5P1,0.0
MIR6503,0.0
ENSG00000275348,0.0
ENSG00000275350,0.0
ENSG00000275352,0.0
Metazoa_SRP,0.0
ENSG00000275359,0.0
MIR6868,0.0
ENSG00000275361,0.0
Metazoa_SRP,0.0
MPHOSPH10P9,0.0
ENSG00000275372,0.0
MIR6124,0.0
GUSBP19,0.0
MIR1299,0.0
ENSG00000275381,0.0
ENSG00000275386,0.0
ENSG00000275387,0.0
MIR6770-3,0.0
ENSG00000275400,0.0
U1,0.0
ENSG00000275406,0.0
MIR6882,0.0
ENSG00000275414,0.0
ENSG00000275419,0.0
VN1R18P,0.0
MIR6862-1,0.0
YPEL5P4,0.0
ENSG00000275448,0.0
MIR6859-3,0.0
MIR6085,0.0
MIR548O2,0.0
MIR7852,0.0
MIR6809,0.0
Metazoa_SRP,0.0
ENSG00000275461,0.0
ENSG00000275468,0.0
MIR6130,0.0
ENSG00000275480,0.0
ENSG00000275488,0.0
ENSG00000275490,0.0
ENSG00000275497,0.0
ENSG00000275502,0.0
ENSG00000275503,0.0
U7,0.0
H3P25,0.0
ENSG00000275508,0.0
ENSG00000275515,0.0
MIR6718,0.0
MIR6804,0.0
MIR6508,0.0
SNORD115-26,0.0
SNORD116-4,0.0
RNVU1-19,0.0
ENSG00000275540,0.0
ENSG00000275547,0.0
ENSG00000275550,0.0
RN7SKP175,0.0
ENSG00000275559,0.0
SEPTIN7P12,0.0
ENSG00000275578,0.0
Metazoa_SRP,0.0
RN7SL341P,0.0
ENSG00000275589,0.0
VN1R7P,0.0
ANAPC1P5,0.0
ENSG00000275598,0.0
WDR53P1,0.0
ENSG00000275609,0.0
DUX4L21,0.0
U2,0.0
ENSG00000275625,0.0
U1,0.0
ENSG00000275634,0.0
U7,0.0
MIR6793,0.0
Metazoa_SRP,0.0
RBM22P6,0.0
ENSG00000275646,0.0
ENSG00000275647,0.0
MIR6851,0.0
MIR6796,0.0
ENSG00000275654,0.0
RN7SL313P,0.0
ENSG00000275656,0.0
ENSG00000275661,0.0
SNORD112,0.0
ENSG00000275664,0.0
ENSG00000275666,0.0
MIR6839,0.0
MIR6744,0.0
MIR8076,0.0
ENSG00000275675,0.0
Metazoa_SRP,0.0
ENSG00000275681,0.0
ENSG00000275689,0.0
MIR6724-4,0.0
ENSG00000275693,0.0
UBE2Q2P6,0.0
Metazoa_SRP,0.0
MIR3648-1,0.0
MIR6795,0.0
ENSG00000275716,0.0
ENSG00000275725,0.0
MIR6088,0.0
ENSG00000275733,0.0
Y_RNA,0.0
ENSG00000275756,0.0
5_8S_rRNA,0.0
ENSG00000275767,0.0
SLC2AXP1,0.0
MIR6505,0.0
OR4G6P,0.0
ENSG00000275772,0.0
RN7SL185P,0.0
ENSG00000275785,0.0
OR7G15P,0.0
Metazoa_SRP,0.0
MIR8064,0.0
EIF5P2,0.0
ENSG00000275801,0.0
RN7SL736P,0.0
Metazoa_SRP,0.0
MIR8082,0.0
HTR1DP1,0.0
MIR6500,0.0
MIR6818,0.0
ENSG00000275823,0.0
ENSG00000275826,0.0
ENSG00000275827,0.0
CHEK2P1,0.0
ENSG00000275833,0.0
ENSG00000275834,0.0
MIR6068,0.0
ENSG00000275839,0.0
Metazoa_SRP,0.0
MIR941-5,0.0
Metazoa_SRP,0.0
ENSG00000275856,0.0
MIR6720,0.0
ENSG00000275860,0.0
ENSG00000275862,0.0
MIR7975,0.0
ENSG00000275866,0.0
MIR8054,0.0
ENSG00000275875,0.0
5_8S_rRNA,0.0
RN7SL43P,0.0
Metazoa_SRP,0.0
IKBKGP1,0.0
U3,0.0
Metazoa_SRP,0.0
Y_RNA,0.0
ENSG00000275905,0.0
NAPGP2,0.0
ENSG00000275908,0.0
Metazoa_SRP,0.0
ENSG00000275915,0.0
ENSG00000275919,0.0
MIR6807,0.0
REXO1L11P,0.0
ENSG00000275929,0.0
Y_RNA,0.0
7SK,0.0
ENSG00000275939,0.0
MRPL57P3,0.0
ENSG00000275942,0.0
EIF3FP1,0.0
ENSG00000275948,0.0
MIR6724-1,0.0
YAP1P3,0.0
ENSG00000275956,0.0
ENSG00000275958,0.0
ENSG00000275959,0.0
RN7SL210P,0.0
MIR6880,0.0
ENSG00000275968,0.0
ENSG00000275971,0.0
Metazoa_SRP,0.0
SPDYE11,0.0
Metazoa_SRP,0.0
ENSG00000275980,0.0
ENSG00000275981,0.0
Y_RNA,0.0
U1,0.0
SPACA7BP,0.0
RN7SL327P,0.0
SNORA24,0.0
SNORD27,0.0
ENSG00000275997,0.0
Metazoa_SRP,0.0
ENSG00000276003,0.0
REXO1L12P,0.0
RN7SL301P,0.0
ENSG00000276015,0.0
ENSG00000276019,0.0
RNU12,0.0
MIR4477A,0.0
RN7SL197P,0.0
RNA5SP440,0.0
ENSG00000276039,0.0
DUX4L13,0.0
RN7SL711P,0.0
ENSG00000276048,0.0
ENSG00000276055,0.0
ENSG00000276057,0.0
STMN1P1,0.0
ENSG00000276064,0.0
SLC23A4P,0.0
ENSG00000276074,0.0
MIR7156,0.0
MIR7976,0.0
RN7SL620P,0.0
ENSG00000276089,0.0
SNORA70,0.0
Metazoa_SRP,0.0
ENSG00000276098,0.0
ENSG00000276100,0.0
MIR6747,0.0
U4,0.0
ENSG00000276105,0.0
ENSG00000276109,0.0
ENSG00000276118,0.0
Metazoa_SRP,0.0
MIR6855,0.0
ENSG00000276127,0.0
MIR6133,0.0
U6,0.0
ENSG00000276140,0.0
WHAMMP3,0.0
MIR548AY,0.0
ENSG00000276149,0.0
ENSG00000276150,0.0
ENSG00000276156,0.0
MIR1264,0.0
GGTLC5P,0.0
SNORA17B,0.0
MIR5739,0.0
DUX4L20,0.0
RN7SL1,0.0
MIR6871,0.0
ELMO2P1,0.0
MIR6090,0.0
Y_RNA,0.0
ENSG00000276179,0.0
MIR6794,0.0
U6,0.0
ENSG00000276185,0.0
ENSG00000276189,0.0
Metazoa_SRP,0.0
ENSG00000276197,0.0
RN7SL820P,0.0
Metazoa_SRP,0.0
ENSG00000276204,0.0
ENSG00000276205,0.0
ENSG00000276206,0.0
ENSG00000276208,0.0
Metazoa_SRP,0.0
ENSG00000276214,0.0
MIR8057,0.0
ENSG00000276225,0.0
ENSG00000276229,0.0
ENSG00000276233,0.0
ENSG00000276257,0.0
MIR6799,0.0
ENSG00000276277,0.0
RN7SL126P,0.0
RBBP4P3,0.0
FRG1HP,0.0
ENSG00000276294,0.0
ENSG00000276298,0.0
ENSG00000276304,0.0
RN7SKP251,0.0
MIR6511A3,0.0
ENSG00000276312,0.0
SNORD107,0.0
OR8G7P,0.0
GTF2IP8,0.0
MIR8079,0.0
MIR2909,0.0
ENSG00000276332,0.0
MIR6858,0.0
ENSG00000276351,0.0
MIR668,0.0
Metazoa_SRP,0.0
Metazoa_SRP,0.0
ENSG00000276362,0.0
MIR145,0.0
U3,0.0
ENSG00000276375,0.0
U7,0.0
UBE2NL,0.0
ENSG00000276385,0.0
CNTNAP3P2,0.0
ENSG00000276388,0.0
ENSG00000276391,0.0
ENSG00000276393,0.0
Metazoa_SRP,0.0
ENSG00000276398,0.0
VN1R9P,0.0
MIR6835,0.0
ENSG00000276413,0.0
ENSG00000276426,0.0
IGLL4P,0.0
ENSG00000276428,0.0
ENSG00000276431,0.0
RNA5SP529,0.0
FKBP4P8,0.0
ENSG00000276460,0.0
ENSG00000276467,0.0
ENSG00000276470,0.0
ENSG00000276474,0.0
BNIP3P44,0.0
ENSG00000276478,0.0
MIR548AZ,0.0
PLA2G10IP,0.0
ENSG00000276486,0.0
MIR6829,0.0
Metazoa_SRP,0.0
ENSG00000276494,0.0
ENSG00000276496,0.0
ENSG00000276507,0.0
ENSG00000276514,0.0
ENSG00000276520,0.0
ENSG00000276521,0.0
RN7SL462P,0.0
Metazoa_SRP,0.0
ENSG00000276528,0.0
ENSG00000276530,0.0
SNX19P4,0.0
Metazoa_SRP,0.0
ENSG00000276535,0.0
ENSG00000276538,0.0
REXO1L10P,0.0
RN7SL453P,0.0
PCDHGB9P,0.0
Y_RNA,0.0
ENSG00000276548,0.0
HERC2P2,0.0
ENSG00000276556,0.0
RN7SL565P,0.0
ENSG00000276563,0.0
Metazoa_SRP,0.0
ENSG00000276569,0.0
ENSG00000276570,0.0
MIR6895,0.0
MRPL30P1,0.0
RNU6-467P,0.0
ENSG00000276578,0.0
MIR8055,0.0
MIR6737,0.0
ENSG00000276586,0.0
RN7SL322P,0.0
PHB1P6,0.0
U2,0.0
MIR6893,0.0
RNA5SP411,0.0
Metazoa_SRP,0.0
ENSG00000276605,0.0
ENSG00000276609,0.0
SNORD64,0.0
ENSG00000276620,0.0
MIR6499,0.0
ENSG00000276623,0.0
7SK,0.0
ENSG00000276632,0.0
ENSG00000276637,0.0
MIR7154,0.0
MIR6769A,0.0
ENSG00000276642,0.0
ENSG00000276643,0.0
Metazoa_SRP,0.0
KRTAP12-5P,0.0
ENSG00000276650,0.0
RN7SL856P,0.0
MIR6083,0.0
DDX20P1,0.0
ENSG00000276664,0.0
ENSG00000276667,0.0
Metazoa_SRP,0.0
ENSG00000276670,0.0
ENSG00000276673,0.0
ENSG00000276675,0.0
ENSG00000276678,0.0
ENSG00000276680,0.0
ENSG00000276685,0.0
ENSG00000276689,0.0
ENSG00000276690,0.0
Y_RNA,0.0
RNA5-8SN4,0.0
RPS29P32,0.0
ENSG00000276706,0.0
CSPG4P10,0.0
U2,0.0
MIR7111,0.0
Metazoa_SRP,0.0
YWHAEP7,0.0
PRSS47P,0.0
ENSG00000276721,0.0
ENSG00000276722,0.0
Y_RNA,0.0
Metazoa_SRP,0.0
ENSG00000276730,0.0
MIR7158,0.0
Metazoa_SRP,0.0
ENSG00000276738,0.0
Metazoa_SRP,0.0
MIR6821,0.0
ENSG00000276755,0.0
KMT2CP2,0.0
RN7SL192P,0.0
ENSG00000276758,0.0
ENSG00000276763,0.0
Metazoa_SRP,0.0
MIR8073,0.0
MIR6752,0.0
MIR6780B,0.0
ENSG00000276771,0.0
Metazoa_SRP,0.0
ENSG00000276784,0.0
SNORD26,0.0
MRGPRX8P,0.0
Metazoa_SRP,0.0
ENSG00000276805,0.0
ENSG00000276810,0.0
ENSG00000276822,0.0
Metazoa_SRP,0.0
MIR7159,0.0
ENSG00000276828,0.0
ENSG00000276829,0.0
MIR6730,0.0
CDRT15P6,0.0
MIR6127,0.0
Metazoa_SRP,0.0
PMS2P13,0.0
ENSG00000276841,0.0
SNORD115-46,0.0
ENSG00000276845,0.0
MIR6715A,0.0
ENSG00000276859,0.0
5S_rRNA,0.0
MIR7151,0.0
ENSG00000276868,0.0
MIR6729,0.0
5_8S_rRNA,0.0
ENSG00000276872,0.0
ENSG00000276873,0.0
MIR6074,0.0
ENSG00000276884,0.0
Metazoa_SRP,0.0
RN7SL238P,0.0
ENSG00000276892,0.0
RAB28P4,0.0
ENSG00000276897,0.0
Y_RNA,0.0
DUX4L14,0.0
MIR7106,0.0
FGFR3P3,0.0
MIR8080,0.0
Metazoa_SRP,0.0
ENSG00000276919,0.0
SPMIP3P1,0.0
MIR6797,0.0
ENSG00000276928,0.0
ENSG00000276929,0.0
Y_RNA,0.0
PLCE1P1,0.0
MIR4509-1,0.0
ENSG00000276945,0.0
ENSG00000276949,0.0
ENSG00000276951,0.0
Metazoa_SRP,0.0
RN7SL769P,0.0
ENSG00000276958,0.0
ENSG00000276960,0.0
MIR7848,0.0
ENSG00000276963,0.0
DUX4L23,0.0
ENSG00000276965,0.0
HYDIN2,0.0
Metazoa_SRP,0.0
ENSG00000276991,0.0
ENSG00000276992,0.0
REXO1L2P,0.0
DUSP12P1,0.0
Metazoa_SRP,0.0
ENSG00000277003,0.0
RNA5SP412,0.0
TEX28P2,0.0
TEX28P3,0.0
MIR3179-4,0.0
ENSG00000277024,0.0
RNU6-1192P,0.0
MIR8071-2,0.0
RN7SL796P,0.0
SNORA71,0.0
ENSG00000277035,0.0
Metazoa_SRP,0.0
ENSG00000277040,0.0
ENSG00000277041,0.0
EEF1A1P42,0.0
RNA5SP530,0.0
Metazoa_SRP,0.0
MIR6763,0.0
GTF2IP1,0.0
ENSG00000277056,0.0
MIR6779,0.0
RN7SL88P,0.0
MIR8084,0.0
ENSG00000277066,0.0
STAG3L2,0.0
MIR6131,0.0
ENSG00000289133,0.0
ENSG00000277081,0.0
PRSS3P3,0.0
RNU2-4P,0.0
ENSG00000277095,0.0
ENSG00000277096,0.0
ENSG00000277099,0.0
ENSG00000277103,0.0
SNORD49B,0.0
ENSG00000277109,0.0
ANKRD20A21P,0.0
Metazoa_SRP,0.0
ENSG00000277119,0.0
MIR6089,0.0
ENSG00000277124,0.0
PMS2P14,0.0
Metazoa_SRP,0.0
ENSG00000277129,0.0
ENSG00000277133,0.0
Metazoa_SRP,0.0
MIR6509,0.0
Metazoa_SRP,0.0
LILRA2P1,0.0
ENSG00000277146,0.0
TOMM40P1,0.0
ENSG00000277162,0.0
Metazoa_SRP,0.0
ENSG00000277171,0.0
GAPDHP41,0.0
ENSG00000277174,0.0
SNORA9,0.0
ENSG00000277188,0.0
ENSG00000277191,0.0
SNORD22,0.0
RN7SL270P,0.0
MIR8063,0.0
ENSG00000277206,0.0
ENSG00000277211,0.0
SDR42E1P2,0.0
ENSG00000277217,0.0
ENSG00000277227,0.0
Metazoa_SRP,0.0
RNU1-5P,0.0
FGFR3P4,0.0
MIR3118-3,0.0
U2,0.0
MIR6784,0.0
Metazoa_SRP,0.0
ENSG00000277252,0.0
CICP28,0.0
MIR7854,0.0
MIR6833,0.0
RN7SL556P,0.0
ENSG00000277269,0.0
DUX4L22,0.0
ENSG00000277289,0.0
ENSG00000277290,0.0
RN7SL489P,0.0
ATP5F1AP10,0.0
ENSG00000277304,0.0
ENSG00000277306,0.0
Metazoa_SRP,0.0
ENSG00000277311,0.0
7SK,0.0
HSPBAP1P1,0.0
ENSG00000277319,0.0
ENSG00000277320,0.0
SPDYE20P,0.0
ENSG00000277340,0.0
RNU6-489P,0.0
RNU1-6P,0.0
CICP25,0.0
NPAP1P7,0.0
ENSG00000277358,0.0
NEK2P1,0.0
SNORD49A,0.0
Metazoa_SRP,0.0
U1,0.0
MIR6724-3,0.0
Metazoa_SRP,0.0
MIR8058,0.0
MIR8053,0.0
MIR6881,0.0
Metazoa_SRP,0.0
ENSG00000277397,0.0
MIR6891,0.0
SEC22B4P,0.0
ENSG00000277408,0.0
H2BP5,0.0
5S_rRNA,0.0
ENSG00000277413,0.0
RNA5SP531,0.0
REXO1L6P,0.0
ENSG00000277426,0.0
Y_RNA,0.0
ENSG00000277435,0.0
REXO1L5P,0.0
ENSG00000277437,0.0
KDM5DP1,0.0
ENSG00000277444,0.0
Metazoa_SRP,0.0
ENSG00000277447,0.0
RN7SL473P,0.0
Metazoa_SRP,0.0
ENSG00000277458,0.0
ENSG00000277460,0.0
RN7SL286P,0.0
ENSG00000277465,0.0
ENSG00000277466,0.0
RN7SL628P,0.0
ENSG00000277468,0.0
ENSG00000277469,0.0
Metazoa_SRP,0.0
MIR6894,0.0
MIR6165,0.0
ENSG00000277479,0.0
RN7SL321P,0.0
SAGE3P,0.0
5S_rRNA,0.0
ENSG00000277490,0.0
ENSG00000277492,0.0
ENSG00000277493,0.0
ENSG00000277498,0.0
ENSG00000277499,0.0
ENSG00000277500,0.0
ENSG00000277502,0.0
MPHOSPH10P5,0.0
RN7SL802P,0.0
BSNDP3,0.0
ENSG00000277509,0.0
Metazoa_SRP,0.0
SNORD65,0.0
ENSG00000277513,0.0
OR52Q1P,0.0
RN7SL495P,0.0
ENSG00000277516,0.0
OFD1P16Y,0.0
MIR8078,0.0
ENSG00000277524,0.0
NF1P10,0.0
ENSG00000277532,0.0
MIR8077,0.0
ENSG00000277542,0.0
ENSG00000277544,0.0
ENSG00000277549,0.0
ENSG00000277553,0.0
GOLGA8IP,0.0
ENSG00000277562,0.0
ENSG00000277563,0.0
ENSG00000277565,0.0
ENSG00000277568,0.0
MIR6134,0.0
ENSG00000277572,0.0
ENSG00000277575,0.0
ENSG00000277576,0.0
ENSG00000277577,0.0
Metazoa_SRP,0.0
RN7SL428P,0.0
ENSG00000277583,0.0
MIR6806,0.0
MIR7845,0.0
RN7SL575P,0.0
Metazoa_SRP,0.0
ENSG00000277598,0.0
ENSG00000277599,0.0
Y_RNA,0.0
Metazoa_SRP,0.0
ENSG00000277608,0.0
RNVU1-4,0.0
U6,0.0
Metazoa_SRP,0.0
ENSG00000277618,0.0
Metazoa_SRP,0.0
Y_RNA,0.0
Metazoa_SRP,0.0
MIR8061,0.0
RN7SL469P,0.0
ENSG00000277640,0.0
ENSG00000277646,0.0
ENSG00000277647,0.0
ENSG00000277653,0.0
ENSG00000277655,0.0
Metazoa_SRP,0.0
ENSG00000277670,0.0
ENSG00000277671,0.0
ENSG00000277672,0.0
ENSG00000277673,0.0
Metazoa_SRP,0.0
RNU1-153P,0.0
MIR6739,0.0
ENSG00000277689,0.0
ENSG00000277690,0.0
ENSG00000277694,0.0
MIR6770-2,0.0
ENSG00000277702,0.0
ENSG00000277704,0.0
ENSG00000277705,0.0
PGBD4P2,0.0
NBEAP5,0.0
ENSG00000277711,0.0
MIR6856,0.0
U6,0.0
H3C5P,0.0
Metazoa_SRP,0.0
ENSG00000277732,0.0
5_8S_rRNA,0.0
Metazoa_SRP,0.0
GOLGA6L17P,0.0
ENSG00000277743,0.0
ENSG00000277746,0.0
ENSG00000277747,0.0
ENSG00000277748,0.0
ENSG00000277752,0.0
U3,0.0
ENSG00000277755,0.0
MIR6719,0.0
RN7SL261P,0.0
ENSG00000277764,0.0
ENSG00000277766,0.0
RBM22P4,0.0
PLA2G10GP,0.0
Metazoa_SRP,0.0
RN7SL763P,0.0
Y_RNA,0.0
MIR6786,0.0
SNORD116-21,0.0
Metazoa_SRP,0.0
ENSG00000277795,0.0
ENSG00000277803,0.0
ENSG00000277809,0.0
MIR6738,0.0
Y_RNA,0.0
ENSG00000277826,0.0
ENSG00000277828,0.0
ENSG00000277830,0.0
MIR5701-2,0.0
MIR6811,0.0
SNORD30,0.0
ENSG00000277852,0.0
ENSG00000277859,0.0
PRAMEF34P,0.0
SCARNA15,0.0
ENSG00000277866,0.0
ENSG00000277867,0.0
ENSG00000277869,0.0
MIR6817,0.0
ENSG00000277876,0.0
ENSG00000277878,0.0
ENSG00000277881,0.0
ENSG00000277882,0.0
NLRP3P1,0.0
SNORA50C,0.0
MIR6846,0.0
MIR8081,0.0
U6,0.0
MIR6746,0.0
MLECP1,0.0
Metazoa_SRP,0.0
U2,0.0
MIR7850,0.0
ENSG00000277907,0.0
MIR8089,0.0
ENSG00000277913,0.0
DDX6P2,0.0
ENSG00000277916,0.0
RNVU1-28,0.0
MIR8067,0.0
ENSG00000277920,0.0
ENSG00000277922,0.0
U6,0.0
ENSG00000277941,0.0
MIR8075,0.0
RN7SL478P,0.0
SNORD3D,0.0
ENSG00000277948,0.0
Metazoa_SRP,0.0
ENSG00000277952,0.0
Metazoa_SRP,0.0
Metazoa_SRP,0.0
ENSG00000277966,0.0
ENSG00000277967,0.0
ENSG00000277968,0.0
ENSG00000277973,0.0
CSTP2,0.0
ENSG00000277977,0.0
ENSG00000277981,0.0
ENSG00000277984,0.0
SNORA67,0.0
U4,0.0
FAM30B,0.0
ENSG00000277994,0.0
ENSG00000277998,0.0
ENSG00000278001,0.0
ENSG00000278004,0.0
Metazoa_SRP,0.0
PPP1R26P4,0.0
ENSG00000278009,0.0
SNORA70,0.0
ENSG00000278020,0.0
ENSG00000278026,0.0
Y_RNA,0.0
MIR6731,0.0
MIR6076,0.0
ENSG00000278039,0.0
ENSG00000278040,0.0
ENSG00000278045,0.0
U2,0.0
ENSG00000278050,0.0
ENSG00000278054,0.0
ENSG00000278055,0.0
ENSG00000278066,0.0
ENSG00000278068,0.0
MIR6072,0.0
ENSG00000278072,0.0
MIR6726,0.0
ENSG00000278077,0.0
ENSG00000278078,0.0
ENSG00000278083,0.0
SNORD115-7,0.0
MIR7973-1,0.0
RNVU1-2A,0.0
Metazoa_SRP,0.0
ENSG00000278102,0.0
MIR8060,0.0
ENSG00000278104,0.0
ENSG00000278106,0.0
MIR6757,0.0
Metazoa_SRP,0.0
SUSD2P2,0.0
ENSG00000278113,0.0
AQP7P5,0.0
SNORD116-28,0.0
RN7SL186P,0.0
ENSG00000278128,0.0
ENSG00000278130,0.0
ENSG00000278131,0.0
U2,0.0
CLUHP11,0.0
NF1P7,0.0
ENSG00000278144,0.0
ENSG00000278151,0.0
MIR8062,0.0
ENSG00000278160,0.0
IL9RP5,0.0
Metazoa_SRP,0.0
ENSG00000278180,0.0
ENSG00000278181,0.0
ENSG00000278182,0.0
NF1P11,0.0
U6,0.0
RNA5-8SN1,0.0
ENSG00000278193,0.0
ENSG00000278197,0.0
GOLGA6L9-AS1,0.0
MIR6857,0.0
ENSG00000278205,0.0
ENSG00000278206,0.0
ENSG00000278212,0.0
CNTNAP3P5,0.0
ENSG00000278215,0.0
ENSG00000278217,0.0
ENSG00000278218,0.0
MIR6511A2,0.0
RN7SL536P,0.0
MIR6783,0.0
Metazoa_SRP,0.0
RNA5-8SN2,0.0
U2,0.0
ENSG00000278236,0.0
ENSG00000278237,0.0
RN7SL725P,0.0
SCARNA2,0.0
Metazoa_SRP,0.0
ENSG00000278256,0.0
SNORD1A,0.0
MIR6803,0.0
MIR6770-1,0.0
MIR6859-1,0.0
KMT2CP1,0.0
SNORA61,0.0
ENSG00000278275,0.0
MIR6816,0.0
MIR7856,0.0
ENSG00000278283,0.0
ENSG00000278287,0.0
RFPL4AP6,0.0
5_8S_rRNA,0.0
GRAMD4P3,0.0
ENSG00000278313,0.0
H3P46,0.0
ENSG00000278319,0.0
ENSG00000278324,0.0
MIR6802,0.0
RNU6-156P,0.0
ENSG00000278332,0.0
ENSG00000278333,0.0
ENSG00000278334,0.0
ENSG00000278337,0.0
MIR6862-2,0.0
ENSG00000278342,0.0
ENSG00000278346,0.0
Metazoa_SRP,0.0
MIR6754,0.0
ENSG00000278358,0.0
MIR7155,0.0
U4,0.0
ENSG00000278381,0.0
ENSG00000278382,0.0
ENSG00000278388,0.0
ENSG00000278391,0.0
ENSG00000278395,0.0
ENSG00000278399,0.0
ENSG00000278400,0.0
ENSG00000278404,0.0
ENSG00000278406,0.0
ENSG00000278410,0.0
MIR6854,0.0
ENSG00000278413,0.0
PMS2P2,0.0
MIR6512,0.0
MIR6819,0.0
ENSG00000278421,0.0
RN7SL331P,0.0
ENSG00000278424,0.0
ENSG00000278428,0.0
MIR6070,0.0
MIR7849,0.0
ENSG00000278441,0.0
ENSG00000278446,0.0
MIR6781,0.0
MIR6892,0.0
ENSG00000278454,0.0
CICP21,0.0
5S_rRNA,0.0
Metazoa_SRP,0.0
MIR6769B,0.0
Metazoa_SRP,0.0
ENSG00000278477,0.0
ENSG00000278478,0.0
ZBTB2P1,0.0
ENSG00000278482,0.0
MIR8087,0.0
ENSG00000278485,0.0
YRDCP1,0.0
ENSG00000278487,0.0
ENSG00000278496,0.0
RN7SL759P,0.0
ENSG00000278498,0.0
MIR6082,0.0
ENSG00000278510,0.0
ENSG00000278513,0.0
MIR6865,0.0
MIR7851,0.0
Y_RNA,0.0
MIR6810,0.0
RN7SL607P,0.0
ENSG00000278526,0.0
SNORD22,0.0
PLA2G10KP,0.0
MIR8070,0.0
CHMP1B2P,0.0
ENSG00000278531,0.0
ENSG00000278541,0.0
ENSG00000278543,0.0
MIR6736,0.0
RNU6-368P,0.0
ENSG00000278552,0.0
Metazoa_SRP,0.0
PTPN20CP,0.0
Metazoa_SRP,0.0
MIR7161,0.0
ENSG00000278572,0.0
ENSG00000278573,0.0
ENSG00000278577,0.0
ENSG00000278580,0.0
MIR6080,0.0
DNM1P5,0.0
SNX3P1Y,0.0
ENSG00000278586,0.0
ENSG00000278587,0.0
ZACNP1,0.0
RN7SL113P,0.0
U2,0.0
ENSG00000278592,0.0
ENSG00000278593,0.0
ENSG00000278594,0.0
MIR6077,0.0
MIR6775,0.0
ENSG00000278602,0.0
ENSG00000278603,0.0
RN7SL429P,0.0
BEND3P3,0.0
MIR8074,0.0
MIR8069,0.0
U6,0.0
SOWAHCP5,0.0
ENSG00000278635,0.0
Metazoa_SRP,0.0
Metazoa_SRP,0.0
DUX4L15,0.0
ENSG00000278643,0.0
CDK2AP2P1,0.0
ENSG00000278650,0.0
ENSG00000278654,0.0
ENSG00000278655,0.0
MIR6826,0.0
DUX4L10,0.0
ENSG00000278665,0.0
ENSG00000278667,0.0
MIR8059,0.0
ENSG00000278673,0.0
CYCSP41,0.0
ENSG00000278681,0.0
ENSG00000278683,0.0
ENSG00000278684,0.0
ENSG00000278687,0.0
ENSG00000278694,0.0
RN7SL82P,0.0
Metazoa_SRP,0.0
Metazoa_SRP,0.0
Metazoa_SRP,0.0
ENSG00000278708,0.0
SNORD116-20,0.0
ENSG00000278720,0.0
Metazoa_SRP,0.0
ENSG00000278725,0.0
Metazoa_SRP,0.0
ENSG00000278734,0.0
ENSG00000278736,0.0
MIR6859-4,0.0
ENSG00000278744,0.0
ENSG00000278745,0.0
RN7SL660P,0.0
ENSG00000278752,0.0
ENSG00000278754,0.0
MIR6722,0.0
U6,0.0
DUX4L11,0.0
FAM27B,0.0
Metazoa_SRP,0.0
Metazoa_SRP,0.0
RN7SL3,0.0
ENSG00000278773,0.0
U2,0.0
ENSG00000278775,0.0
ENSG00000278778,0.0
MIR6071,0.0
Metazoa_SRP,0.0
DUX4L12,0.0
ENSG00000278791,0.0
U6,0.0
Metazoa_SRP,0.0
ENSG00000278797,0.0
MIR6823,0.0
ENSG00000278802,0.0
ENSG00000278813,0.0
Metazoa_SRP,0.0
ENSG00000278819,0.0
ENSG00000278822,0.0
ENSG00000278824,0.0
RN7SL640P,0.0
ENSG00000278830,0.0
ENSG00000278837,0.0
Metazoa_SRP,0.0
ENSG00000278842,0.0
MIR6879,0.0
ENSG00000278852,0.0
ENSG00000278854,0.0
ENSG00000278859,0.0
ENSG00000278860,0.0
ENSG00000278861,0.0
ENSG00000278862,0.0
ENSG00000278863,0.0
ENSG00000278864,0.0
ENSG00000278865,0.0
ENSG00000278866,0.0
ENSG00000278867,0.0
ENSG00000278872,0.0
PRO1804,0.0
ENSG00000278874,0.0
ENSG00000278875,0.0
ENSG00000278876,0.0
ENSG00000278877,0.0
ENSG00000278879,0.0
ENSG00000278880,0.0
ENSG00000278885,0.0
ENSG00000278886,0.0
ENSG00000278887,0.0
ENSG00000278891,0.0
ENSG00000278892,0.0
ENSG00000278893,0.0
ENSG00000278894,0.0
ENSG00000278895,0.0
ENSG00000278896,0.0
ENSG00000278897,0.0
ENSG00000278898,0.0
ENSG00000278900,0.0
ENSG00000278902,0.0
ENSG00000278905,0.0
ENSG00000278908,0.0
ENSG00000278909,0.0
ENSG00000278911,0.0
ENSG00000278912,0.0
ENSG00000278913,0.0
ENSG00000278914,0.0
ENSG00000278917,0.0
ENSG00000278918,0.0
ENSG00000278922,0.0
ENSG00000278924,0.0
ENSG00000278926,0.0
ENSG00000278928,0.0
ENSG00000278929,0.0
ENSG00000278931,0.0
ENSG00000278933,0.0
ENSG00000278934,0.0
ENSG00000278935,0.0
SMG6-IT1,0.0
ENSG00000278942,0.0
ENSG00000278943,0.0
ENSG00000278944,0.0
ENSG00000278945,0.0
ENSG00000278948,0.0
ENSG00000278949,0.0
ENSG00000278950,0.0
ENSG00000278952,0.0
ENSG00000278953,0.0
ENSG00000278954,0.0
ENSG00000278957,0.0
ENSG00000278958,0.0
ENSG00000278959,0.0
ENSG00000278962,0.0
ENSG00000278963,0.0
ENSG00000278964,0.0
ENSG00000278965,0.0
ENSG00000278966,0.0
ENSG00000278967,0.0
ENSG00000278969,0.0
ENSG00000278971,0.0
ENSG00000278972,0.0
ENSG00000278973,0.0
ENSG00000278974,0.0
ENSG00000278975,0.0
ENSG00000278977,0.0
ENSG00000278979,0.0
ENSG00000278980,0.0
ENSG00000278982,0.0
ENSG00000278983,0.0
ENSG00000278985,0.0
ENSG00000278986,0.0
ENSG00000278987,0.0
ENSG00000278988,0.0
ENSG00000278989,0.0
ENSG00000278990,0.0
ENSG00000278991,0.0
ENSG00000278992,0.0
ENSG00000278993,0.0
ENSG00000278994,0.0
ENSG00000278995,0.0
ENSG00000278997,0.0
ENSG00000278998,0.0
ENSG00000278999,0.0
ENSG00000279001,0.0
ENSG00000279002,0.0
ENSG00000279004,0.0
ENSG00000279005,0.0
ENSG00000279009,0.0
ENSG00000279011,0.0
ENSG00000279013,0.0
ENSG00000279014,0.0
ENSG00000279015,0.0
ENSG00000279016,0.0
ENSG00000279017,0.0
ENSG00000279019,0.0
C18orf15,0.0
ENSG00000279021,0.0
ENSG00000279022,0.0
ENSG00000279023,0.0
ENSG00000279024,0.0
ENSG00000279025,0.0
ENSG00000279026,0.0
ENSG00000279029,0.0
ENSG00000279030,0.0
ENSG00000279031,0.0
ENSG00000279032,0.0
ENSG00000279033,0.0
ENSG00000279034,0.0
ENSG00000279035,0.0
ENSG00000279036,0.0
ENSG00000279040,0.0
ENSG00000279041,0.0
ENSG00000279042,0.0
ENSG00000279043,0.0
ENSG00000279044,0.0
ENSG00000279045,0.0
ENSG00000279046,0.0
ENSG00000279048,0.0
PWAR1,0.0
ENSG00000279056,0.0
ENSG00000279057,0.0
ENSG00000279059,0.0
ENSG00000279061,0.0
CDRT15P8,0.0
ENSG00000279063,0.0
ENSG00000279065,0.0
ENSG00000279067,0.0
ENSG00000279069,0.0
ENSG00000279071,0.0
ENSG00000279074,0.0
ENSG00000279075,0.0
ENSG00000279076,0.0
ENSG00000279077,0.0
ENSG00000279083,0.0
ENSG00000279086,0.0
ENSG00000279087,0.0
ENSG00000279088,0.0
ENSG00000279089,0.0
ENSG00000279090,0.0
ENSG00000279092,0.0
ENSG00000279093,0.0
ENSG00000279095,0.0
ENSG00000279097,0.0
ENSG00000279098,0.0
ENSG00000279099,0.0
ENSG00000279100,0.0
ENSG00000279103,0.0
ENSG00000279104,0.0
ENSG00000279106,0.0
ENSG00000279108,0.0
ENSG00000279113,0.0
ENSG00000279114,0.0
ENSG00000279117,0.0
ENSG00000279118,0.0
ENSG00000279120,0.0
ENSG00000279121,0.0
ENSG00000279122,0.0
ENSG00000279123,0.0
IGSF3P1,0.0
ENSG00000279125,0.0
ENSG00000279127,0.0
ENSG00000279128,0.0
ENSG00000279129,0.0
ENSG00000279130,0.0
ENSG00000279133,0.0
ENSG00000279134,0.0
ENSG00000279135,0.0
ENSG00000279136,0.0
ENSG00000279137,0.0
ENSG00000279138,0.0
ENSG00000279139,0.0
ENSG00000279140,0.0
ENSG00000279142,0.0
ENSG00000279143,0.0
ENSG00000279144,0.0
ENSG00000279146,0.0
ENSG00000279147,0.0
ENSG00000279148,0.0
ENSG00000279149,0.0
ENSG00000279155,0.0
ENSG00000279156,0.0
ENSG00000279157,0.0
ENSG00000279160,0.0
ENSG00000279161,0.0
ENSG00000279162,0.0
ENSG00000279163,0.0
ENSG00000279164,0.0
ENSG00000279165,0.0
ENSG00000279166,0.0
ENSG00000279167,0.0
ENSG00000279171,0.0
ENSG00000279172,0.0
ENSG00000279173,0.0
ENSG00000279174,0.0
ENSG00000279176,0.0
CTBP2P9,0.0
ENSG00000279179,0.0
ENSG00000279180,0.0
ENSG00000279181,0.0
ENSG00000279186,0.0
ENSG00000279187,0.0
ENSG00000279189,0.0
ENSG00000279190,0.0
PWAR5,0.0
ENSG00000279193,0.0
ENSG00000279196,0.0
ENSG00000279197,0.0
ENSG00000279198,0.0
ENSG00000279199,0.0
ENSG00000279200,0.0
ENSG00000279201,0.0
ENSG00000279202,0.0
ENSG00000279203,0.0
ENSG00000279204,0.0
ENSG00000279205,0.0
ENSG00000279207,0.0
ENSG00000279208,0.0
ENSG00000279209,0.0
ENSG00000279211,0.0
ENSG00000279212,0.0
SNX18P10,0.0
ENSG00000279214,0.0
ENSG00000279218,0.0
ENSG00000279221,0.0
ENSG00000279222,0.0
ENSG00000279223,0.0
ENSG00000279225,0.0
ENSG00000279227,0.0
ENSG00000279228,0.0
ENSG00000279231,0.0
ENSG00000279233,0.0
ENSG00000279235,0.0
ENSG00000279236,0.0
ENSG00000279237,0.0
ENSG00000279239,0.0
ENSG00000279246,0.0
ENSG00000279248,0.0
ENSG00000279250,0.0
ENSG00000279251,0.0
ENSG00000279253,0.0
ENSG00000279254,0.0
ENSG00000279255,0.0
ENSG00000279256,0.0
ENSG00000279259,0.0
ENSG00000279262,0.0
ENSG00000279264,0.0
ENSG00000279265,0.0
ENSG00000279266,0.0
ENSG00000279267,0.0
ENSG00000279268,0.0
ENSG00000279269,0.0
ENSG00000279271,0.0
ENSG00000279273,0.0
ENSG00000279275,0.0
ENSG00000279276,0.0
ENSG00000279281,0.0
ENSG00000279283,0.0
ENSG00000279284,0.0
ENSG00000279285,0.0
ENSG00000279286,0.0
ENSG00000279288,0.0
ENSG00000279289,0.0
ENSG00000279294,0.0
ENSG00000279295,0.0
PRAL,0.0
ENSG00000279297,0.0
ENSG00000279299,0.0
ENSG00000279300,0.0
ENSG00000279302,0.0
ENSG00000279303,0.0
ENSG00000279304,0.0
ENSG00000279305,0.0
ENSG00000279306,0.0
NDUFAF2P1,0.0
ENSG00000279310,0.0
ENSG00000279311,0.0
ENSG00000279314,0.0
ENSG00000279315,0.0
ENSG00000279319,0.0
ENSG00000279320,0.0
ENSG00000279322,0.0
ENSG00000279324,0.0
ENSG00000279326,0.0
ENSG00000279328,0.0
ENSG00000279329,0.0
ENSG00000279330,0.0
RBM12B-AS1,0.0
ENSG00000279332,0.0
ENSG00000279333,0.0
ENSG00000279334,0.0
ENSG00000279337,0.0
ENSG00000279339,0.0
ENSG00000279340,0.0
ENSG00000279343,0.0
ENSG00000279344,0.0
ENSG00000279347,0.0
ENSG00000279348,0.0
ENSG00000279349,0.0
ENSG00000279352,0.0
ENSG00000279353,0.0
ENSG00000279354,0.0
ENSG00000279356,0.0
ENSG00000279357,0.0
ENSG00000279358,0.0
ENSG00000279359,0.0
ENSG00000279360,0.0
ENSG00000279361,0.0
ENSG00000279364,0.0
ENSG00000279365,0.0
ENSG00000279366,0.0
ENSG00000279367,0.0
ENSG00000279368,0.0
ENSG00000279369,0.0
ENSG00000279370,0.0
ENSG00000279372,0.0
ENSG00000279373,0.0
ENSG00000279376,0.0
ENSG00000279377,0.0
ENSG00000279378,0.0
ENSG00000279379,0.0
ENSG00000279381,0.0
ENSG00000279382,0.0
ENSG00000279384,0.0
ENSG00000279388,0.0
ENSG00000279390,0.0
ENSG00000279391,0.0
ENSG00000279392,0.0
ENSG00000279393,0.0
ENSG00000279394,0.0
ENSG00000279397,0.0
ENSG00000279398,0.0
ENSG00000279399,0.0
ENSG00000279401,0.0
ENSG00000279403,0.0
ENSG00000279404,0.0
ENSG00000279405,0.0
ENSG00000279406,0.0
ENSG00000279407,0.0
ENSG00000279409,0.0
ENSG00000279410,0.0
ENSG00000279411,0.0
ENSG00000279412,0.0
CDRT15P9,0.0
ENSG00000279415,0.0
ENSG00000279416,0.0
ENSG00000279417,0.0
ENSG00000279419,0.0
ENSG00000279420,0.0
ENSG00000279421,0.0
ENSG00000279422,0.0
ENSG00000279423,0.0
ENSG00000279425,0.0
ENSG00000279426,0.0
ENSG00000279427,0.0
ENSG00000279428,0.0
ENSG00000279429,0.0
ENSG00000279430,0.0
ENSG00000279431,0.0
ENSG00000279432,0.0
ENSG00000279433,0.0
ENSG00000279434,0.0
ENSG00000279437,0.0
ENSG00000279438,0.0
ENSG00000279439,0.0
ENSG00000279441,0.0
ENSG00000279443,0.0
ENSG00000279444,0.0
OR4N3BP,0.0
ENSG00000279446,0.0
ENSG00000279447,0.0
ENSG00000279450,0.0
ENSG00000279452,0.0
ENSG00000279453,0.0
ENSG00000279454,0.0
ENSG00000279455,0.0
ENSG00000279458,0.0
ENSG00000279459,0.0
ENSG00000279460,0.0
ENSG00000279462,0.0
ENSG00000279464,0.0
ENSG00000279465,0.0
ENSG00000279466,0.0
ENSG00000279469,0.0
ENSG00000279470,0.0
ENSG00000279474,0.0
ENSG00000279475,0.0
ENSG00000279476,0.0
ENSG00000279477,0.0
ENSG00000279478,0.0
ENSG00000279479,0.0
ENSG00000279480,0.0
ENSG00000279481,0.0
ENSG00000279482,0.0
KLHL30-AS1,0.0
ENSG00000279485,0.0
ENSG00000279488,0.0
ENSG00000279489,0.0
ENSG00000279490,0.0
ENSG00000279491,0.0
ENSG00000279495,0.0
ENSG00000279497,0.0
ENSG00000279498,0.0
ENSG00000279499,0.0
ENSG00000279500,0.0
ENSG00000279502,0.0
ENSG00000279503,0.0
ENSG00000279504,0.0
ENSG00000279505,0.0
ENSG00000279507,0.0
ENSG00000279509,0.0
ENSG00000279511,0.0
ENSG00000279512,0.0
ENSG00000279513,0.0
ENSG00000279518,0.0
ENSG00000279519,0.0
ENSG00000279520,0.0
ENSG00000279521,0.0
ENSG00000279523,0.0
ENSG00000279525,0.0
ENSG00000279526,0.0
ENSG00000279527,0.0
ENSG00000279528,0.0
ENSG00000279531,0.0
ENSG00000279532,0.0
ENSG00000279534,0.0
ENSG00000279536,0.0
ENSG00000279537,0.0
ENSG00000279539,0.0
ENSG00000279541,0.0
ENSG00000279542,0.0
ENSG00000279543,0.0
ENSG00000279544,0.0
ENSG00000279549,0.0
ENSG00000279550,0.0
ENSG00000279551,0.0
ENSG00000279554,0.0
ENSG00000279555,0.0
ENSG00000279557,0.0
ENSG00000279559,0.0
ENSG00000279561,0.0
ENSG00000279562,0.0
ENSG00000279565,0.0
ENSG00000279567,0.0
ENSG00000279568,0.0
ENSG00000279569,0.0
ENSG00000279570,0.0
ENSG00000279573,0.0
ENSG00000279575,0.0
ENSG00000279578,0.0
ENSG00000279581,0.0
ENSG00000279583,0.0
ENSG00000279584,0.0
ENSG00000279585,0.0
ENSG00000279586,0.0
ENSG00000279587,0.0
ENSG00000279589,0.0
ENSG00000279590,0.0
ENSG00000279591,0.0
ENSG00000279592,0.0
ENSG00000279593,0.0
ENSG00000279594,0.0
ENSG00000279595,0.0
ENSG00000279598,0.0
ENSG00000279599,0.0
ENSG00000279600,0.0
ENSG00000279601,0.0
ENSG00000279602,0.0
ENSG00000279603,0.0
ENSG00000279604,0.0
ENSG00000279605,0.0
ENSG00000279606,0.0
ENSG00000279608,0.0
ENSG00000279609,0.0
C20orf181,0.0
ENSG00000279611,0.0
ENSG00000279613,0.0
ENSG00000279615,0.0
ENSG00000279616,0.0
ENSG00000279617,0.0
ENSG00000279619,0.0
ENSG00000279620,0.0
ENSG00000279621,0.0
ENSG00000279625,0.0
DUX4L28,0.0
ENSG00000279628,0.0
ENSG00000279629,0.0
ENSG00000279630,0.0
ENSG00000279631,0.0
ENSG00000279632,0.0
ENSG00000279633,0.0
ENSG00000279635,0.0
ENSG00000279637,0.0
ENSG00000279638,0.0
ENSG00000279639,0.0
ENSG00000279640,0.0
ENSG00000279641,0.0
ENSG00000279642,0.0
ENSG00000279647,0.0
ENSG00000279648,0.0
ENSG00000279649,0.0
ENSG00000279650,0.0
ENSG00000279653,0.0
ENSG00000279655,0.0
ENSG00000279656,0.0
ENSG00000279657,0.0
ENSG00000279660,0.0
ENSG00000279662,0.0
ENSG00000279663,0.0
ENSG00000279665,0.0
ENSG00000279666,0.0
ENSG00000279667,0.0
ENSG00000279670,0.0
ENSG00000279671,0.0
ENSG00000279674,0.0
ENSG00000279675,0.0
ENSG00000279676,0.0
ENSG00000279677,0.0
ENSG00000279678,0.0
ENSG00000279679,0.0
ENSG00000279681,0.0
ENSG00000279682,0.0
ENSG00000279683,0.0
ENSG00000279684,0.0
AQP7P3,0.0
ENSG00000279689,0.0
ENSG00000279690,0.0
ENSG00000279691,0.0
ENSG00000279692,0.0
ENSG00000279693,0.0
ENSG00000279694,0.0
ENSG00000279695,0.0
ENSG00000279696,0.0
ENSG00000279697,0.0
ENSG00000279698,0.0
ENSG00000279699,0.0
ENSG00000279700,0.0
ENSG00000279701,0.0
ENSG00000279702,0.0
ENSG00000279703,0.0
ENSG00000279704,0.0
ENSG00000279705,0.0
ENSG00000279706,0.0
ENSG00000279707,0.0
ENSG00000279708,0.0
ENSG00000279709,0.0
ENSG00000279711,0.0
ENSG00000279713,0.0
ENSG00000279715,0.0
ENSG00000279716,0.0
ENSG00000279717,0.0
SNX18P12,0.0
ENSG00000279719,0.0
SOWAHCP2,0.0
ENSG00000279721,0.0
ENSG00000279722,0.0
ENSG00000279725,0.0
ENSG00000279728,0.0
ENSG00000279729,0.0
KMT5AP1,0.0
ENSG00000279732,0.0
ENSG00000279733,0.0
ENSG00000279734,0.0
ENSG00000279737,0.0
ENSG00000279739,0.0
ENSG00000279741,0.0
ENSG00000279742,0.0
ENSG00000279743,0.0
ENSG00000279744,0.0
ENSG00000279746,0.0
ENSG00000279747,0.0
ENSG00000279748,0.0
ENSG00000279749,0.0
ENSG00000279752,0.0
ENSG00000279753,0.0
ENSG00000279754,0.0
ENSG00000279755,0.0
ENSG00000279756,0.0
ENSG00000279757,0.0
ENSG00000279758,0.0
ENSG00000279759,0.0
ENSG00000279764,0.0
ENSG00000279766,0.0
LINC00552,0.0
ENSG00000279773,0.0
ENSG00000279774,0.0
ENSG00000279775,0.0
ENSG00000279779,0.0
ENSG00000279780,0.0
ENSG00000279781,0.0
ENSG00000279783,0.0
ENSG00000279785,0.0
ENSG00000279786,0.0
ENSG00000279788,0.0
ENSG00000279789,0.0
ENSG00000279790,0.0
ENSG00000279791,0.0
ENSG00000279792,0.0
ENSG00000279793,0.0
ENSG00000279794,0.0
ENSG00000279795,0.0
ENSG00000279796,0.0
ENSG00000279798,0.0
ENSG00000279799,0.0
BCLAF1P2,0.0
ENSG00000279801,0.0
ENSG00000279803,0.0
ENSG00000279805,0.0
ENSG00000279806,0.0
ENSG00000279807,0.0
ENSG00000279810,0.0
ENSG00000279811,0.0
ENSG00000279812,0.0
ENSG00000279814,0.0
ENSG00000279815,0.0
ENSG00000279817,0.0
ENSG00000279818,0.0
ENSG00000279819,0.0
ENSG00000279821,0.0
ENSG00000279822,0.0
ENSG00000279825,0.0
ENSG00000279827,0.0
ENSG00000279829,0.0
ENSG00000279834,0.0
ENSG00000279835,0.0
ENSG00000279836,0.0
ENSG00000279837,0.0
ENSG00000279839,0.0
ENSG00000279840,0.0
ENSG00000279841,0.0
ENSG00000279842,0.0
ENSG00000279844,0.0
ENSG00000279845,0.0
ENSG00000279846,0.0
ENSG00000279852,0.0
ENSG00000279853,0.0
ENSG00000279856,0.0
ENSG00000279858,0.0
ENSG00000279859,0.0
ENSG00000279860,0.0
ENSG00000279861,0.0
ENSG00000279862,0.0
ENSG00000279863,0.0
NCOR1P4,0.0
ENSG00000279865,0.0
ENSG00000279869,0.0
ENSG00000279872,0.0
ENSG00000279874,0.0
ENSG00000279875,0.0
ENSG00000279876,0.0
ENSG00000279878,0.0
ENSG00000279879,0.0
ENSG00000279880,0.0
ENSG00000279881,0.0
ENSG00000279882,0.0
ENSG00000279883,0.0
ENSG00000279884,0.0
ENSG00000279885,0.0
ENSG00000279886,0.0
ENSG00000279887,0.0
ENSG00000279889,0.0
FLJ42393,0.0
ENSG00000279894,0.0
ENSG00000279895,0.0
ENSG00000279900,0.0
ENSG00000279901,0.0
SLC7A2-IT1,0.0
ENSG00000279905,0.0
ENSG00000279908,0.0
ENSG00000279910,0.0
ENSG00000279912,0.0
ENSG00000279913,0.0
ENSG00000279917,0.0
ENSG00000279918,0.0
ENSG00000279919,0.0
ENSG00000279923,0.0
ENSG00000279924,0.0
ENSG00000279925,0.0
ENSG00000279926,0.0
ENSG00000279929,0.0
ENSG00000279930,0.0
ENSG00000279931,0.0
ENSG00000279933,0.0
ENSG00000279935,0.0
ENSG00000279936,0.0
ENSG00000279939,0.0
ENSG00000279940,0.0
ENSG00000279942,0.0
FLJ38576,0.0
ENSG00000279945,0.0
ENSG00000279946,0.0
ENSG00000279951,0.0
ENSG00000279952,0.0
ENSG00000279953,0.0
ENSG00000279955,0.0
ENSG00000279957,0.0
ENSG00000279958,0.0
ENSG00000279959,0.0
ENSG00000279960,0.0
ENSG00000279962,0.0
ENSG00000279964,0.0
LINC03032,0.0
ENSG00000279966,0.0
ENSG00000279967,0.0
ENSG00000279970,0.0
ENSG00000279971,0.0
ENSG00000279972,0.0
ENSG00000279976,0.0
ENSG00000279977,0.0
ENSG00000279979,0.0
GABARAPL3,0.0
ENSG00000279981,0.0
ENSG00000279982,0.0
ENSG00000279985,0.0
ENSG00000279989,0.0
RPSAP68,0.0
ENSG00000279991,0.0
ENSG00000279993,0.0
ENSG00000279994,0.0
ENSG00000279995,0.0
ENSG00000279996,0.0
ENSG00000279997,0.0
ENSG00000280000,0.0
ENSG00000280002,0.0
ENSG00000280003,0.0
ENSG00000280009,0.0
ENSG00000280010,0.0
RPL23AP61,0.0
ENSG00000280013,0.0
ENSG00000280014,0.0
ENSG00000280015,0.0
ENSG00000280016,0.0
ENSG00000280017,0.0
ENSG00000280019,0.0
ENSG00000280020,0.0
ENSG00000280022,0.0
ENSG00000280023,0.0
ENSG00000280024,0.0
ENSG00000280027,0.0
ENSG00000280028,0.0
ENSG00000280032,0.0
ENSG00000280033,0.0
ENSG00000280035,0.0
ENSG00000280037,0.0
DNM1P41,0.0
RN7SKP23,0.0
SNX7-DT,0.0
ENSG00000280042,0.0
ENSG00000280043,0.0
ENSG00000280044,0.0
ENSG00000280046,0.0
ENSG00000280047,0.0
ENSG00000280048,0.0
ENSG00000280049,0.0
ENSG00000280051,0.0
ENSG00000280053,0.0
ENSG00000280054,0.0
LINC02912,0.0
ENSG00000280056,0.0
ENSG00000280057,0.0
ENSG00000280059,0.0
ENSG00000280060,0.0
ENSG00000280061,0.0
ENSG00000280062,0.0
ENSG00000280063,0.0
ENSG00000280064,0.0
ENSG00000280067,0.0
ENSG00000280068,0.0
ENSG00000280069,0.0
ENSG00000280070,0.0
ENSG00000280073,0.0
ENSG00000280078,0.0
ENSG00000280079,0.0
ENSG00000280082,0.0
ENSG00000280083,0.0
ENSG00000280085,0.0
ENSG00000280086,0.0
ENSG00000280087,0.0
ENSG00000280088,0.0
ENSG00000280089,0.0
ENSG00000280091,0.0
ENSG00000280092,0.0
ENSG00000280093,0.0
ENSG00000280096,0.0
ENSG00000280097,0.0
ENSG00000280099,0.0
ENSG00000280103,0.0
ENSG00000280104,0.0
ENSG00000280105,0.0
ENSG00000280106,0.0
ENSG00000280107,0.0
ENSG00000280110,0.0
ENSG00000280114,0.0
ENSG00000280115,0.0
ENSG00000280117,0.0
ENSG00000280119,0.0
ENSG00000280120,0.0
ENSG00000280121,0.0
ENSG00000280124,0.0
ENSG00000280125,0.0
ENSG00000280128,0.0
ENSG00000280129,0.0
ENSG00000280131,0.0
ENSG00000280132,0.0
ENSG00000280134,0.0
ENSG00000280135,0.0
ENSG00000280137,0.0
ENSG00000280138,0.0
ENSG00000280139,0.0
ENSG00000280140,0.0
ENSG00000280142,0.0
ENSG00000280143,0.0
ENSG00000280144,0.0
ENSG00000280147,0.0
ENSG00000280149,0.0
ENSG00000280150,0.0
ENSG00000280152,0.0
ENSG00000280153,0.0
ENSG00000280154,0.0
ENSG00000280155,0.0
ENSG00000280157,0.0
ENSG00000280159,0.0
ENSG00000280160,0.0
ENSG00000280161,0.0
ENSG00000280162,0.0
ENSG00000280163,0.0
ENSG00000280166,0.0
ENSG00000280167,0.0
ENSG00000280168,0.0
ENSG00000280171,0.0
ENSG00000280172,0.0
ENSG00000280173,0.0
ENSG00000280176,0.0
ENSG00000280177,0.0
ENSG00000280180,0.0
ENSG00000280181,0.0
ENSG00000280182,0.0
ENSG00000280183,0.0
ENSG00000280185,0.0
ENSG00000280187,0.0
ENSG00000280189,0.0
ENSG00000280190,0.0
ENSG00000280193,0.0
ENSG00000280194,0.0
ENSG00000280196,0.0
ZBTB7C-AS2,0.0
ENSG00000280198,0.0
ENSG00000280200,0.0
ENSG00000280201,0.0
ENSG00000280202,0.0
ENSG00000280205,0.0
GGT4P,0.0
ENSG00000280211,0.0
ENSG00000280212,0.0
ENSG00000280214,0.0
ENSG00000280215,0.0
ENSG00000280216,0.0
ENSG00000280217,0.0
ENSG00000280219,0.0
ENSG00000280220,0.0
ENSG00000280222,0.0
ENSG00000280223,0.0
ENSG00000280225,0.0
ENSG00000280227,0.0
AMANZI,0.0
ENSG00000280229,0.0
ENSG00000280231,0.0
ENSG00000280232,0.0
ENSG00000280233,0.0
ENSG00000280234,0.0
ENSG00000280238,0.0
ENSG00000280239,0.0
ENSG00000280242,0.0
MTCO1P1,0.0
ENSG00000280244,0.0
ENSG00000280245,0.0
ENSG00000280247,0.0
ENSG00000280248,0.0
ENSG00000280251,0.0
ENSG00000280254,0.0
ENSG00000280255,0.0
ENSG00000280261,0.0
ENSG00000280262,0.0
ACTR3BP6,0.0
ENSG00000280265,0.0
ENSG00000280266,0.0
ENSG00000280268,0.0
ENSG00000280269,0.0
ENSG00000280270,0.0
ENSG00000280272,0.0
ENSG00000280274,0.0
ENSG00000280275,0.0
FLJ30679,0.0
ENSG00000280280,0.0
ENSG00000280281,0.0
ENSG00000280282,0.0
ENSG00000280283,0.0
ENSG00000280284,0.0
ENSG00000280285,0.0
FRG1KP,0.0
ENSG00000280287,0.0
ENSG00000280288,0.0
ENSG00000280291,0.0
ENSG00000280294,0.0
ENSG00000280295,0.0
ENSG00000280296,0.0
ENSG00000280300,0.0
ENSG00000280302,0.0
ENSG00000280304,0.0
ENSG00000280305,0.0
ENSG00000280306,0.0
ENSG00000280307,0.0
ENSG00000280309,0.0
ENSG00000280310,0.0
ENSG00000280311,0.0
ENSG00000280312,0.0
ENSG00000280317,0.0
ENSG00000280318,0.0
ENSG00000280319,0.0
ENSG00000280320,0.0
ENSG00000280321,0.0
ENSG00000280323,0.0
ENSG00000280326,0.0
ENSG00000280327,0.0
CTBP2P10,0.0
ENSG00000280331,0.0
ENSG00000280332,0.0
ENSG00000280333,0.0
ENSG00000280334,0.0
ENSG00000280335,0.0
DUX4L25,0.0
ENSG00000280338,0.0
ENSG00000280339,0.0
ENSG00000280340,0.0
ENSG00000280345,0.0
ENSG00000280347,0.0
ENSG00000280348,0.0
ENSG00000280349,0.0
ENSG00000280351,0.0
ENSG00000280352,0.0
ENSG00000280353,0.0
ENSG00000280354,0.0
ENSG00000280355,0.0
ENSG00000280357,0.0
ENSG00000280359,0.0
ENSG00000280362,0.0
ENSG00000280364,0.0
ENSG00000280365,0.0
ENSG00000280367,0.0
ENSG00000280368,0.0
ENSG00000280369,0.0
ENSG00000280371,0.0
ENSG00000280372,0.0
ENSG00000280373,0.0
ENSG00000280375,0.0
ENSG00000280376,0.0
ENSG00000280377,0.0
ENSG00000280378,0.0
ENSG00000280379,0.0
ENSG00000280380,0.0
ENSG00000280381,0.0
ENSG00000280385,0.0
ENSG00000280387,0.0
ENSG00000280388,0.0
ENSG00000280390,0.0
ENSG00000280392,0.0
ENSG00000280393,0.0
ENSG00000280394,0.0
ENSG00000280396,0.0
ENSG00000280397,0.0
ENSG00000280398,0.0
ENSG00000280399,0.0
ENSG00000280400,0.0
ENSG00000280401,0.0
ENSG00000280402,0.0
ENSG00000280405,0.0
ENSG00000280406,0.0
ENSG00000280407,0.0
ENSG00000280408,0.0
LINC01101,0.0
ENSG00000280412,0.0
ENSG00000280414,0.0
ENSG00000280415,0.0
ENSG00000280416,0.0
ENSG00000280417,0.0
ENSG00000280419,0.0
ENSG00000280420,0.0
ENSG00000280422,0.0
ENSG00000280423,0.0
ENSG00000280424,0.0
ENSG00000280426,0.0
ENSG00000280429,0.0
ENSG00000280430,0.0
ENSG00000280431,0.0
ENSG00000280432,0.0
ENSG00000280435,0.0
ENSG00000280436,0.0
ENSG00000280438,0.0
ENSG00000280439,0.0
ENSG00000280440,0.0
ENSG00000280443,0.0
ENSG00000280444,0.0
ENSG00000280446,0.0
ENSG00000280449,0.0
ENSG00000280450,0.0
ENSG00000280451,0.0
ENSG00000280453,0.0
DUX4L2,0.0
SCARNA4,0.0
ENSG00000280494,0.0
SNORA17B,0.0
SNORA16A,0.0
Metazoa_SRP,0.0
ENSG00000280554,0.0
ENSG00000280607,0.0
ENSG00000280636,0.0
RNA5SP196,0.0
ENSG00000280665,0.0
SNORD3E,0.0
DUX4L1,0.0
ENSG00000280773,0.0
DUX4L5,0.0
ENSG00000280828,0.0
ENSG00000280852,0.0
SNORA50D,0.0
ENSG00000280904,0.0
CTSLP3,0.0
ENSG00000280958,0.0
ENSG00000280968,0.0
ENSG00000280991,0.0
SNORD3D,0.0
ENSG00000281008,0.0
ENSG00000281010,0.0
DUX4L6,0.0
ENSG00000281087,0.0
ENSG00000281100,0.0
MIR3651,0.0
ENSG00000281159,0.0
ENSG00000281295,0.0
ENSG00000281311,0.0
NF1P9,0.0
SEPTIN14P19,0.0
SCARNA4,0.0
MIR548BB,0.0
ENSG00000281469,0.0
CICP14,0.0
ENSG00000281516,0.0
DUX4L3,0.0
DUX4L7,0.0
MIR664A,0.0
U3,0.0
DUX4L8,0.0
ENSG00000281772,0.0
snoZ196,0.0
ENSG00000281808,0.0
MIR1291,0.0
SNORD38B,0.0
ENSG00000281863,0.0
ENSG00000281896,0.0
HERC2P7,0.0
SNORA50A,0.0
ENSG00000281941,0.0
ENSG00000281955,0.0
ENSG00000281969,0.0
ENSG00000281974,0.0
ENSG00000282051,0.0
CICP19,0.0
HSP90AB4P,0.0
OR4G3P,0.0
ENSG00000282206,0.0
ENSG00000282222,0.0
CYP3A51P,0.0
ENSG00000282299,0.0
ENSG00000282300,0.0
MALL,0.0
ENSG00000282306,0.0
DPRXP3,0.0
MTND1P7,0.0
ENSG00000282327,0.0
ENSG00000282339,0.0
ENSG00000282358,0.0
ENSG00000282413,0.0
ENSG00000282416,0.0
ENSG00000282432,0.0
WASH5P,0.0
ENSG00000282501,0.0
FKBP1AP4,0.0
CLUHP10,0.0
ENSG00000282542,0.0
MRPL57P8,0.0
ENSG00000282668,0.0
ENSG00000282697,0.0
ENSG00000282732,0.0
ENSG00000282738,0.0
ENSG00000282742,0.0
MALLP1,0.0
ENSG00000282798,0.0
FRG1CP,0.0
ENSG00000282834,0.0
FRG2EP,0.0
RHOXF1P2,0.0
ENSG00000282852,0.0
ENSG00000282855,0.0
ENSG00000282864,0.0
ENSG00000282865,0.0
FRG1DP,0.0
ENSG00000282875,0.0
ENSG00000282879,0.0
PTMAP12,0.0
DUX4L33,0.0
ENSG00000282897,0.0
ENSG00000282907,0.0
ENSG00000282909,0.0
DUX4L35,0.0
ENSG00000282912,0.0
CFTRP2,0.0
ENSG00000282924,0.0
ENSG00000282927,0.0
RHOXF1P3,0.0
DUX4L34,0.0
CYP4F30P,0.0
ENSG00000282946,0.0
PCMTD1P7,0.0
AGGF1P10,0.0
ENSG00000282973,0.0
BTF3P16,0.0
ENSG00000282980,0.0
PDCL3P2,0.0
ENSG00000282993,0.0
ENSG00000282994,0.0
FRG1EP,0.0
CDC27P3,0.0
ATP5MC1P2,0.0
DUX4L37,0.0
FRG1GP,0.0
ENSG00000283040,0.0
ENSG00000283041,0.0
ENSG00000283043,0.0
FRG1FP,0.0
GTF2IP12,0.0
ENSG00000283057,0.0
ENSG00000283065,0.0
DUX4L32,0.0
ENSG00000283076,0.0
ENSG00000283084,0.0
ENSG00000283097,0.0
BMS1P21,0.0
ENSG00000283110,0.0
RARRES2P11,0.0
MIR1297,0.0
ENSG00000283130,0.0
MTND2P41,0.0
KMT2CP4,0.0
ENSG00000283133,0.0
U6,0.0
ENSG00000283142,0.0
ENSG00000283145,0.0
MIR548AU,0.0
MIR3120,0.0
ENSG00000283155,0.0
ENSG00000283156,0.0
MIR665,0.0
MIR4521,0.0
ENSG00000283162,0.0
MIR203B,0.0
ENSG00000283166,0.0
ENSG00000283167,0.0
MIR382,0.0
MIR548D1,0.0
MTCO1P38,0.0
ENSG00000283176,0.0
ENSG00000283178,0.0
MIR6767,0.0
MIR2052,0.0
MIR1243,0.0
ENSG00000283196,0.0
ENSG00000283197,0.0
MIR1206,0.0
ENSG00000283202,0.0
MIR1246,0.0
MIR4434,0.0
MIR941-1,0.0
MIR1255B1,0.0
MIR1322,0.0
ENSG00000283211,0.0
MIR642B,0.0
ENSG00000283214,0.0
MIR302F,0.0
ENSG00000283219,0.0
MIR4433A,0.0
MIR3199-2,0.0
ENSG00000283230,0.0
CYP2C23P,0.0
ENSG00000283234,0.0
ENSG00000283236,0.0
MIR550B1,0.0
MIR1245B,0.0
MIR384,0.0
MEP1AP1,0.0
U6,0.0
ENSG00000283251,0.0
U6,0.0
ENSG00000283257,0.0
U6,0.0
MALLP2,0.0
U6,0.0
ENSG00000283273,0.0
5_8S_rRNA,0.0
MIR4275,0.0
MIR3914-2,0.0
MIR376C,0.0
MIR7978,0.0
ENSG00000283283,0.0
ENSG00000283285,0.0
MIR524,0.0
U6,0.0
5_8S_rRNA,0.0
RN7SK,0.0
MIR4256,0.0
MIR4272,0.0
U6,0.0
MIR4520-2,0.0
OR5AK4P,0.0
MTND6P29,0.0
ENSG00000283312,0.0
U6,0.0
MIR103B2,0.0
MIR6860,0.0
MIR6841,0.0
MIR518D,0.0
MIR7977,0.0
MIR4536-1,0.0
MIR219B,0.0
U6,0.0
ENSG00000283338,0.0
ENSG00000283339,0.0
MIR3119-1,0.0
NBPF13P,0.0
MIR4320,0.0
MPHOSPH10P3,0.0
MIR6511B2,0.0
PFN5P,0.0
MIR3910-2,0.0
ENSG00000283354,0.0
ENSG00000283355,0.0
ENSG00000283356,0.0
MIR3977,0.0
MIR451B,0.0
NCOA5LP,0.0
ENSG00000283366,0.0
ENSG00000283367,0.0
U6,0.0
ENSG00000283371,0.0
U6,0.0
ENSG00000283376,0.0
ENSG00000283377,0.0
MIR3688-2,0.0
ENSG00000283381,0.0
MIR4524A,0.0
MIR4659B,0.0
Metazoa_SRP,0.0
PET100P1,0.0
ENSG00000283393,0.0
MIR7515,0.0
ENSG00000283399,0.0
ENSG00000283402,0.0
MIR3662,0.0
ENSG00000283411,0.0
U6,0.0
U6,0.0
MIR1910,0.0
U6,0.0
MIR6874,0.0
MIR4278,0.0
ENSG00000283421,0.0
SMBD1P,0.0
ENSG00000283427,0.0
MIR1244-3,0.0
ENSG00000283431,0.0
U6,0.0
RNA5SP532,0.0
MIR1321,0.0
Metazoa_SRP,0.0
MIR499B,0.0
U4,0.0
ZNF285DP,0.0
GPR141BP,0.0
ENSG00000283446,0.0
MIR486-2,0.0
ENSG00000283451,0.0
ENSG00000283452,0.0
PRIM2BP,0.0
MIR523,0.0
MTND1P37,0.0
MIR550B2,0.0
MIR4454,0.0
MIR3130-1,0.0
MIR6863,0.0
MIR6828,0.0
MIR1244-4,0.0
MIR1279,0.0
MIR6079,0.0
ENSG00000283479,0.0
MTND4LP32,0.0
ENSG00000283483,0.0
MIR3529,0.0
MIR4501,0.0
U6,0.0
MIR518C,0.0
ENSG00000283491,0.0
MIR7153,0.0
MIR6086,0.0
MIR3160-2,0.0
MIR1244-2,0.0
U6,0.0
U6,0.0
MIR5681B,0.0
MIR7157,0.0
MIR1302-1,0.0
U6,0.0
ENSG00000283511,0.0
MIR941-3,0.0
MIR3975,0.0
U2,0.0
MIR3150A,0.0
MIR3926-2,0.0
OR11J7P,0.0
ENSG00000283525,0.0
U6,0.0
ENSG00000283529,0.0
MIR4317,0.0
MIR374C,0.0
ENSG00000283535,0.0
ENSG00000283537,0.0
MIR520F,0.0
ENSG00000283541,0.0
OASL2P,0.0
ENSG00000283544,0.0
U6,0.0
MTATP6P8,0.0
ENSG00000283549,0.0
MIR2054,0.0
SNORD98,0.0
U2,0.0
MIR376B,0.0
MIR3158-2,0.0
MIR376A2,0.0
U6,0.0
ENSG00000283566,0.0
5_8S_rRNA,0.0
MIR4773-2,0.0
ENSG00000283571,0.0
MIR4251,0.0
U6,0.0
ENSG00000283576,0.0
MTND5P42,0.0
SULT6B2P,0.0
ENSG00000283583,0.0
ENSG00000283584,0.0
GKN3P,0.0
ENSG00000283587,0.0
MIR376A1,0.0
MIR4430,0.0
Y_RNA,0.0
MIR1295B,0.0
MS4A19P,0.0
ENSG00000283602,0.0
MIR4302,0.0
MIR338,0.0
OR4C48P,0.0
MIR4662A,0.0
TMEM274P,0.0
MIR103B1,0.0
CUPIN1P,0.0
MIR7973-2,0.0
MIR924,0.0
MIR5683,0.0
ENSG00000283618,0.0
MIR6759,0.0
MIR4328,0.0
TEDDM3P,0.0
MTATP6P10,0.0
MIR3155B,0.0
Metazoa_SRP,0.0
MIR4776-2,0.0
MIR9500,0.0
MIR5583-2,0.0
ENSG00000283653,0.0
MIR4483,0.0
ENSG00000283657,0.0
ENSG00000283659,0.0
MIR4679-1,0.0
MIR3974,0.0
U6,0.0
CD200LP,0.0
MIR4678,0.0
MIR4531,0.0
ENSG00000283675,0.0
MIR5087,0.0
MIR3913-2,0.0
MIR6830,0.0
ENSG00000283679,0.0
OR11K1P,0.0
MIR548AH,0.0
ENSG00000283684,0.0
MIR522,0.0
ENSG00000283686,0.0
MIR6715B,0.0
MIR3116-2,0.0
Y_RNA,0.0
MIR3202-2,0.0
ENSG00000283695,0.0
VINAC1P,0.0
MIR4481,0.0
MIR555,0.0
ENSG00000283704,0.0
MIR92A1,0.0
FAM238C,0.0
MIR1204,0.0
MIR6727,0.0
MIR6831,0.0
MIR6884,0.0
MIR6732,0.0
MIR5193,0.0
MIR7108,0.0
MIR146A,0.0
MIR4785,0.0
MIR484,0.0
ENSG00000283737,0.0
ENSG00000283743,0.0
MIR6755,0.0
MIR196B,0.0
MIR4781,0.0
MIR452,0.0
ENSG00000283752,0.0
ENSG00000283757,0.0
MIR614,0.0
MIR20A,0.0
MIR6850,0.0
MIR1178,0.0
MIR6849,0.0
MIR6778,0.0
ENSG00000283773,0.0
MIR632,0.0
MIR4329,0.0
MIR622,0.0
MIR15A,0.0
MIR936,0.0
MIR7846,0.0
MIR612,0.0
MIR4453,0.0
MIR6861,0.0
MIR4426,0.0
MIR6510,0.0
MIR29B1,0.0
MIR630,0.0
MIR1182,0.0
MIR1302-11,0.0
MIR3198-2,0.0
MIR636,0.0
MIR4485,0.0
MIR18A,0.0
MIR7844,0.0
MIR144,0.0
MIR6875,0.0
MIR639,0.0
MIR22,0.0
MIR378I,0.0
MIR6734,0.0
MIR6764,0.0
MIR4751,0.0
MIR214,0.0
MIR4721,0.0
MIR6872,0.0
MIR4738,0.0
MIR7703,0.0
MIR1247,0.0
MIR3674,0.0
MIR3960,0.0
MTND3P18,0.0
MIR1307,0.0
MIR130B,0.0
MIR3911,0.0
MIR4260,0.0
MTND6P35,0.0
MIR7704,0.0
MIR3916,0.0
MIR3714,0.0
MIR1469,0.0
MIR628,0.0
MIR1324,0.0
MIR761,0.0
MIR155,0.0
MIR6743,0.0
MIR1302-9,0.0
MIR6132,0.0
MIR192,0.0
MIR133A1,0.0
MIR637,0.0
MIR5010,0.0
MIR18B,0.0
MIR6878,0.0
MIR423,0.0
MIR3658,0.0
MIR3917,0.0
MTND3P15,0.0
MIR600,0.0
MIR4709,0.0
MIR6791,0.0
MIR3610,0.0
MIR1248,0.0
MIR6838,0.0
MIR4442,0.0
FAM247A,0.0
MIR365B,0.0
MIRLET7A3,0.0
MIR492,0.0
ENSG00000283999,0.0
MIR4458,0.0
ENSG00000284003,0.0
MIR6084,0.0
MIR6511B1,0.0
MIR675,0.0
MIR6502,0.0
MIR6840,0.0
MIR1281,0.0
MIR4697,0.0
MIR497,0.0
MIR4468,0.0
MIR6805,0.0
MIR4761,0.0
MIR29A,0.0
MIR5196,0.0
MIR5187,0.0
MIR10A,0.0
MIR296,0.0
MIR20B,0.0
MIR6836,0.0
ENSG00000284048,0.0
MIR650,0.0
MIR7112,0.0
MIR4315-1,0.0
MIR5572,0.0
ENSG00000284060,0.0
MIR4469,0.0
MIR6834,0.0
MIR6887,0.0
MIR6837,0.0
ENSG00000284071,0.0
MIR4758,0.0
SNORD138,0.0
MIR4775,0.0
MIR1199,0.0
MIR7109,0.0
AOX3P-AOX2P,0.0
MIR4732,0.0
MIR6844,0.0
MIR5703,0.0
MIR6073,0.0
ENSG00000284095,0.0
ENSG00000284098,0.0
MIR19B2,0.0
MIR611,0.0
MIR195,0.0
MIR6800,0.0
ENSG00000284116,0.0
MIR6883,0.0
MIR4707,0.0
MIR198,0.0
MIR6717,0.0
MIR1825,0.0
BCRP3,0.0
MIR6789,0.0
TUBA3FP,0.0
MIR568,0.0
MIR3654,0.0
ATP6V0CP4,0.0
MIR1234,0.0
MIR3618,0.0
MIR6845,0.0
MIR4700,0.0
MIR6866,0.0
MIR922,0.0
MIR3150B,0.0
MIR6756,0.0
MIR4784,0.0
MIR6758,0.0
MIR3605,0.0
MIR194-2,0.0
MIR106A,0.0
MIR6822,0.0
MIR3940,0.0
MIR7706,0.0
MIR4523,0.0
MIR3620,0.0
MTATP6P5,0.0
ENSG00000284171,0.0
MIR4315-2,0.0
MIR6513,0.0
MIR4763,0.0
MIR5090,0.0
MIR7-1,0.0
MIR3606,0.0
MIR143,0.0
MIR6506,0.0
MIR219A2,0.0
MIR3615,0.0
MIR21,0.0
MIR671,0.0
MIR1257,0.0
MIR6852,0.0
MIR658,0.0
MIR6847,0.0
MIR137,0.0
MIR29B2,0.0
MIR19A,0.0
CCNYL1B,0.0
MIR29C,0.0
MIR1909,0.0
MIR202,0.0
ENSG00000284221,0.0
MIR937,0.0
MIR6848,0.0
MIR424,0.0
ENSG00000284233,0.0
MIR1539,0.0
ENSG00000284242,0.0
MIR6716,0.0
MIR2682,0.0
MIR6516,0.0
MIR711,0.0
MIR4444-1,0.0
MIR1973,0.0
MIR5004,0.0
MIR8085,0.0
MIR6773,0.0
MIR4657,0.0
ENSG00000284263,0.0
MIR4683,0.0
MIR4534,0.0
MIR1181,0.0
MIR7855,0.0
MIR4321,0.0
MIR4800,0.0
MIR7162,0.0
MIR6843,0.0
MIR4712,0.0
MIR718,0.0
MIR378D2,0.0
MIR6820,0.0
MTCO2P10,0.0
MIR7113,0.0
ENSG00000284300,0.0
MIR3179-1,0.0
MIR939,0.0
MIR6742,0.0
MIR7114,0.0
MIR124-1,0.0
MIR3175,0.0
MIR3655,0.0
ENSG00000284327,0.0
ENSG00000284328,0.0
MIR9-3,0.0
MIR4741,0.0
MIR1302-2,0.0
MIR4651,0.0
MIR2277,0.0
MIR631,0.0
MIR2117,0.0
MIR940,0.0
MIR3622A,0.0
MIR142,0.0
MIR34A,0.0
MIR6125,0.0
MIR4745,0.0
MIR519A2,0.0
MIR224,0.0
MIR6824,0.0
MIR5047,0.0
MIR4640,0.0
MIR6808,0.0
MIR19B1,0.0
MIR1244-1,0.0
ENSG00000284380,0.0
MIR4313,0.0
MIR147B,0.0
MIR24-2,0.0
MIR4496,0.0
MIR4750,0.0
MIR3184,0.0
MIR7107,0.0
MIR5001,0.0
MIR6733,0.0
MIR3191,0.0
MIR4649,0.0
MIR1287,0.0
MIR1908,0.0
MIR663A,0.0
MIR7110,0.0
MIR4724,0.0
MIR8072,0.0
MIR4647,0.0
MIR1914,0.0
MIR4691,0.0
MIR6869,0.0
MIR122,0.0
MIR2110,0.0
MIR197,0.0
MIR1236,0.0
MIR9-2,0.0
MIR6501,0.0
MIR664B,0.0
MIR1-2,0.0
MIR1304,0.0
MIR24-1,0.0
MIR302B,0.0
MIR1306,0.0
MIR6721,0.0
ENSG00000284471,0.0
MIR4720,0.0
ENSG00000284474,0.0
MIR1292,0.0
MIR4680,0.0
MIR205,0.0
MIR6890,0.0
MIR6751,0.0
ENSG00000284490,0.0
MIR564,0.0
MIR363,0.0
MIR3652,0.0
MIR133A2,0.0
VAMP9P,0.0
MIR6873,0.0
MIR4658,0.0
MIR6741,0.0
MIRLET7B,0.0
ENSG00000284522,0.0
MIR4687,0.0
MIR4723,0.0
MIR6748,0.0
MIR17,0.0
MIR92A2,0.0
ENSG00000284540,0.0
MIR4517,0.0
MIR3614,0.0
MIR330,0.0
MIR2861,0.0
hsa-mir-8069-1,0.0
MIR6886,0.0
MIR1302-10,0.0
ENSG00000284558,0.0
MIR3064,0.0
MIR451A,0.0
MIR223,0.0
MIR371B,0.0
MIR7705,0.0
ENSG00000284572,0.0
MIR6787,0.0
MIR4793,0.0
MIR935,0.0
MIR5006,0.0
MIR4722,0.0
MIR92B,0.0
MIR943,0.0
ENSG00000284591,0.0
ENSG00000284592,0.0
MIR7847,0.0
MIR6785,0.0
MIR4467,0.0
ENSG00000284603,0.0
ENSG00000284604,0.0
ENPP7P15,0.0
ENSG00000284606,0.0
ENSG00000284608,0.0
ENSG00000284610,0.0
ENSG00000284611,0.0
ENSG00000284613,0.0
ENSG00000284614,0.0
ENSG00000284617,0.0
ENSG00000284619,0.0
ENSG00000284620,0.0
ENSG00000284621,0.0
ENSG00000284625,0.0
ENSG00000284627,0.0
ENSG00000284628,0.0
ENSG00000284630,0.0
ENSG00000284636,0.0
ENSG00000284637,0.0
ENSG00000284639,0.0
ENSG00000284648,0.0
ENSG00000284649,0.0
ENSG00000284651,0.0
ENSG00000284654,0.0
ENSG00000284655,0.0
ENSG00000284658,0.0
ENSG00000284659,0.0
ENSG00000284660,0.0
ENSG00000284661,0.0
ENSG00000284663,0.0
ENSG00000284665,0.0
RPSAP56,0.0
ENSG00000284671,0.0
ENSG00000284673,0.0
ENSG00000284679,0.0
ENSG00000284682,0.0
ENSG00000284687,0.0
BTN1A1P1,0.0
OR7E84P,0.0
CD300H,0.0
ENSG00000284697,0.0
ENSG00000284698,0.0
ENSG00000284706,0.0
ENSG00000284709,0.0
ENSG00000284711,0.0
ENSG00000284715,0.0
ENSG00000284717,0.0
ENSG00000284722,0.0
ENSG00000284724,0.0
ENSG00000284727,0.0
ENSG00000284728,0.0
ENSG00000284731,0.0
RNA5SP343,0.0
ENSG00000284740,0.0
OR11P1P,0.0
ENSG00000284746,0.0
ENSG00000290791,0.0
C3orf36,0.0
ENSG00000290146,0.0
ENSG00000290369,0.0
ENSG00000285268,0.0
ENSG00000285629,0.0
ENSG00000286064,0.0
ENSG00000285794,0.0
ENSG00000287810,0.0
ENSG00000286640,0.0
ENSG00000288208,0.0
ENSG00000288527,0.0
ENSG00000288543,0.0
ENSG00000285215,0.0
ENSG00000287607,0.0
ENSG00000286620,0.0
RNVU1-8,0.0
ENSG00000285062,0.0
ENSG00000284964,0.0
FAM91A2P,0.0
ENSG00000285818,0.0
LCEP3,0.0
ENSG00000285641,0.0
ENSG00000286073,0.0
ENSG00000286151,0.0
ENSG00000286005,0.0
ENSG00000288139,0.0
TOP1P1,0.0
ENSG00000285777,0.0
5S_rRNA,0.0
ENSG00000288562,0.0
ENSG00000285986,0.0
ENSG00000285417,0.0
ENSG00000286231,0.0
ENSG00000287450,0.0
ENSG00000286015,0.0
ENSG00000286905,0.0
5S_rRNA,0.0
ENSG00000288535,0.0
ENSG00000284932,0.0
ANAPC1P2,0.0
ENSG00000288437,0.0
BMS1P23,0.0
ENSG00000288524,0.0
ENSG00000286058,0.0
ENSG00000285819,0.0
ENSG00000288031,0.0
CDRT15P4,0.0
SCYGR9,0.0
ENSG00000285539,0.0
PRSS43P,0.0
ENSG00000285416,0.0
ENSG00000285749,0.0
ENSG00000285708,0.0
ENSG00000285635,0.0
ENSG00000288557,0.0
ENSG00000285585,0.0
ENSG00000287977,0.0
ENSG00000286396,0.0
ENSG00000288585,0.0
ENSG00000285558,0.0
ENSG00000288576,0.0
ENSG00000288588,0.0
ENSG00000284847,0.0
ENSG00000288567,0.0
ENSG00000288563,0.0
ENSG00000287924,0.0
ENSG00000285713,0.0
ENSG00000287770,0.0
ENSG00000285745,0.0
ENSG00000285522,0.0
ENSG00000288549,0.0
ENSG00000288579,0.0
ENSG00000288539,0.0
ENSG00000288643,0.0
ENSG00000288349,0.0
LINC01949,0.0
ENSG00000287794,0.0
ACTBP4,0.0
ENSG00000287067,0.0
ENSG00000285366,0.0
PDGFRL2P,0.0
ENSG00000288615,0.0
ENSG00000288612,0.0
ENSG00000288548,0.0
ENSG00000287002,0.0
ENSG00000285216,0.0
ENSG00000285799,0.0
ENSG00000288587,0.0
ENSG00000284829,0.0
ENSG00000288564,0.0
ENSG00000288014,0.0
ENSG00000285401,0.0
ENSG00000288560,0.0
ENSG00000286215,0.0
ENSG00000288529,0.0
ENSG00000288551,0.0
ENSG00000285889,0.0
ENSG00000288520,0.0
ENSG00000288584,0.0
LNCDAT,0.0
ENSG00000285733,0.0
ENSG00000287541,0.0
ENSG00000288525,0.0
ENSG00000285702,0.0
ENSG00000285398,0.0
ENSG00000285953,0.0
ENSG00000284840,0.0
ENSG00000288635,0.0
5S_rRNA,0.0
ENSG00000285659,0.0
ENSG00000285927,0.0
ENSG00000285862,0.0
PRSS52P,0.0
ENSG00000284858,0.0
ENSG00000285880,0.0
NPBWR1,0.0
ENSG00000285791,0.0
ENSG00000285579,0.0
ENSG00000284986,0.0
ENSG00000288556,0.0
ENSG00000288586,0.0
ENSG00000285645,0.0
ENSG00000288571,0.0
ENSG00000288225,0.0
CNTNAP3P7,0.0
ENSG00000286793,0.0
ENSG00000286506,0.0
ENSG00000287800,0.0
ENSG00000286916,0.0
ENSG00000287988,0.0
ENSG00000286945,0.0
ENSG00000288575,0.0
ENSG00000288271,0.0
ENSG00000286243,0.0
ENSG00000285115,0.0
ENSG00000284763,0.0
ENSG00000284962,0.0
ENSG00000285076,0.0
ENSG00000284867,0.0
ENSG00000285370,0.0
ENSG00000288537,0.0
ENSG00000285287,0.0
ENSG00000288566,0.0
ENSG00000284951,0.0
ENSG00000285781,0.0
ENSG00000285402,0.0
SNORA74C-2,0.0
ENSG00000285837,0.0
ENSG00000288559,0.0
ENSG00000288218,0.0
ENSG00000285257,0.0
ENSG00000285932,0.0
ENSG00000287779,0.0
ENSG00000286114,0.0
ENSG00000285498,0.0
ANKRD33BP3,0.0
ENSG00000288177,0.0
ENSG00000286704,0.0
ENSG00000285388,0.0
ENSG00000288538,0.0
ZNF75CP,0.0
ENSG00000288528,0.0
ENSG00000288255,0.0
ENSG00000287846,0.0
ENSG00000285901,0.0
ENSG00000285142,0.0
ENSG00000285854,0.0
ENSG00000288532,0.0
KRT88P,0.0
ENSG00000285102,0.0
ENSG00000285528,0.0
ENSG00000285625,0.0
ENSG00000287908,0.0
ENSG00000288530,0.0
ENSG00000285030,0.0
ENSG00000286220,0.0
ENSG00000288523,0.0
ENSG00000285228,0.0
ENSG00000288542,0.0
ENSG00000288600,0.0
ENSG00000288598,0.0
ENSG00000285576,0.0
THSD1P1,0.0
ENSG00000285323,0.0
ENSG00000285746,0.0
ENSG00000288552,0.0
ENSG00000286614,0.0
NBEAP6,0.0
ENSG00000287515,0.0
DHRS4L1,0.0
ENSG00000287111,0.0
ENSG00000288610,0.0
ENSG00000284834,0.0
ENSG00000284788,0.0
OR1Q1BP,0.0
OR4H6BP,0.0
OR11J6P,0.0
OR4Q1P,0.0
OR4H6P,0.0
ENSG00000286110,0.0
ENSG00000285035,0.0
ENSG00000284783,0.0
ENSG00000288627,0.0
ENSG00000285920,0.0
ENSG00000285942,0.0
ENSG00000285117,0.0
ENSG00000288645,0.0
ENSG00000288561,0.0
ENSG00000288592,0.0
ENSG00000288604,0.0
ENSG00000284803,0.0
ENSG00000287328,0.0
ENSG00000286901,0.0
ENSG00000285303,0.0
ENSG00000285020,0.0
ENSG00000286968,0.0
ENSG00000287353,0.0
5S_rRNA,0.0
ENSG00000287194,0.0
ENSG00000287694,0.0
ZCCHC14-DT,0.0
ENSG00000285760,0.0
ENSG00000286007,0.0
ENSG00000287058,0.0
FAM106B,0.0
ENSG00000286030,0.0
ENSG00000285057,0.0
ENSG00000288605,0.0
ENSG00000288533,0.0
DYNAPP3,0.0
5S_rRNA,0.0
ENSG00000288577,0.0
ENSG00000284985,0.0
ENSG00000286155,0.0
ENSG00000286252,0.0
ENSG00000286057,0.0
ENSG00000286012,0.0
ENSG00000286267,0.0
ENSG00000286146,0.0
ENSG00000286054,0.0
ENSG00000286178,0.0
ENSG00000286149,0.0
ENSG00000286032,0.0
ENSG00000286091,0.0
ENSG00000286148,0.0
ENSG00000288536,0.0
ENSG00000288555,0.0
ENSG00000288578,0.0
ENSG00000288266,0.0
ENSG00000288593,0.0
ZNF73P,0.0
ENSG00000286406,0.0
ENSG00000285045,0.0
ENSG00000285314,0.0
ENSG00000286129,0.0
ENSG00000285690,0.0
ENSG00000285697,0.0
ENSG00000288153,0.0
ENSG00000285531,0.0
ENSG00000288540,0.0
H2AL1MP,0.0
5S_rRNA,0.0
TUSC2P2,0.0
ENSG00000288597,0.0
ENSG00000288595,0.0
GPC3-AS1,0.0
H2AQ1P,0.0
TUSC2P1,0.0
ENSG00000286120,0.0
ENSG00000286173,0.0
ENSG00000286744,0.0
FAM25EP,0.0
ENSG00000290740,0.0
ENSG00000291294,0.0
ENSG00000290553,0.0
ENSG00000288670,0.0
ENSG00000290713,0.0
ENSG00000290735,0.0
ENSG00000288053,0.0
ENSG00000289810,0.0
ENSG00000290785,0.0
ENSG00000289503,0.0
ENSG00000290948,0.0
ENSG00000291030,0.0
YWHAEP7,0.0
CYP4Z2P,0.0
OR7E11P,0.0
TBC1D3P5,0.0
TEKT4P2,0.0
PLCXD1,0.0
GTPBP6,0.0
LINC00685,0.0
PPP2R3B,0.0
FABP5P13,0.0
KRT18P53,0.0
SHOX,0.0
RPL14P5,0.0
CRLF2,0.0
CSF2RA,0.0
MIR3690,0.0
RNA5SP498,0.0
IL3RA,0.0
SLC25A6,0.0
LINC00106,0.0
ASMTL-AS1,0.0
ASMTL,0.0
P2RY8,0.0
AKAP17A,0.0
ASMT,0.0
DHRSX,0.0
DHRSX-IT1,0.0
ZBED1,0.0
MIR6089,0.0
CD99P1,0.0
LINC00102,0.0
CD99,0.0
AMD1P2,0.0
DPH3P2,0.0
VAMP7,0.0
IL9R,0.0
WASIR1,0.0
WASH6P,0.0
DDX11L16,0.0
FAM197Y9,0.0
TTTY16,0.0
FAM197Y3,0.0
FAM41AY2,0.0
ENSG00000285839,0.0
ENSG00000285779,0.0
ENSG00000286185,0.0
ENSG00000286088,0.0
ENSG00000285816,0.0
ENSG00000285827,0.0
ENSG00000286221,0.0
ENSG00000285897,0.0
ENSG00000285947,0.0
ENSG00000285589,0.0
ENSG00000286098,0.0
ENSG00000286132,0.0
ENSG00000285526,0.0
ENSG00000286239,0.0
ENSG00000285542,0.0
ENSG00000286165,0.0
ENSG00000286143,0.0
ENSG00000286022,0.0
ENSG00000286235,0.0
GET1-SH3BGR,0.0
SPICE1-CFAP44,0.0
ENSG00000285868,0.0
ENSG00000285978,0.0
ENSG00000286001,0.0
ENSG00000285991,0.0
ENSG00000286192,0.0
ENSG00000285772,0.0
ENSG00000285982,0.0
ENSG00000285655,0.0
KYAT1,0.0
ENSG00000285602,0.0
ENSG00000285547,0.0
ENSG00000286268,0.0
ENSG00000288690,0.0
ENSG00000288686,0.0
ELOA3DP,0.0
ELOA3P,0.0
ENSG00000287856,0.0
ENSG00000288644,0.0
ENSG00000288629,0.0
ENSG00000288626,0.0
ENSG00000288674,0.0
ENSG00000288636,0.0
ENSG00000288678,0.0
ENSG00000288723,0.0
ENSG00000285959,0.0
ENSG00000286600,0.0
ENSG00000289565,0.0
ENSG00000285851,0.0
ENSG00000289466,0.0
ENSG00000288925,0.0
ENSG00000289341,0.0
ENSG00000288862,0.0
ENSG00000289483,0.0
ENSG00000288760,0.0
ENSG00000289457,0.0
ENSG00000289602,0.0
ENSG00000289377,0.0
ENSG00000288835,0.0
ENSG00000289055,0.0
ENSG00000289408,0.0
ENSG00000289484,0.0
ENSG00000288738,0.0
ENSG00000288955,0.0
ENSG00000289273,0.0
ENSG00000288804,0.0
ENSG00000289573,0.0
ENSG00000289402,0.0
ENSG00000289288,0.0
ENSG00000289103,0.0
ENSG00000289589,0.0
ENSG00000289432,0.0
ENSG00000289367,0.0
ENSG00000289041,0.0
ENSG00000289544,0.0
ENSG00000289576,0.0
ENSG00000289880,0.0
ENSG00000289452,0.0
ENSG00000289348,0.0
ENSG00000289355,0.0
ENSG00000288927,0.0
ENSG00000289610,0.0
ZNF496-DT,0.0
ENSG00000288775,0.0
ENSG00000289099,0.0
LSP1P5,0.0
ENSG00000289439,0.0
ENSG00000289071,0.0
ENSG00000288934,0.0
ENSG00000289062,0.0
ENSG00000289426,0.0
ENSG00000289318,0.0
ENSG00000289291,0.0
ENSG00000289141,0.0
ENSG00000288999,0.0
ENSG00000289582,0.0
ENSG00000289394,0.0
ENSG00000288822,0.0
ENSG00000289612,0.0
ENSG00000289114,0.0
ENSG00000289407,0.0
ENSG00000289305,0.0
ENSG00000289057,0.0
ENSG00000289106,0.0
ENSG00000289212,0.0
ENSG00000288826,0.0
ENSG00000289014,0.0
ENSG00000288880,0.0
ENSG00000289121,0.0
ENSG00000288803,0.0
ENSG00000288736,0.0
ENSG00000289419,0.0
ENSG00000289554,0.0
ENSG00000289566,0.0
ENSG00000289192,0.0
ENSG00000289642,0.0
ENSG00000289581,0.0
ENSG00000289628,0.0
ENSG00000289380,0.0
ENSG00000289425,0.0
ENSG00000285859,0.0
ENSG00000285846,0.0
MLDHR,0.0
ENSG00000289258,0.0
ENSG00000289325,0.0
ENSG00000289487,0.0
ENSG00000289143,0.0
ENSG00000289444,0.0
ENSG00000289585,0.0
ENSG00000288823,0.0
ENSG00000288893,0.0
ENSG00000289592,0.0
ZEBTR,0.0
ENSG00000288874,0.0
ENSG00000289280,0.0
ENSG00000289597,0.0
ENSG00000289239,0.0
ENSG00000289400,0.0
ENSG00000289087,0.0
ENSG00000289633,0.0
ENSG00000289441,0.0
ENSG00000288938,0.0
ENSG00000288755,0.0
ENSG00000288875,0.0
ENSG00000289301,0.0
ENSG00000288922,0.0
ENSG00000289350,0.0
ENSG00000289299,0.0
DDIT4-AS1,0.0
ENSG00000288987,0.0
ENSG00000289126,0.0
ENSG00000289427,0.0
ENSG00000289616,0.0
ENSG00000289158,0.0
ENSG00000289266,0.0
ENSG00000289362,0.0
ENSG00000289580,0.0
ENSG00000289607,0.0
ENSG00000288915,0.0
ENSG00000288844,0.0
ENSG00000289039,0.0
ENSG00000289395,0.0
ENSG00000288933,0.0
ENSG00000289193,0.0
ENSG00000289527,0.0
ENSG00000289188,0.0
ENSG00000289363,0.0
ENSG00000289270,0.0
ENSG00000288918,0.0
ENSG00000289092,0.0
ENSG00000289528,0.0
ENSG00000288757,0.0
ENSG00000289328,0.0
HECTD2-AS1,0.0
ENSG00000289386,0.0
ENSG00000288534,0.0
ENSG00000288681,0.0
ENSG00000285338,0.0
ENSG00000287725,0.0
ENSG00000289116,0.0
ENSG00000289499,0.0
ENSG00000289553,0.0
ENSG00000288833,0.0
ENSG00000289231,0.0
ENSG00000289526,0.0
ENSG00000289230,0.0
ENSG00000289631,0.0
ENSG00000289518,0.0
ENSG00000289339,0.0
ENSG00000289093,0.0
ENSG00000289150,0.0
ENSG00000289560,0.0
ENSG00000289232,0.0
ENSG00000289259,0.0
IUR1,0.0
ENSG00000288907,0.0
ENSG00000289398,0.0
ENSG00000289223,0.0
ENSG00000289383,0.0
COX8BP,0.0
ENSG00000288975,0.0
ENSG00000288853,0.0
ENSG00000289621,0.0
ENSG00000289562,0.0
ENSG00000288809,0.0
ENSG00000289124,0.0
ENSG00000289074,0.0
ENSG00000289343,0.0
ENSG00000289391,0.0
ENSG00000289268,0.0
ENSG00000289399,0.0
ENSG00000289058,0.0
ENSG00000289468,0.0
ENSG00000288852,0.0
ENSG00000288663,0.0
ENSG00000288665,0.0
ENSG00000288591,0.0
ENSG00000288623,0.0
ENSG00000289605,0.0
ENSG00000288710,0.0
ENSG00000289311,0.0
ENSG00000288744,0.0
ENSG00000289218,0.0
ENSG00000289309,0.0
ENSG00000289173,0.0
ENSG00000289105,0.0
ENSG00000289229,0.0
ENSG00000289344,0.0
ENSG00000289510,0.0
ENSG00000289595,0.0
ENSG00000289303,0.0
ENSG00000289174,0.0
ENSG00000289319,0.0
ENSG00000289046,0.0
ENSG00000288729,0.0
ENSG00000289154,0.0
ENSG00000288941,0.0
ENSG00000289384,0.0
ENSG00000289101,0.0
ENSG00000289557,0.0
ENSG00000288814,0.0
ENSG00000289387,0.0
ENSG00000288971,0.0
ENSG00000289516,0.0
ENSG00000289040,0.0
ENSG00000288984,0.0
ENSG00000289310,0.0
ENSG00000289476,0.0
ENSG00000289369,0.0
ENSG00000289401,0.0
ENSG00000289437,0.0
ENSG00000289283,0.0
ENSG00000288863,0.0
ENSG00000285764,0.0
ENSG00000288716,0.0
ENSG00000289302,0.0
ENSG00000289454,0.0
ENSG00000289594,0.0
ENSG00000289644,0.0
ENSG00000289006,0.0
ENSG00000288768,0.0
ENSG00000289217,0.0
ENSG00000289235,0.0
ENSG00000289010,0.0
ENSG00000289569,0.0
ENSG00000289354,0.0
ENSG00000289125,0.0
ENSG00000289381,0.0
ENSG00000288743,0.0
ENSG00000288767,0.0
ENSG00000289475,0.0
ENSG00000289204,0.0
ENSG00000289617,0.0
ENSG00000289332,0.0
ENSG00000288765,0.0
ENSG00000289442,0.0
ENSG00000289436,0.0
ENSG00000289290,0.0
ENSG00000289482,0.0
ENSG00000289583,0.0
ENSG00000289347,0.0
ENSG00000288797,0.0
ENSG00000289340,0.0
ENSG00000288730,0.0
ENSG00000288795,0.0
ENSG00000289278,0.0
ENSG00000289424,0.0
ENSG00000288779,0.0
ENSG00000289049,0.0
ENSG00000289111,0.0
ENSG00000289626,0.0
ENSG00000288820,0.0
ENSG00000289598,0.0
ENSG00000289495,0.0
ENSG00000289207,0.0
ENSG00000289180,0.0
ENSG00000288931,0.0
ENSG00000288762,0.0
ENSG00000289137,0.0
ENSG00000289536,0.0
ENSG00000289195,0.0
ENSG00000289523,0.0
ENSG00000288802,0.0
ENSG00000289208,0.0
ENSG00000288928,0.0
ENSG00000289098,0.0
ENSG00000288855,0.0
ENSG00000288625,0.0
ENSG00000289025,0.0
ARHGAP11A-SCG5,0.0
ENSG00000289397,0.0
ENSG00000289028,0.0
ENSG00000289289,0.0
ENSG00000289148,0.0
ENSG00000288726,0.0
ENSG00000289571,0.0
ENSG00000288872,0.0
ENSG00000289464,0.0
ENSG00000289162,0.0
ENSG00000289128,0.0
ENSG00000289277,0.0
ENSG00000289547,0.0
ENSG00000289200,0.0
ENSG00000289066,0.0
ENSG00000289525,0.0
ENSG00000289271,0.0
ENSG00000288901,0.0
ENSG00000289561,0.0
ENSG00000289522,0.0
ENSG00000289017,0.0
ENSG00000288745,0.0
ENSG00000285952,0.0
ENSG00000285628,0.0
ENSG00000288656,0.0
ENSG00000288715,0.0
ENSG00000289491,0.0
ENSG00000289281,0.0
ENSG00000289029,0.0
ENSG00000289080,0.0
ENSG00000289336,0.0
ENSG00000289222,0.0
ENSG00000289067,0.0
ENSG00000288801,0.0
ENSG00000288753,0.0
ENSG00000289551,0.0
ENSG00000289181,0.0
ENSG00000289151,0.0
ENSG00000288854,0.0
ENSG00000289423,0.0
ENSG00000289073,0.0
ENSG00000289119,0.0
ENSG00000289640,0.0
ENSG00000289618,0.0
ENSG00000289415,0.0
ENSG00000288983,0.0
ENSG00000288935,0.0
ENSG00000289004,0.0
ENSG00000288821,0.0
ENSG00000289171,0.0
ENSG00000289107,0.0
ENSG00000289023,0.0
ENSG00000289353,0.0
ENSG00000289164,0.0
ENSG00000288849,0.0
ENSG00000284876,0.0
ENSG00000288894,0.0
ENSG00000289211,0.0
ENSG00000288961,0.0
ENSG00000289252,0.0
ENSG00000288993,0.0
ENSG00000289453,0.0
ENSG00000288877,0.0
ENSG00000288807,0.0
ENSG00000289070,0.0
ENSG00000288929,0.0
ENSG00000289110,0.0
ENSG00000289599,0.0
ENSG00000289293,0.0
ENSG00000289213,0.0
ENSG00000289016,0.0
ENSG00000289024,0.0
ENSG00000288750,0.0
ENSG00000289011,0.0
ENSG00000288909,0.0
ENSG00000289140,0.0
ENSG00000288748,0.0
ENSG00000289485,0.0
ENSG00000289587,0.0
ENSG00000289021,0.0
ENSG00000290039,0.0
ENSG00000289388,0.0
ENSG00000289182,0.0
ENSG00000289371,0.0
ENSG00000289579,0.0
ENSG00000288923,0.0
ENSG00000289624,0.0
ENSG00000289064,0.0
ENSG00000288939,0.0
ENSG00000289061,0.0
ENSG00000289131,0.0
ENSG00000289550,0.0
ENSG00000288828,0.0
ENSG00000289168,0.0
ENSG00000288917,0.0
ENSG00000288800,0.0
ENSG00000288839,0.0
ENSG00000288671,0.0
ENSG00000288669,0.0
ENSG00000288704,0.0
RPSA2,0.0
ENSG00000289539,0.0
ENSG00000289378,0.0
ENSG00000289246,0.0
ENSG00000289297,0.0
ENSG00000289298,0.0
ENSG00000288731,0.0
ENSG00000289543,0.0
LINC01530,0.0
ENSG00000289254,0.0
ENSG00000288919,0.0
ENSG00000288790,0.0
ENSG00000289333,0.0
ENSG00000288742,0.0
ENSG00000288773,0.0
ENSG00000289115,0.0
ENSG00000288830,0.0
ENSG00000289030,0.0
ENSG00000289471,0.0
ENSG00000289330,0.0
ENSG00000288906,0.0
ENSG00000288942,0.0
ENSG00000288837,0.0
ENSG00000288827,0.0
ENSG00000288815,0.0
ENSG00000288899,0.0
ENSG00000289428,0.0
ENSG00000288770,0.0
ENSG00000289187,0.0
ENSG00000289102,0.0
ENSG00000288953,0.0
NCAL1,0.0
RNF228,0.0
ENSG00000288582,0.0
ENSG00000288707,0.0
ENSG00000289490,0.0
ENSG00000288958,0.0
ENSG00000288900,0.0
ENSG00000289035,0.0
ENSG00000288902,0.0
ENSG00000288937,0.0
ENSG00000288858,0.0
ENSG00000288960,0.0
ENSG00000289202,0.0
ENSG00000288857,0.0
ENSG00000289296,0.0
ENSG00000289300,0.0
ENSG00000289033,0.0
ENSG00000288866,0.0
ENSG00000289326,0.0
ENSG00000289253,0.0
ENSG00000288786,0.0
ENSG00000289389,0.0
ENSG00000289156,0.0
ENSG00000289474,0.0
ENSG00000289136,0.0
ENSG00000289191,0.0
ENSG00000288898,0.0
ENSG00000289349,0.0
ENSG00000289157,0.0
ENSG00000289556,0.0
ENSG00000289374,0.0
ENSG00000289429,0.0
ENSG00000289364,0.0
ENSG00000288886,0.0
ENSG00000289247,0.0
ENSG00000289608,0.0
ENSG00000288791,0.0
ENSG00000289018,0.0
ENSG00000288734,0.0
ENSG00000289077,0.0
ENSG00000289026,0.0
ENSG00000289410,0.0
ENSG00000289422,0.0
ENSG00000289529,0.0
ENSG00000288992,0.0
ENSG00000288732,0.0
ENSG00000289533,0.0
ENSG00000289294,0.0
ENSG00000289370,0.0
ENSG00000289002,0.0
ENSG00000289567,0.0
ENSG00000289129,0.0
ENSG00000289205,0.0
ENSG00000289065,0.0
ENSG00000288932,0.0
ENSG00000289327,0.0
ENSG00000289555,0.0
ENSG00000289261,0.0
ENSG00000289615,0.0
ENSG00000289076,0.0
SMANTIS,0.0
ENSG00000289113,0.0
ENSG00000289091,0.0
ENSG00000289463,0.0
ENSG00000289003,0.0
ENSG00000289265,0.0
ENSG00000289627,0.0
ENSG00000289013,0.0
ENSG00000289498,0.0
ENSG00000288994,0.0
ENSG00000289534,0.0
ENSG00000289272,0.0
ENSG00000289250,0.0
ENSG00000289606,0.0
ENSG00000289488,0.0
ENSG00000288948,0.0
ENSG00000288000,0.0
ENSG00000289012,0.0
ENSG00000289494,0.0
ENSG00000289183,0.0
ENSG00000289492,0.0
ENSG00000288946,0.0
ENSG00000288974,0.0
ENSG00000289236,0.0
ENSG00000289431,0.0
ENSG00000289537,0.0
ENSG00000289634,0.0
ENSG00000289199,0.0
ENSG00000289172,0.0
ENSG00000289072,0.0
ENSG00000288843,0.0
ENSG00000289577,0.0
ENSG00000289373,0.0
ENSG00000288878,0.0
ENSG00000289548,0.0
ENSG00000289505,0.0
ENSG00000289572,0.0
ENSG00000288711,0.0
ENSG00000289009,0.0
ENSG00000288885,0.0
ENSG00000289221,0.0
ENSG00000289513,0.0
ENSG00000289322,0.0
ENSG00000289445,0.0
ENSG00000289144,0.0
ENSG00000289421,0.0
ENSG00000289404,0.0
ENSG00000288842,0.0
ENSG00000289511,0.0
ENSG00000289238,0.0
ENSG00000289546,0.0
ENSG00000289001,0.0
ENSG00000289224,0.0
ENSG00000289538,0.0
FAM246C,0.0
ENSG00000288683,0.0
ENSG00000285968,0.0
ENSG00000288719,0.0
ENSG00000289517,0.0
ENSG00000288834,0.0
ENSG00000289481,0.0
ENSG00000289044,0.0
ENSG00000289489,0.0
ENSG00000288778,0.0
ENSG00000289244,0.0
ENSG00000289120,0.0
ENSG00000288811,0.0
ENSG00000289564,0.0
ENSG00000288871,0.0
ENSG00000288861,0.0
ENSG00000289292,0.0
ENSG00000288777,0.0
ENSG00000288662,0.0
ENSG00000288667,0.0
ENSG00000288698,0.0
ENSG00000288679,0.0
ENSG00000288550,0.0
ENSG00000288720,0.0
ENSG00000288717,0.0
ENSG00000288703,0.0
ENSG00000288724,0.0
ENSG00000288718,0.0
ENSG00000288713,0.0
ENSG00000289324,0.0
ENSG00000289219,0.0
ENSG00000288926,0.0
ENSG00000289063,0.0
ENSG00000289086,0.0
ENSG00000288990,0.0
ENSG00000288996,0.0
ENSG00000288787,0.0
ENSG00000288979,0.0
ENSG00000288988,0.0
ENSG00000288848,0.0
ENSG00000289409,0.0
ENSG00000289500,0.0
ENSG00000288952,0.0
ENSG00000289043,0.0
ENSG00000289451,0.0
ENSG00000289385,0.0
ENSG00000289153,0.0
ENSG00000289169,0.0
ENSG00000289641,0.0
ENSG00000289509,0.0
ENSG00000288831,0.0
ENSG00000289446,0.0
ENSG00000289450,0.0
ENSG00000289118,0.0
ENSG00000289351,0.0
ENSG00000289420,0.0
ENSG00000289460,0.0
ENSG00000289358,0.0
ENSG00000288895,0.0
ENSG00000288868,0.0
ENSG00000289165,0.0
ENSG00000289435,0.0
ENSG00000289558,0.0
ENSG00000289331,0.0
THRB-AS2,0.0
ENSG00000289078,0.0
ENSG00000288700,0.0
ENSG00000288794,0.0
ENSG00000288969,0.0
ENSG00000289507,0.0
ENSG00000289417,0.0
ENSG00000289519,0.0
ENSG00000289233,0.0
ENSG00000289396,0.0
ENSG00000289279,0.0
ENSG00000289632,0.0
ENSG00000289504,0.0
ENSG00000289138,0.0
ENSG00000288780,0.0
ENSG00000289629,0.0
ENSG00000289574,0.0
ENSG00000289134,0.0
ENSG00000288793,0.0
ENSG00000288769,0.0
ENSG00000289469,0.0
ENSG00000288589,0.0
HERC3,0.0
ENSG00000288606,0.0
ENSG00000288637,0.0
ENSG00000288692,0.0
ENSG00000288691,0.0
ENSG00000288685,0.0
ENSG00000288695,0.0
ENSG00000288796,0.0
ENSG00000289249,0.0
INKILN,0.0
ENSG00000289032,0.0
ENSG00000289019,0.0
ENSG00000288785,0.0
CHAER1,0.0
ENSG00000289532,0.0
ENSG00000289149,0.0
ENSG00000288940,0.0
ENSG00000289379,0.0
ENSG00000288998,0.0
ENSG00000289034,0.0
ENSG00000288951,0.0
ENSG00000289515,0.0
ENSG00000289496,0.0
ENSG00000289342,0.0
ENSG00000288776,0.0
ENSG00000289197,0.0
ENSG00000289241,0.0
ENSG00000289139,0.0
ENSG00000289243,0.0
ENSG00000289320,0.0
ENSG00000288921,0.0
ENSG00000289201,0.0
ENSG00000289586,0.0
ENSG00000289186,0.0
ENSG00000289393,0.0
ENSG00000289643,0.0
ENSG00000289414,0.0
ENSG00000288913,0.0
ENSG00000289508,0.0
ENSG00000288728,0.0
ENSG00000288659,0.0
ENSG00000289096,0.0
ENSG00000289308,0.0
ENSG00000289520,0.0
ENSG00000289210,0.0
ENSG00000289480,0.0
ENSG00000289361,0.0
ENSG00000289392,0.0
ENSG00000289314,0.0
ENSG00000288781,0.0
ENSG00000289443,0.0
ENSG00000288888,0.0
ENSG00000288697,0.0
PDCD6-AHRR,0.0
ENSG00000288766,0.0
ENSG00000289478,0.0
ENSG00000289317,0.0
ENSG00000288758,0.0
ENSG00000289152,0.0
ENSG00000289196,0.0
ENSG00000289497,0.0
ENSG00000289462,0.0
ENSG00000288764,0.0
ENSG00000289056,0.0
ENSG00000289493,0.0
ENSG00000288892,0.0
ENSG00000289601,0.0
ENSG00000289075,0.0
ENSG00000289267,0.0
ENSG00000288774,0.0
ENSG00000288936,0.0
ENSG00000289535,0.0
ENSG00000288911,0.0
ENSG00000289088,0.0
ENSG00000288737,0.0
ENSG00000288741,0.0
ENSG00000289274,0.0
ENSG00000288799,0.0
ENSG00000288763,0.0
ENSG00000288978,0.0
ENSG00000288846,0.0
ENSG00000288883,0.0
ENSG00000288740,0.0
ENSG00000289112,0.0
ENSG00000289390,0.0
ENSG00000289170,0.0
ENSG00000289155,0.0
ENSG00000289458,0.0
ENSG00000288912,0.0
ENSG00000288967,0.0
ENSG00000289337,0.0
ENSG00000288930,0.0
ENSG00000289060,0.0
ENSG00000289260,0.0
ENSG00000289540,0.0
ENSG00000289639,0.0
ENSG00000289085,0.0
ENSG00000288890,0.0
ENSG00000289264,0.0
ENSG00000288965,0.0
ENSG00000289430,0.0
ENSG00000289054,0.0
ENSG00000289306,0.0
ENSG00000288614,0.0
ENSG00000288473,0.0
ENSG00000288646,0.0
ENSG00000288648,0.0
ENSG00000288714,0.0
ENSG00000288712,0.0
ENSG00000288708,0.0
ENSG00000288721,0.0
ENSG00000289282,0.0
ENSG00000289190,0.0
ENSG00000289501,0.0
ENSG00000289375,0.0
ENSG00000289559,0.0
ENSG00000288812,0.0
ENSG00000289178,0.0
ENSG00000289447,0.0
ENSG00000289312,0.0
ENSG00000289304,0.0
ENSG00000289368,0.0
ENSG00000288751,0.0
ENSG00000289097,0.0
ENSG00000288696,0.0
ENSG00000289372,0.0
ENSG00000289406,0.0
ENSG00000289081,0.0
ENSG00000288860,0.0
ENSG00000289020,0.0
ENSG00000289203,0.0
ENSG00000288836,0.0
ENSG00000288916,0.0
ENSG00000288970,0.0
ENSG00000289623,0.0
LINC01512,0.0
ENSG00000288805,0.0
ENSG00000289198,0.0
ENSG00000289117,0.0
ENSG00000288959,0.0
ENSG00000289376,0.0
ENSG00000289637,0.0
ENSG00000288879,0.0
ENSG00000289256,0.0
ENSG00000289286,0.0
ENSG00000289456,0.0
ENSG00000288977,0.0
ENSG00000289262,0.0
ENSG00000288747,0.0
ENSG00000289359,0.0
ENSG00000289090,0.0
ENSG00000288851,0.0
ENSG00000288887,0.0
ENSG00000288813,0.0
ENSG00000289257,0.0
ENSG00000289100,0.0
ENSG00000289047,0.0
ENSG00000288840,0.0
ENSG00000288910,0.0
ENSG00000289433,0.0
ENSG00000288845,0.0
ENSG00000289216,0.0
ENSG00000288829,0.0
ENSG00000289609,0.0
ENSG00000289045,0.0
ENSG00000289276,0.0
ENSG00000289611,0.0
ENSG00000285725,0.0
DUS4L-BCAP29,0.0
ENSG00000288620,0.0
ENSG00000288633,0.0
ENSG00000288634,0.0
ENSG00000288608,0.0
ENSG00000288640,0.0
ENSG00000289027,0.0
ENSG00000289346,0.0
ENSG00000289360,0.0
ENSG00000288914,0.0
ENSG00000289366,0.0
ENSG00000288746,0.0
ENSG00000289630,0.0
ENSG00000289108,0.0
ENSG00000289335,0.0
ENSG00000289434,0.0
ENSG00000288798,0.0
ENSG00000289578,0.0
ENSG00000289470,0.0
ENSG00000289588,0.0
ENSG00000289177,0.0
ENSG00000288962,0.0
ENSG00000289403,0.0
ENSG00000289052,0.0
FPASL,0.0
ENSG00000289189,0.0
ENSG00000289248,0.0
ENSG00000288947,0.0
ENSG00000289352,0.0
ENSG00000288976,0.0
ENSG00000289418,0.0
ENSG00000289015,0.0
ENSG00000288882,0.0
ENSG00000289251,0.0
ENSG00000289146,0.0
ENSG00000289109,0.0
ENSG00000288997,0.0
ENSG00000289438,0.0
ENSG00000289053,0.0
ENSG00000289042,0.0
ENSG00000289089,0.0
ENSG00000289345,0.0
ENSG00000289613,0.0
ENSG00000288792,0.0
ENSG00000289175,0.0
ENSG00000288973,0.0
ENSG00000288881,0.0
ENSG00000289269,0.0
HRURF,0.0
ENSG00000288761,0.0
ENSG00000288964,0.0
ENSG00000289521,0.0
ENSG00000289225,0.0
ENSG00000289461,0.0
ENSG00000289275,0.0
ENSG00000289603,0.0
ENSG00000288735,0.0
ENSG00000289316,0.0
ENSG00000289477,0.0
ENSG00000289104,0.0
ENSG00000289263,0.0
ENSG00000289473,0.0
ENSG00000289405,0.0
ENSG00000288782,0.0
ENSG00000289095,0.0
ENSG00000289050,0.0
ENSG00000289338,0.0
ENSG00000289622,0.0
ENSG00000288985,0.0
ENSG00000288752,0.0
ENSG00000289161,0.0
ENSG00000289382,0.0
ENSG00000288818,0.0
ENSG00000288756,0.0
ENSG00000289334,0.0
ENSG00000289514,0.0
ENSG00000289323,0.0
ENSG00000288897,0.0
ENSG00000289584,0.0
ENSG00000289145,0.0
ENSG00000288966,0.0
ENSG00000289284,0.0
ENSG00000289357,0.0
ENSG00000288945,0.0
ENSG00000289502,0.0
ENSG00000289094,0.0
OR4F8BP,0.0
ENSG00000288570,0.0
ENSG00000288699,0.0
ENSG00000288684,0.0
ENSG00000288694,0.0
ENSG00000288841,0.0
ENSG00000289220,0.0
ENSG00000288949,0.0
ENSG00000289159,0.0
ENSG00000289163,0.0
ENSG00000288956,0.0
ENSG00000288865,0.0
ENSG00000289459,0.0
ENSG00000289123,0.0
ENSG00000289031,0.0
ENSG00000289079,0.0
ENSG00000289166,0.0
ENSG00000289185,0.0
ENSG00000288891,0.0
ENSG00000288838,0.0
ENSG00000289552,0.0
ENSG00000289000,0.0
ENSG00000288903,0.0
ENSG00000289226,0.0
ENSG00000288727,0.0
ENSG00000289285,0.0
ENSG00000288968,0.0
ENSG00000288873,0.0
ENSG00000288989,0.0
ENSG00000289440,0.0
ENSG00000289356,0.0
ENSG00000289227,0.0
ENSG00000288924,0.0
ENSG00000288995,0.0
ENSG00000289295,0.0
ENSG00000289214,0.0
ENSG00000288876,0.0
ENSG00000288771,0.0
ENSG00000288258,0.0
ENSG00000288661,0.0
ENSG00000288680,0.0
ENSG00000288706,0.0
ENSG00000289245,0.0
ENSG00000289365,0.0
ENSG00000289570,0.0
ENSG00000288739,0.0
ENSG00000288759,0.0
ENSG00000289127,0.0
ENSG00000289068,0.0
LINC03112,0.0
ENSG00000289596,0.0
ENSG00000288817,0.0
ENSG00000289591,0.0
ENSG00000289479,0.0
ENSG00000289237,0.0
ENSG00000289038,0.0
ENSG00000289575,0.0
ENSG00000288856,0.0
ENSG00000288783,0.0
ENSG00000289287,0.0
ENSG00000289215,0.0
ENSG00000289472,0.0
ENSG00000288908,0.0
ENSG00000289449,0.0
ENSG00000288832,0.0
ENSG00000288980,0.0
ENSG00000289132,0.0
ENSG00000290774,0.0
ENSG00000289653,0.0
ENSG00000289685,0.0
ENSG00000289687,0.0
ENSG00000289688,0.0
ENSG00000289689,0.0
ENSG00000289690,0.0
ENSG00000289691,0.0
ENSG00000289692,0.0
ENSG00000289694,0.0
ENSG00000289695,0.0
ENSG00000289697,0.0
ENSG00000289698,0.0
ENSG00000289699,0.0
ENSG00000289700,0.0
ENSG00000289701,0.0
ENSG00000289702,0.0
ENSG00000289703,0.0
ENSG00000289704,0.0
ENSG00000289705,0.0
ENSG00000289706,0.0
ENSG00000289707,0.0
ENSG00000289708,0.0
ENSG00000289709,0.0
ENSG00000289710,0.0
ENSG00000289711,0.0
ENSG00000289712,0.0
ENSG00000289713,0.0
ENSG00000289714,0.0
ENSG00000289715,0.0
XNDC1N-ZNF705EP-ALG1L9P,0.0
XNDC1CP,0.0
ENSG00000289720,0.0
PYDC5,0.0
ENSG00000289723,0.0
ENSG00000289724,0.0
ENSG00000289725,0.0
ENSG00000289726,0.0
ENSG00000289727,0.0
ENSG00000289729,0.0
ENSG00000289730,0.0
ENSG00000289731,0.0
ENSG00000289732,0.0
ENSG00000289734,0.0
ENSG00000289735,0.0
ENSG00000289736,0.0
ENSG00000289739,0.0
TALAM1,0.0
ENSG00000289741,0.0
CD200R1P1,0.0
ENSG00000289744,0.0
ENSG00000289745,0.0
TARP,0.0
ENSG00000289747,0.0
ENSG00000289748,0.0
ENSG00000289750,0.0
ENSG00000289752,0.0
ENSG00000289754,0.0
ENSG00000289755,0.0
ENSG00000289756,0.0
ENSG00000289757,0.0
ENSG00000289758,0.0
ENSG00000289760,0.0
ENSG00000289761,0.0
SMIM46,0.0
ENSG00000289763,0.0
ENSG00000289764,0.0
ENSG00000289766,0.0
ENSG00000289767,0.0
ENSG00000289768,0.0
ENSG00000289788,0.0
ENSG00000289791,0.0
ENSG00000289809,0.0
FAM95A,0.0
ENSG00000289814,0.0
ENSG00000289827,0.0
ENSG00000289828,0.0
ENSG00000289829,0.0
ENSG00000289831,0.0
ENSG00000289832,0.0
ENSG00000289833,0.0
ENSG00000289834,0.0
ENSG00000289835,0.0
ENSG00000289836,0.0
ENSG00000289837,0.0
ENSG00000289838,0.0
ENSG00000289839,0.0
ENSG00000289841,0.0
ENSG00000289842,0.0
BMS1P14,0.0
ENSG00000289844,0.0
ENSG00000289845,0.0
ENSG00000289846,0.0
ENSG00000289847,0.0
ENSG00000289848,0.0
ENSG00000289849,0.0
ENSG00000289850,0.0
ENSG00000289851,0.0
ENSG00000289852,0.0
ENSG00000289853,0.0
ENSG00000289854,0.0
ENSG00000289855,0.0
ENSG00000289856,0.0
ENSG00000289857,0.0
ENSG00000289858,0.0
ENSG00000289859,0.0
ENSG00000289860,0.0
ENSG00000289861,0.0
ENSG00000289863,0.0
ENSG00000289864,0.0
ENSG00000289865,0.0
ENSG00000289866,0.0
ENSG00000289868,0.0
ENSG00000289869,0.0
ENSG00000289870,0.0
ENSG00000289871,0.0
ENSG00000289872,0.0
ENSG00000289873,0.0
ENSG00000289874,0.0
ENSG00000289875,0.0
ENSG00000289876,0.0
ENSG00000289877,0.0
ENSG00000289878,0.0
ENSG00000289879,0.0
ENSG00000289881,0.0
ENSG00000289882,0.0
ENEMAL,0.0
ENSG00000289884,0.0
ENSG00000289885,0.0
ENSG00000289886,0.0
ENSG00000289887,0.0
ENSG00000289888,0.0
ENSG00000289889,0.0
ENSG00000289890,0.0
ENSG00000289891,0.0
ENSG00000289892,0.0
ENSG00000289893,0.0
ENSG00000289894,0.0
ENSG00000289895,0.0
ENSG00000289896,0.0
ENSG00000289897,0.0
ENSG00000289898,0.0
ENSG00000289899,0.0
ENSG00000289900,0.0
ENSG00000289901,0.0
ENSG00000289902,0.0
ENSG00000289903,0.0
ENSG00000289904,0.0
LINC03024,0.0
ENSG00000289907,0.0
ENSG00000289908,0.0
ENSG00000289909,0.0
ENSG00000289910,0.0
ENSG00000289911,0.0
ENSG00000289912,0.0
ENSG00000289913,0.0
ENSG00000289914,0.0
ENSG00000289915,0.0
ENSG00000289916,0.0
ENSG00000289918,0.0
ENSG00000289921,0.0
ENSG00000289922,0.0
ENSG00000289923,0.0
ENSG00000289924,0.0
ENSG00000289925,0.0
ENSG00000289926,0.0
ENSG00000289927,0.0
ENSG00000289928,0.0
ENSG00000289929,0.0
ENSG00000289930,0.0
ENSG00000289931,0.0
ENSG00000289932,0.0
ENSG00000289933,0.0
ENSG00000289934,0.0
ENSG00000289935,0.0
ENSG00000289936,0.0
ENSG00000289937,0.0
ENSG00000289938,0.0
ENSG00000289939,0.0
ENSG00000289940,0.0
ENSG00000289941,0.0
ENSG00000289942,0.0
ENSG00000289943,0.0
ENSG00000289944,0.0
ENSG00000289945,0.0
ENSG00000289946,0.0
ENSG00000289947,0.0
ENSG00000289948,0.0
ENSG00000289949,0.0
ENSG00000289951,0.0
ENSG00000289952,0.0
ENSG00000289953,0.0
ENSG00000289954,0.0
ENSG00000289955,0.0
ENSG00000289956,0.0
ENSG00000289957,0.0
ENSG00000289959,0.0
ENSG00000289960,0.0
ENSG00000289961,0.0
ENSG00000289962,0.0
ENSG00000289963,0.0
ENSG00000289964,0.0
ENSG00000289965,0.0
ENSG00000289966,0.0
ENSG00000289967,0.0
ENSG00000289968,0.0
ENSG00000289969,0.0
ENSG00000289970,0.0
ENSG00000289971,0.0
ENSG00000289972,0.0
ENSG00000289973,0.0
ENSG00000289974,0.0
ENSG00000289976,0.0
ENSG00000289977,0.0
ENSG00000289978,0.0
ENSG00000289979,0.0
ENSG00000289980,0.0
ENSG00000289981,0.0
ENSG00000289982,0.0
ENSG00000289983,0.0
ENSG00000289984,0.0
ENSG00000289985,0.0
ENSG00000289986,0.0
ENSG00000289987,0.0
ENSG00000289989,0.0
ENSG00000289990,0.0
ENSG00000289991,0.0
ENSG00000289992,0.0
ENSG00000289993,0.0
ENSG00000289995,0.0
ENSG00000289996,0.0
ENSG00000289997,0.0
ENSG00000289998,0.0
ENSG00000289999,0.0
ENSG00000290000,0.0
ENSG00000290001,0.0
ENSG00000290002,0.0
ENSG00000290003,0.0
ENSG00000290005,0.0
ENSG00000290006,0.0
ENSG00000290007,0.0
ENSG00000290008,0.0
ENSG00000290009,0.0
ENSG00000290011,0.0
ENSG00000290012,0.0
ENSG00000290013,0.0
ENSG00000290014,0.0
ENSG00000290015,0.0
ENSG00000290016,0.0
ENSG00000290017,0.0
ENSG00000290018,0.0
ENSG00000290019,0.0
ENSG00000290020,0.0
ENSG00000290021,0.0
ENSG00000290022,0.0
ENSG00000290023,0.0
ENSG00000290024,0.0
ENSG00000290025,0.0
ENSG00000290026,0.0
ENSG00000290027,0.0
ENSG00000290028,0.0
ENSG00000290030,0.0
ENSG00000290031,0.0
ENSG00000290033,0.0
ENSG00000290034,0.0
ENSG00000290035,0.0
ENSG00000290036,0.0
ENSG00000290037,0.0
ENSG00000290040,0.0
ENSG00000290041,0.0
ENSG00000290042,0.0
ENSG00000290043,0.0
ENSG00000290044,0.0
ENSG00000290045,0.0
ENSG00000290046,0.0
ENSG00000290047,0.0
ENSG00000290048,0.0
ENSG00000290049,0.0
ENSG00000290050,0.0
ENSG00000290051,0.0
ENSG00000290052,0.0
ENSG00000290053,0.0
ENSG00000290054,0.0
ENSG00000290055,0.0
ENSG00000290056,0.0
ENSG00000290057,0.0
ENSG00000290058,0.0
ENSG00000290059,0.0
ENSG00000290060,0.0
ENSG00000290061,0.0
ENSG00000290062,0.0
ENSG00000290063,0.0
ENSG00000290064,0.0
ENSG00000290065,0.0
ENSG00000290067,0.0
ENSG00000290068,0.0
ENSG00000290069,0.0
ENSG00000290070,0.0
ENSG00000290071,0.0
ENSG00000290072,0.0
ENSG00000290073,0.0
ENSG00000290074,0.0
ENSG00000290075,0.0
ENSG00000290076,0.0
ENSG00000290077,0.0
ENSG00000290079,0.0
ENSG00000290080,0.0
ENSG00000290082,0.0
ENSG00000290083,0.0
ENSG00000290084,0.0
ENSG00000290085,0.0
ENSG00000290086,0.0
ENSG00000290087,0.0
ENSG00000290088,0.0
ENSG00000290089,0.0
ENSG00000290090,0.0
ENSG00000290092,0.0
ENSG00000290093,0.0
ENSG00000290094,0.0
ENSG00000290095,0.0
ENSG00000290096,0.0
ENSG00000290097,0.0
ENSG00000290098,0.0
ENSG00000290099,0.0
ENSG00000290102,0.0
ENSG00000290103,0.0
ENSG00000290104,0.0
ENSG00000290106,0.0
ENSG00000290107,0.0
ENSG00000290108,0.0
ENSG00000290109,0.0
ENSG00000290110,0.0
ENSG00000290111,0.0
ENSG00000290112,0.0
ENSG00000290113,0.0
ENSG00000290114,0.0
ENSG00000290115,0.0
ENSG00000290116,0.0
ENSG00000290117,0.0
ENSG00000290118,0.0
ENSG00000290119,0.0
ENSG00000290121,0.0
ENSG00000290122,0.0
ENSG00000290123,0.0
ENSG00000290125,0.0
ENSG00000290126,0.0
ENSG00000290127,0.0
GUCA1ANB-GUCA1A,0.0
ENSG00000290149,0.0
ENSG00000290162,0.0
ENSG00000290163,0.0
ENSG00000290164,0.0
ENSG00000290165,0.0
ENSG00000290166,0.0
ENSG00000290180,0.0
ENSG00000290192,0.0
ENSG00000290193,0.0
ENSG00000290199,0.0
ENSG00000290204,0.0
ENSG00000290217,0.0
ENSG00000290226,0.0
ENSG00000290230,0.0
ENSG00000290241,0.0
ENSG00000290285,0.0
ENSG00000290316,0.0
ENSG00000290319,0.0
ENSG00000290326,0.0
ENSG00000290335,0.0
ENSG00000290344,0.0
ENSG00000290357,0.0
ENSG00000290366,0.0
ENSG00000290385,0.0
ENSG00000290390,0.0
PKD1P6-NPIPP1,0.0
ENSG00000290397,0.0
ENSG00000290399,0.0
ENSG00000290404,0.0
ENSG00000290405,0.0
ENSG00000290410,0.0
ENSG00000290415,0.0
ENSG00000290421,0.0
ENSG00000290423,0.0
ENSG00000290426,0.0
ENSG00000290427,0.0
ENSG00000290429,0.0
ENSG00000290437,0.0
ENSG00000290438,0.0
ENSG00000290441,0.0
ENSG00000290450,0.0
ENSG00000290453,0.0
ENSG00000290457,0.0
ENSG00000290458,0.0
ENSG00000290460,0.0
CYP4F35P,0.0
ENSG00000290466,0.0
ENSG00000290469,0.0
SUGT1P3,0.0
ENSG00000290478,0.0
ENSG00000290479,0.0
ENSG00000290484,0.0
ENSG00000290490,0.0
ENSG00000290498,0.0
ENSG00000290507,0.0
ENSG00000290522,0.0
ENSG00000290523,0.0
ENSG00000290524,0.0
TSPAN11-AS1,0.0
ENSG00000290535,0.0
ENSG00000290536,0.0
ENSG00000290537,0.0
ENSG00000290538,0.0
ENSG00000290546,0.0
ENSG00000290547,0.0
ENSG00000290548,0.0
ENSG00000290549,0.0
ENSG00000290551,0.0
ENSG00000290556,0.0
ENSG00000290559,0.0
GUSBP3,0.0
ENSG00000290562,0.0
ENSG00000290563,0.0
ENSG00000290564,0.0
ENSG00000290565,0.0
ENSG00000290569,0.0
ENSG00000290573,0.0
ENSG00000290574,0.0
ENSG00000290576,0.0
ENSG00000290577,0.0
ENSG00000290578,0.0
ENSG00000290585,0.0
ENSG00000290588,0.0
ENSG00000290589,0.0
ENSG00000290590,0.0
ENSG00000290592,0.0
FAR2P2,0.0
ENSG00000290597,0.0
ENSG00000290600,0.0
ENSG00000290601,0.0
ENSG00000290602,0.0
ENSG00000290608,0.0
ENSG00000290612,0.0
ENSG00000290642,0.0
ENSG00000290644,0.0
ENSG00000290653,0.0
ENSG00000290654,0.0
ENSG00000290660,0.0
ENSG00000290668,0.0
ENSG00000290673,0.0
ENSG00000290674,0.0
ENSG00000290677,0.0
ENSG00000290683,0.0
ENSG00000290685,0.0
ENSG00000290686,0.0
ENSG00000290689,0.0
ENSG00000290692,0.0
ENSG00000290695,0.0
ENSG00000290698,0.0
ENSG00000290700,0.0
ENSG00000290703,0.0
ENSG00000290705,0.0
ENSG00000290711,0.0
ENSG00000290714,0.0
ZNF658B,0.0
ENSG00000290721,0.0
ENSG00000290728,0.0
ENSG00000290729,0.0
ENSG00000290732,0.0
ENSG00000290733,0.0
ENSG00000290737,0.0
ENSG00000290739,0.0
ENSG00000290744,0.0
ENSG00000290747,0.0
ENSG00000290749,0.0
ENSG00000290752,0.0
ENSG00000290753,0.0
POLR2J4,0.0
ENSG00000290762,0.0
ENSG00000290765,0.0
ENSG00000290766,0.0
ENSG00000290767,0.0
ENSG00000290769,0.0
ENSG00000290771,0.0
ENSG00000290775,0.0
ENSG00000290778,0.0
ENSG00000290781,0.0
ENSG00000290786,0.0
ENSG00000290789,0.0
ENSG00000290790,0.0
ENSG00000290792,0.0
ENSG00000290793,0.0
ENSG00000290796,0.0
NXF5,0.0
ENSG00000290799,0.0
ENSG00000290801,0.0
ENSG00000290803,0.0
ENSG00000290805,0.0
ENSG00000290808,0.0
ENSG00000290812,0.0
ENSG00000290815,0.0
ENSG00000290817,0.0
ENSG00000290821,0.0
ENSG00000290823,0.0
ENSG00000290827,0.0
ENSG00000290829,0.0
ENSG00000290830,0.0
ENSG00000290832,0.0
ENSG00000290833,0.0
FKBP6P2,0.0
ENSG00000290835,0.0
ENSG00000290839,0.0
ENSG00000290841,0.0
ENSG00000290845,0.0
ENSG00000290846,0.0
ENSG00000290848,0.0
ENSG00000290849,0.0
ENSG00000290851,0.0
ENSG00000290853,0.0
ENSG00000290854,0.0
ENSG00000290858,0.0
ENSG00000290863,0.0
ENSG00000290870,0.0
WHAMMP4,0.0
ENSG00000290879,0.0
ENSG00000290883,0.0
ENSG00000290885,0.0
ENSG00000290888,0.0
PDPR2P,0.0
ENSG00000290891,0.0
ENSG00000290895,0.0
ENSG00000290901,0.0
ENSG00000290902,0.0
ENSG00000290906,0.0
ENSG00000290907,0.0
ENSG00000290908,0.0
ENSG00000290911,0.0
ENSG00000290914,0.0
ENSG00000290916,0.0
ENSG00000290920,0.0
ENSG00000290921,0.0
ENSG00000290922,0.0
ENSG00000290924,0.0
ENSG00000290927,0.0
ENSG00000290928,0.0
ENSG00000290931,0.0
ENSG00000290933,0.0
ENSG00000290937,0.0
ENSG00000290939,0.0
ENSG00000290941,0.0
ENSG00000290947,0.0
ENSG00000290950,0.0
ENSG00000290951,0.0
ENSG00000290954,0.0
ENSG00000290955,0.0
ENSG00000290957,0.0
ENSG00000290960,0.0
FAM247A,0.0
ENSG00000290964,0.0
ENSG00000290971,0.0
ENSG00000290976,0.0
ENSG00000290981,0.0
ENSG00000290983,0.0
SEPTIN7P13,0.0
ENSG00000290991,0.0
ENSG00000290993,0.0
ENSG00000290995,0.0
ENSG00000290999,0.0
ENSG00000291000,0.0
ENSG00000291001,0.0
ENSG00000291003,0.0
ENSG00000291006,0.0
ENSG00000291007,0.0
ENSG00000291008,0.0
ENSG00000291013,0.0
ENSG00000291015,0.0
ENSG00000291017,0.0
ENSG00000291018,0.0
ENSG00000291021,0.0
ENSG00000291022,0.0
ENSG00000291024,0.0
ENSG00000291032,0.0
ENSG00000291034,0.0
ENSG00000291036,0.0
ENSG00000291037,0.0
ENSG00000291038,0.0
DHRS4L1,0.0
ENSG00000291041,0.0
ENSG00000291042,0.0
ENSG00000291044,0.0
ENSG00000291045,0.0
ENSG00000291046,0.0
ENSG00000291051,0.0
ENSG00000291054,0.0
ENSG00000291060,0.0
ENSG00000291061,0.0
ENSG00000291062,0.0
ENSG00000291063,0.0
ENSG00000291065,0.0
ENSG00000291066,0.0
ENSG00000291067,0.0
ENSG00000291068,0.0
ENSG00000291073,0.0
FRG1HP,0.0
ENSG00000291077,0.0
ENSG00000291078,0.0
SDHAP3,0.0
ENSG00000291081,0.0
ENSG00000291089,0.0
ENSG00000291094,0.0
ENSG00000291095,0.0
ENSG00000291096,0.0
ENSG00000291099,0.0
ENSG00000291100,0.0
ENSG00000291101,0.0
ENSG00000291105,0.0
ENSG00000291111,0.0
ENSG00000291112,0.0
ENSG00000291113,0.0
ENSG00000291117,0.0
ENSG00000291121,0.0
ENSG00000291124,0.0
ENSG00000291125,0.0
ENSG00000291126,0.0
ENSG00000291130,0.0
ENSG00000291131,0.0
MTMR9LP,0.0
ENSG00000291133,0.0
RABGEF1P1,0.0
ENSG00000291138,0.0
ENSG00000291142,0.0
ENSG00000291143,0.0
ENSG00000291144,0.0
ENSG00000291147,0.0
ENSG00000291149,0.0
ENSG00000291156,0.0
ENSG00000291157,0.0
ENSG00000291159,0.0
ENSG00000291166,0.0
ENSG00000291167,0.0
ANKRD19P,0.0
ENSG00000291169,0.0
ENSG00000291170,0.0
ENSG00000291171,0.0
FAUP4,0.0
ENSG00000291175,0.0
ENSG00000291176,0.0
ZNF56P,0.0
ENSG00000291178,0.0
ENSG00000291179,0.0
ENSG00000291180,0.0
FGF7P3,0.0
ENSG00000291182,0.0
ENSG00000291184,0.0
ENSG00000291185,0.0
ENSG00000291186,0.0
ENSG00000291189,0.0
ENSG00000291194,0.0
ENSG00000291195,0.0
ENSG00000291201,0.0
ENSG00000291202,0.0
ENSG00000291203,0.0
ENSG00000291205,0.0
ENSG00000291207,0.0
ENSG00000291208,0.0
ENSG00000291210,0.0
ENSG00000291211,0.0
ENSG00000291212,0.0
ENSG00000291214,0.0
ENSG00000291216,0.0
ENSG00000291218,0.0
ENSG00000291220,0.0
ENSG00000291221,0.0
ENSG00000291224,0.0
ENSG00000291225,0.0
ENSG00000291226,0.0
ENSG00000291228,0.0
ENSG00000291229,0.0
ENSG00000291231,0.0
PDE4DIPP6,0.0
ENSG00000291233,0.0
ENSG00000291234,0.0
ENSG00000291235,0.0
ENSG00000291236,0.0
ENSG00000291239,0.0
ENSG00000291240,0.0
ENSG00000291241,0.0
ENSG00000291242,0.0
ENSG00000291243,0.0
ENSG00000291250,0.0
ENSG00000291255,0.0
GOLGA8IP,0.0
ENSG00000291262,0.0
ENSG00000291264,0.0
ENSG00000291265,0.0
ENSG00000291267,0.0
ENSG00000291269,0.0
ENSG00000291276,0.0
ENSG00000291283,0.0
ENSG00000291285,0.0
ENSG00000291286,0.0
ENSG00000291293,0.0
ENSG00000291295,0.0
ENSG00000291297,0.0
ENSG00000291301,0.0
ENSG00000291325,0.0
ENSG00000291326,0.0
ENSG00000291336,0.0
ENSG00000291338,0.0
ENSG00000292246,0.0
ENSG00000292256,0.0
ENSG00000292271,0.0
ENSG00000292277,0.0
ENSG00000292285,0.0
ENSG00000292309,0.0
LINC03112,0.0
PRSS40A,0.0
FAM238A,0.0
ABCC6P1,0.0
AP1B1P1,0.0
AZGP1P1,0.0
CEACAM22P,0.0
CYP4F29P,0.0
GBP1P1,0.0
GUSBP1,0.0
ENSG00000290474,0.0
LGALS17A,0.0
LPAL2,0.0
SPESP1-NOX5,0.0
PGM5P2,0.0
PI4KAP1,0.0
ENSG00000291064,0.0
ZNF876P,0.0
FLJ43315,0.0
TTTY9A,0.0
XGY2,0.0
Metazoa_SRP,0.0
DDX11L16,0.0
ENSG00000290826,0.0
PRAMEF36P,0.0
CROCCP3,0.0
ENSG00000291072,0.0
ENSG00000290850,0.0
PPIEL,0.0
CLCA3P,0.0
ENSG00000290552,0.0
CHIAP2,0.0
ENSG00000290561,0.0
ENSG00000290904,0.0
FCGR1BP,0.0
H2BP1,0.0
EMBP1,0.0
ENSG00000290869,0.0
LINC01145,0.0
NBPF25P,0.0
ENSG00000290557,0.0
LINC00869,0.0
ENSG00000291199,0.0
GBA1LP,0.0
FMO9P,0.0
ENSG00000290909,0.0
LINC01347,0.0
OR2W5P,0.0
BIRC6-AS2,0.0
OR7E91P,0.0
ALMS1P1,0.0
ANKRD36BP2,0.0
ENSG00000290802,0.0
LSP1P5,0.0
ENSG00000290575,0.0
SULT1C5P,0.0
ENSG00000290731,0.0
ENSG00000291134,0.0
PLAC9P1,0.0
RAB6C-AS1,0.0
MED15P9,0.0
ENSG00000290599,0.0
PRSS40B,0.0
CDRT15P3,0.0
ENSG00000290929,0.0
CT75,0.0
SLC19A4P,0.0
FGD5P1,0.0
ENSG00000290932,0.0
COL6A4P1,0.0
ENSG00000290787,0.0
ENSG00000291315,0.0
ENSG00000291222,0.0
FAM86DP,0.0
ENSG00000290819,0.0
FAM86JP,0.0
AADACP1,0.0
SNHG33,0.0
NMRAL2P,0.0
SDHAP1,0.0
ENSG00000291091,0.0
ENSG00000290936,0.0
FAM86EP,0.0
ENSG00000290400,0.0
ENSG00000291282,0.0
PPBPP2,0.0
ENSG00000290776,0.0
ENSG00000290530,0.0
PMCHL2,0.0
ENSG00000290550,0.0
ENSG00000290893,0.0
PCDHB18P,0.0
ENSG00000291115,0.0
ENSG00000290935,0.0
ENSG00000290968,0.0
AACSP1,0.0
ENSG00000291193,0.0
BTN2A3P,0.0
LINC03003,0.0
HLA-V,0.0
HLA-L,0.0
ENSG00000291302,0.0
HLA-DRB6,0.0
ADCY10P1,0.0
ENSG00000290804,0.0
LINC00680,0.0
ENSG00000290584,0.0
RAET1K,0.0
TCP10L3,0.0
DPY19L2P3,0.0
RP9P,0.0
ENSG00000291029,0.0
ENSG00000290558,0.0
CCT6P3,0.0
INTS4P1,0.0
LINC03006,0.0
GTF2IRD1P1,0.0
ENSG00000291154,0.0
STAG3L4,0.0
SBDSP1,0.0
ENSG00000290998,0.0
NSUN5P2,0.0
NCF1B,0.0
GTF2IP1,0.0
NSUN5P1,0.0
PMS2P3,0.0
ENSG00000290730,0.0
ENSG00000291119,0.0
CASTOR3P,0.0
DPY19L2P2,0.0
ENSG00000290669,0.0
ENSG00000290670,0.0
ENSG00000290605,0.0
ENSG00000290761,0.0
ZNF767P,0.0
FAM86B3P,0.0
ASNSP1,0.0
LY6S,0.0
TMEM276-ZFTRAF1,0.0
TMEM276,0.0
ZNF252P,0.0
ENSG00000290482,0.0
REXO6P,0.0
ENSG00000290768,0.0
ATP8B5P,0.0
FAM95B1,0.0
ENSG00000290972,0.0
ENSG00000290586,0.0
ENSG00000290579,0.0
ENSG00000290938,0.0
ENSG00000290970,0.0
SPATA31D5P,0.0
CTSL3P,0.0
ENSG00000290881,0.0
ENSG00000290882,0.0
ENSG00000290645,0.0
MFSD14CP,0.0
ADIPINT,0.0
LRRC37A5P,0.0
ENSG00000291303,0.0
ENSG00000290889,0.0
ENSG00000290434,0.0
FAM238C,0.0
SVIL-AS1,0.0
ENSG00000290952,0.0
ENSG00000290887,0.0
HSD17B7P2,0.0
SEPTIN7P9,0.0
CCNYL2,0.0
FAM25BP,0.0
ENSG00000290913,0.0
ENSG00000290875,0.0
BMS1P1,0.0
AGAP12P,0.0
ENSG00000290899,0.0
FAM21EP,0.0
ENSG00000291043,0.0
CFL1P1,0.0
TRPC2,0.0
ENSG00000290647,0.0
ENSG00000290648,0.0
OR51H1,0.0
ENSG00000290650,0.0
ENSG00000290651,0.0
ENSG00000290652,0.0
ENSG00000290809,0.0
SAA3P,0.0
SLC25A51P4,0.0
ENSG00000290402,0.0
GRM5P1,0.0
SEPTIN7P11,0.0
ENSG00000290417,0.0
ENSG00000290411,0.0
ENSG00000290745,0.0
ENSG00000290994,0.0
ENSG00000290736,0.0
ENSG00000291249,0.0
ENSG00000290492,0.0
ENSG00000290773,0.0
CASP4LP,0.0
ENSG00000290797,0.0
ENSG00000290694,0.0
DSTNP2,0.0
FAM86FP,0.0
A2MP1,0.0
ENSG00000291254,0.0
ENSG00000291289,0.0
ENSG00000291098,0.0
ENSG00000291251,0.0
ENSG00000291252,0.0
ENSG00000291253,0.0
ENSG00000290959,0.0
OR7E47P,0.0
KRT87P,0.0
ENSG00000290967,0.0
ENSG00000290813,0.0
ENSG00000290814,0.0
ENSG00000290754,0.0
ENSG00000290896,0.0
ENSG00000292259,0.0
ENSG00000291256,0.0
ENSG00000290620,0.0
ENSG00000290234,0.0
ENSG00000290704,0.0
MRPS31P5,0.0
ENSG00000290855,0.0
ENSG00000290963,0.0
ENSG00000290807,0.0
ENSG00000290354,0.0
ENSG00000290346,0.0
ENSG00000291204,0.0
ENSG00000290702,0.0
ENSG00000290393,0.0
ADAM20P1,0.0
SERPINA13P,0.0
ENSG00000291313,0.0
ADAM6,0.0
CHEK2P2,0.0
HERC2P3,0.0
ENSG00000290347,0.0
ENSG00000291002,0.0
ENSG00000290368,0.0
ENSG00000291163,0.0
GOLGA8DP,0.0
ENSG00000290912,0.0
HERC2P9,0.0
ENSG00000290880,0.0
ENSG00000290997,0.0
ENSG00000290723,0.0
ENSG00000290886,0.0
STRCP1,0.0
CATSPER2P1,0.0
SORD2P,0.0
ENSG00000291020,0.0
ENSG00000291227,0.0
ENSG00000291009,0.0
ENSG00000290664,0.0
ENSG00000291296,0.0
ENSG00000290665,0.0
ENSG00000290667,0.0
ENSG00000290424,0.0
ENSG00000290944,0.0
ENSG00000290945,0.0
ENSG00000290946,0.0
GOLGA6L17P,0.0
ENSG00000290688,0.0
ENSG00000290690,0.0
UBE2Q2P1,0.0
LINC00933,0.0
POLGARF,0.0
UBE2Q2P13,0.0
OR4F13P,0.0
ENSG00000290822,0.0
DDX11L16,0.0
DDX11L16,0.0
ENSG00000290756,0.0
PRSS30P,0.0
ABCC6P2,0.0
ENSG00000290391,0.0
ENSG00000290386,0.0
ENSG00000291270,0.0
ENSG00000290383,0.0
ENSG00000290675,0.0
RRN3P3,0.0
OTOAP1,0.0
ENSG00000290678,0.0
ENSG00000290679,0.0
ENSG00000290693,0.0
ENSG00000291047,0.0
SMG1P5,0.0
FRG2KP,0.0
ENSG00000291271,0.0
ENSG00000291274,0.0
ENSG00000291275,0.0
ENSG00000290984,0.0
SLC6A10P,0.0
ENSG00000291268,0.0
ENSG00000290986,0.0
ENSG00000290420,0.0
ENSG00000290419,0.0
ENSG00000290413,0.0
ENSG00000291103,0.0
CES1P1,0.0
MT1JP,0.0
MT1IP,0.0
SMG1P7,0.0
ENSG00000291219,0.0
ENSG00000290455,0.0
URAHP,0.0
ENSG00000290820,0.0
ALOX12P2,0.0
ENSG00000290377,0.0
ENSG00000290977,0.0
ENSG00000290978,0.0
ENSG00000291277,0.0
ENSG00000290980,0.0
ENSG00000290655,0.0
ENSG00000290656,0.0
ENSG00000290657,0.0
ENSG00000290658,0.0
ZNF286B,0.0
TRIM16L,0.0
ENSG00000290454,0.0
ENSG00000290544,0.0
KRT16P3,0.0
ENSG00000291197,0.0
ENSG00000291198,0.0
ENSG00000290430,0.0
CCDC144NL,0.0
UBBP4,0.0
ENSG00000290973,0.0
PYY2,0.0
ENSG00000290672,0.0
ENSG00000290395,0.0
ENSG00000290975,0.0
H2BN1,0.0
NPEPPSP1,0.0
LRRC37A11P,0.0
ENSG00000291165,0.0
KRT42P,0.0
AOC4P,0.0
ENSG00000291209,0.0
TBC1D3P2,0.0
AMZ2P1,0.0
ENSG00000290646,0.0
ROCK1P1,0.0
ENSG00000291183,0.0
ENSG00000290363,0.0
ENSG00000290719,0.0
C3P1,0.0
ENSG00000290701,0.0
ENSG00000290595,0.0
GOLGA2P9,0.0
ENSG00000290606,0.0
ZNF781,0.0
WDR87BP,0.0
ENSG00000290598,0.0
ENSG00000291312,0.0
CYP2G1P,0.0
CYP2B7P,0.0
ENSG00000290609,0.0
APOC1P1,0.0
ENSG00000291145,0.0
NAPSB,0.0
KLKP1,0.0
SIGLEC17P,0.0
ENSG00000290859,0.0
ENSG00000290987,0.0
ENSG00000290755,0.0
ZNF542P,0.0
CST13P,0.0
ENSG00000290409,0.0
ENSG00000290900,0.0
DEFB122,0.0
BPIFA4P,0.0
ENSG00000290934,0.0
ENSG00000290777,0.0
ENSG00000290568,0.0
ENSG00000290581,0.0
ENSG00000291280,0.0
ABCC13,0.0
ENSG00000290416,0.0
TPTEP1,0.0
HSFY1P1,0.0
ENSG00000290982,0.0
TMEM191A,0.0
PRAMENP,0.0
ENSG00000290990,0.0
POM121L9P,0.0
CRYBB2P1,0.0
RRP7BP,0.0
CD99P1,0.0
ENSG00000291314,0.0
CA5BP1,0.0
CXXC1P1,0.0
ENSG00000290734,0.0
ENSG00000290748,0.0
ENSG00000290520,0.0
ENSG00000290743,0.0
NXF4,0.0
ENSG00000291200,0.0
ENSG00000290806,0.0
ENSG00000290892,0.0
CSAG4,0.0
ENSG00000290643,0.0
TTTY11,0.0
ENSG00000290342,0.0
FAM197Y5,0.0
FAM197Y4,0.0
ENSG00000290332,0.0
ENSG00000290378,0.0
ENSG00000290435,0.0
ENSG00000290852,0.0
XKRY,0.0
XKRYP7,0.0
BCORP1,0.0
TXLNGY,0.0
RBMY2FP,0.0
ENSG00000290348,0.0
GOLGA2P2Y,0.0
CD99P1,0.0
ELOCP24,0.0
